distance,k,i,precision,recall,mrr,mae,rmse
cosine,2,0,0.6666666666666666,0.6666666666666666,0.9305555555555556,0.11361917975007946,0.20417713430057127
euclidean,2,0,0.5277777777777778,0.5277777777777778,0.8611111111111112,0.13660591433323926,0.22161971780112974
pearson,2,0,0.6944444444444444,0.6944444444444444,0.9722222222222222,0.08635635320443423,0.19720522036296537
cosine,2,1,0.625,0.625,0.9583333333333334,0.0991610143093391,0.19902511311255985
euclidean,2,1,0.5972222222222222,0.5972222222222222,0.8888888888888888,0.10508984475296419,0.1932570945122133
pearson,2,1,0.6388888888888888,0.6388888888888888,0.9444444444444444,0.07824972448667226,0.16647972944924397
cosine,2,2,0.6388888888888888,0.6388888888888888,0.9305555555555556,0.12499685427152589,0.23033225415154665
euclidean,2,2,0.5555555555555556,0.5555555555555556,0.875,0.1350669154826513,0.23150368139301855
pearson,2,2,0.7083333333333334,0.7083333333333334,0.9861111111111112,0.08467940580584979,0.19365956188023348
cosine,2,3,0.6388888888888888,0.6388888888888888,0.9722222222222222,0.0938596645200471,0.1930517165731279
euclidean,2,3,0.5833333333333334,0.5833333333333334,0.9583333333333334,0.09079934339314803,0.17152176174897873
pearson,2,3,0.6805555555555556,0.6805555555555556,0.9861111111111112,0.09166562578029708,0.2088847841030347
cosine,2,4,0.5972222222222222,0.5972222222222222,0.9722222222222222,0.09400365159590497,0.18275731541494594
euclidean,2,4,0.5555555555555556,0.5555555555555556,0.9444444444444444,0.10993934605559325,0.18950141494945752
pearson,2,4,0.5833333333333334,0.5833333333333334,0.9722222222222222,0.08653403214169647,0.1846002872523999
cosine,2,5,0.5972222222222222,0.5972222222222222,0.9583333333333334,0.10164393054206182,0.1837080349984649
euclidean,2,5,0.5972222222222222,0.5972222222222222,0.9583333333333334,0.09879851095567678,0.16336002807522434
pearson,2,5,0.625,0.625,0.9861111111111112,0.0806056438839393,0.1613312619653181
cosine,2,6,0.6111111111111112,0.6111111111111112,0.8472222222222222,0.14122385159127165,0.30279067446250735
euclidean,2,6,0.6527777777777778,0.6527777777777778,0.8611111111111112,0.1392387995660724,0.290631204222216
pearson,2,6,0.6666666666666666,0.6666666666666666,1.0,0.1386875490555848,0.31321292542184925
cosine,2,7,0.6805555555555556,0.6805555555555556,0.9861111111111112,0.07544183959575475,0.14756967293850892
euclidean,2,7,0.6388888888888888,0.6388888888888888,0.9861111111111112,0.0946211538838149,0.16659684260404675
pearson,2,7,0.6805555555555556,0.6805555555555556,0.9722222222222222,0.07936191431921538,0.1837906745407093
cosine,2,8,0.5972222222222222,0.5972222222222222,0.9583333333333334,0.09119633611876445,0.19144427276519618
euclidean,2,8,0.5277777777777778,0.5277777777777778,0.8888888888888888,0.124365541284707,0.21260606826341216
pearson,2,8,0.6111111111111112,0.6111111111111112,1.0,0.07572105685742914,0.1986059204175413
cosine,2,9,0.625,0.625,0.9583333333333334,0.09684968416547647,0.2006619410490425
euclidean,2,9,0.5833333333333334,0.5833333333333334,0.9305555555555556,0.11523195011376644,0.1977554276932409
pearson,2,9,0.6805555555555556,0.6805555555555556,0.9861111111111112,0.07350272516678007,0.18045488618543074
cosine,2,10,0.6388888888888888,0.6388888888888888,0.875,0.10485658606934502,0.20185339651989923
euclidean,2,10,0.5416666666666666,0.5416666666666666,0.8472222222222222,0.12320633688167065,0.21132820599638014
pearson,2,10,0.6388888888888888,0.6388888888888888,0.9583333333333334,0.10667790816794923,0.2414080818377529
cosine,2,11,0.6666666666666666,0.6666666666666666,0.9305555555555556,0.1032151384413368,0.2059312905993033
euclidean,2,11,0.5972222222222222,0.5972222222222222,0.9444444444444444,0.10777020379306068,0.18990343136080573
pearson,2,11,0.6388888888888888,0.6388888888888888,0.9861111111111112,0.09434201660613238,0.22813551249938518
cosine,2,12,0.6527777777777778,0.6527777777777778,0.8888888888888888,0.10673551126823347,0.22014863688903952
euclidean,2,12,0.5555555555555556,0.5555555555555556,0.875,0.125168716341536,0.2266268840711686
pearson,2,12,0.6666666666666666,0.6666666666666666,0.9166666666666666,0.10402976052054831,0.24499357116509832
cosine,2,13,0.6527777777777778,0.6527777777777778,0.9583333333333334,0.10987817462278202,0.21248996329192343
euclidean,2,13,0.6111111111111112,0.6111111111111112,0.9166666666666666,0.11184601625568125,0.1967948262877728
pearson,2,13,0.6666666666666666,0.6666666666666666,0.9722222222222222,0.10515407664165265,0.23003133620778837
cosine,2,14,0.6666666666666666,0.6666666666666666,0.9444444444444444,0.10757414135632738,0.21955253476902326
euclidean,2,14,0.5694444444444444,0.5694444444444444,0.9583333333333334,0.11721991162807235,0.21736880139802667
pearson,2,14,0.6805555555555556,0.6805555555555556,0.9861111111111112,0.10079894327023543,0.2389348158090936
cosine,2,15,0.6805555555555556,0.6805555555555556,0.9305555555555556,0.09486522288023429,0.1978773858967738
euclidean,2,15,0.5833333333333334,0.5833333333333334,0.9722222222222222,0.09780784471482636,0.1650442780465452
pearson,2,15,0.6805555555555556,0.6805555555555556,0.9166666666666666,0.09189110057732333,0.21429984084999765
cosine,2,16,0.6388888888888888,0.6388888888888888,1.0,0.0910577221023863,0.16758895048114714
euclidean,2,16,0.6111111111111112,0.6111111111111112,0.9305555555555556,0.10603125276930091,0.1729736230993579
pearson,2,16,0.625,0.625,0.9722222222222222,0.08339695522789946,0.1970933973482968
cosine,2,17,0.6111111111111112,0.6111111111111112,0.9444444444444444,0.09305828773928985,0.1842433836271187
euclidean,2,17,0.5694444444444444,0.5694444444444444,0.9305555555555556,0.1091737034213436,0.19138541578185558
pearson,2,17,0.6111111111111112,0.6111111111111112,0.9722222222222222,0.08158720803287987,0.1858137850411612
cosine,2,18,0.6666666666666666,0.6666666666666666,0.9444444444444444,0.10567461758211659,0.19044053758420648
euclidean,2,18,0.5972222222222222,0.5972222222222222,0.9305555555555556,0.11504325209122418,0.186330133740721
pearson,2,18,0.6527777777777778,0.6527777777777778,0.9722222222222222,0.07968267773377856,0.17480209115046627
cosine,2,19,0.5833333333333334,0.5833333333333334,0.9444444444444444,0.09856582714571323,0.19425738209723797
euclidean,2,19,0.5277777777777778,0.5277777777777778,0.875,0.10150841263782409,0.1843348599473027
pearson,2,19,0.6111111111111112,0.6111111111111112,0.9722222222222222,0.08043819243723169,0.1837002011574262
