distance,k,i,precision,recall,mrr,mae,rmse
cosine,1,0,0.6470588235294118,0.6470588235294118,0.6470588235294118,0.11907877238712962,0.20894856400411493
euclidean,1,0,0.6176470588235294,0.6176470588235294,0.6176470588235294,0.12955541373079274,0.2086525655036088
pearson,1,0,0.6176470588235294,0.6176470588235294,0.6176470588235294,0.08696836498383607,0.2240206943768948
cosine,1,1,0.6588235294117647,0.5588235294117647,0.5588235294117647,0.1480352515921689,0.27674568514223274
euclidean,1,1,0.7058823529411765,0.7058823529411765,0.7058823529411765,0.14731437908763373,0.26900186094482087
pearson,1,1,0.5294117647058824,0.5294117647058824,0.5294117647058824,0.12511541769226298,0.28415553559237444
cosine,1,2,0.7941176470588235,0.7941176470588235,0.7941176470588235,0.11899405558706261,0.2181091357555789
euclidean,1,2,0.6470588235294118,0.6470588235294118,0.6470588235294118,0.14179637191380823,0.23931211302935648
pearson,1,2,0.7352941176470589,0.7352941176470589,0.7352941176470589,0.08823893470502714,0.21270964629485503
cosine,1,3,0.7270588235294118,0.6470588235294118,0.6470588235294118,0.12257860783497247,0.2384050861913813
euclidean,1,3,0.7941176470588235,0.7941176470588235,0.7941176470588235,0.12276160103582365,0.22835292172636454
pearson,1,3,0.6764705882352942,0.6764705882352942,0.6764705882352942,0.09112914220622875,0.22541389914554746
cosine,1,4,0.7764705882352942,0.6764705882352942,0.6764705882352942,0.1437977788404706,0.24192760095223967
euclidean,1,4,0.5882352941176471,0.5882352941176471,0.5882352941176471,0.15681897614722282,0.25603650772511916
pearson,1,4,0.6470588235294118,0.6470588235294118,0.6470588235294118,0.09642967387686721,0.24469355108226631
cosine,1,5,0.6176470588235294,0.6176470588235294,0.6176470588235294,0.13103213888967372,0.20616065427758065
euclidean,1,5,0.5882352941176471,0.5882352941176471,0.5882352941176471,0.13432574601040442,0.20107156412929014
pearson,1,5,0.7352941176470589,0.7352941176470589,0.7352941176470589,0.08768048406233869,0.20576360894819537
cosine,1,6,0.5588235294117647,0.5588235294117647,0.5588235294117647,0.13131093189071702,0.2515122868601235
euclidean,1,6,0.6176470588235294,0.6176470588235294,0.6176470588235294,0.1346048360670229,0.24175693860796166
pearson,1,6,0.47058823529411764,0.47058823529411764,0.47058823529411764,0.10804040949029531,0.2673481330104529
cosine,1,7,0.5,0.5,0.5,0.13439322126793746,0.2450259225334087
euclidean,1,7,0.6176470588235294,0.6176470588235294,0.6176470588235294,0.13553394307510458,0.23483155561453412
pearson,1,7,0.5294117647058824,0.5294117647058824,0.5294117647058824,0.09979517914952522,0.23714742874044148
cosine,1,8,0.6176470588235294,0.6176470588235294,0.6176470588235294,0.12788312566148805,0.23734005497119645
euclidean,1,8,0.5588235294117647,0.5588235294117647,0.5588235294117647,0.1516283525999942,0.25123172815525274
pearson,1,8,0.6470588235294118,0.6470588235294118,0.6470588235294118,0.10219271845020746,0.24233015753319984
cosine,1,9,0.7647058823529411,0.7647058823529411,0.7647058823529411,0.12534720823137901,0.190067463975482
euclidean,1,9,0.6176470588235294,0.6176470588235294,0.6176470588235294,0.14788526404660354,0.20831508790052783
pearson,1,9,0.7647058823529411,0.7647058823529411,0.7647058823529411,0.0775233291681411,0.17774820612813502
cosine,1,10,0.8235294117647058,0.8235294117647058,0.8235294117647058,0.11997103390916464,0.19298030944179698
euclidean,1,10,0.7941176470588235,0.7941176470588235,0.7941176470588235,0.13513150244189606,0.19730679375238072
pearson,1,10,0.7647058823529411,0.7647058823529411,0.7647058823529411,0.10018086668388622,0.22617816510434471
cosine,1,11,0.7352941176470589,0.7352941176470589,0.7352941176470589,0.11248713929165259,0.22402440262882578
euclidean,1,11,0.6764705882352942,0.6764705882352942,0.6764705882352942,0.13212269374106558,0.23155332134987078
pearson,1,11,0.6470588235294118,0.6470588235294118,0.6470588235294118,0.09462702890194769,0.23906619343007454
cosine,1,12,0.5882352941176471,0.5882352941176471,0.5882352941176471,0.12945856044443693,0.23250439801204628
euclidean,1,12,0.5882352941176471,0.5882352941176471,0.5882352941176471,0.13989400406056443,0.23416706340230167
pearson,1,12,0.6176470588235294,0.6176470588235294,0.6176470588235294,0.10009291509446404,0.22921585054915908
cosine,1,13,0.6470588235294118,0.6470588235294118,0.6470588235294118,0.14080686426272052,0.2643706618925213
euclidean,1,13,0.6470588235294118,0.6470588235294118,0.6470588235294118,0.15233634961335038,0.2693834195591277
pearson,1,13,0.5882352941176471,0.5882352941176471,0.5882352941176471,0.12292818683559079,0.28679571019674627
cosine,1,14,0.7058823529411765,0.7058823529411765,0.7058823529411765,0.14232541784240724,0.23329619796502427
euclidean,1,14,0.7352941176470589,0.7352941176470589,0.7352941176470589,0.1486322065665427,0.22197880560001704
pearson,1,14,0.6470588235294118,0.6470588235294118,0.6470588235294118,0.09345004303891458,0.2344734978203208
cosine,1,15,0.6470588235294118,0.6470588235294118,0.6470588235294118,0.11952810688357476,0.2116958663814686
euclidean,1,15,0.8235294117647058,0.8235294117647058,0.8235294117647058,0.12199747801364726,0.20670325870071224
pearson,1,15,0.6176470588235294,0.6176470588235294,0.6176470588235294,0.10179622453884257,0.24064503069357857
cosine,1,16,0.6764705882352942,0.6764705882352942,0.6764705882352942,0.1256616536700221,0.22445415182513026
euclidean,1,16,0.6470588235294118,0.6470588235294118,0.6470588235294118,0.14399826266994412,0.23617005258977694
pearson,1,16,0.7058823529411765,0.7058823529411765,0.7058823529411765,0.08910430744914669,0.21784237077618648
cosine,1,17,0.6764705882352942,0.6764705882352942,0.6764705882352942,0.12566839757049583,0.25237809113304
euclidean,1,17,0.6470588235294118,0.6470588235294118,0.6470588235294118,0.13828745331848702,0.26047467075320246
pearson,1,17,0.5882352941176471,0.5882352941176471,0.5882352941176471,0.10471725227637524,0.2642499959091733
cosine,1,18,0.7352941176470589,0.7352941176470589,0.7352941176470589,0.13440694179506824,0.23977715361020246
euclidean,1,18,0.6176470588235294,0.6176470588235294,0.6176470588235294,0.15392766316305181,0.25379488508789616
pearson,1,18,0.6470588235294118,0.6470588235294118,0.6470588235294118,0.09855808029771608,0.24135992196430853