distance,k,i,precision,recall,mrr,mae,rmse
cosine,3,0,0.5765765765765767,0.5765765765765767,0.9459459459459459,0.10871616545621003,0.18519705513554158
euclidean,3,0,0.44144144144144143,0.44144144144144143,0.918918918918919,0.1329225782890545,0.2057717503123301
pearson,3,0,0.5765765765765767,0.5765765765765767,1.0,0.09119958097740956,0.19665680663138274
cosine,3,1,0.5315315315315315,0.5315315315315315,0.9459459459459459,0.11989148200622841,0.23190044247866556
euclidean,3,1,0.5045045045045046,0.5045045045045046,0.9414414414414415,0.11560542222879265,0.20649953963718765
pearson,3,1,0.5495495495495496,0.5495495495495496,1.0,0.10289146952289795,0.23486629579457896
cosine,3,2,0.5675675675675675,0.5675675675675675,0.954954954954955,0.12813317568031007,0.22810921116470126
euclidean,3,2,0.5045045045045045,0.5045045045045045,0.8603603603603603,0.1468433607456098,0.23920183944773474
pearson,3,2,0.5675675675675675,0.5675675675675675,0.972972972972973,0.08742747636267585,0.18648860970588219
cosine,3,3,0.5315315315315314,0.5315315315315314,0.9504504504504506,0.12270605037422719,0.2284082026166506
euclidean,3,3,0.5225225225225225,0.5225225225225225,0.8963963963963963,0.134505705253851,0.22485665260158344
pearson,3,3,0.6036036036036037,0.6036036036036037,0.9864864864864865,0.11032349263637053,0.25449837555909854
cosine,3,4,0.5855855855855856,0.5855855855855856,0.9549549549549549,0.116912791932895,0.2273284781573114
euclidean,3,4,0.5315315315315315,0.5315315315315315,0.8828828828828829,0.13021661850802685,0.2343859516739436
pearson,3,4,0.6306306306306307,0.6306306306306307,1.0,0.09864895678720671,0.24332266632930988
cosine,3,5,0.6126126126126128,0.6126126126126128,0.9684684684684683,0.07669972837423832,0.14534530477066368
euclidean,3,5,0.5315315315315315,0.5315315315315315,0.972972972972973,0.08719803810648748,0.1485115333901382
pearson,3,5,0.6216216216216217,0.6216216216216217,0.972972972972973,0.07954270561988067,0.1833068697224945
cosine,3,6,0.5315315315315314,0.5315315315315314,1.0,0.09464142303627762,0.17394221383715233
euclidean,3,6,0.4864864864864865,0.4864864864864865,0.9279279279279278,0.10984600663499171,0.17094493383556963
pearson,3,6,0.5225225225225224,0.5225225225225224,1.0,0.07373706457944533,0.17239405791767015
cosine,3,7,0.5495495495495495,0.5495495495495495,0.9684684684684686,0.10381746755995337,0.19286311560557226
euclidean,3,7,0.5315315315315315,0.5315315315315315,0.9459459459459459,0.11783021302538682,0.20061117041991117
pearson,3,7,0.5765765765765766,0.5765765765765766,0.9864864864864865,0.09641359338187987,0.22978793540590084
cosine,3,8,0.5315315315315314,0.5315315315315314,0.972972972972973,0.11045489323485214,0.19826968848166238
euclidean,3,8,0.4954954954954955,0.4954954954954955,0.8693693693693695,0.12412091985601269,0.19890825509255367
pearson,3,8,0.5315315315315313,0.5315315315315313,0.9864864864864865,0.09555817810776579,0.20206202190595712
cosine,3,9,0.5855855855855855,0.5855855855855855,0.9864864864864865,0.11119731482950361,0.19239299001464788
euclidean,3,9,0.5675675675675675,0.5675675675675675,0.9324324324324325,0.11803792897287364,0.18738863732318295
pearson,3,9,0.5945945945945945,0.5945945945945945,1.0,0.10950689805470179,0.23516116910510543
cosine,3,10,0.5315315315315315,0.5315315315315315,0.9864864864864865,0.10707507325875838,0.1798505307009749
euclidean,3,10,0.49549549549549554,0.49549549549549554,0.9324324324324325,0.12166493952327978,0.19529822990424378
pearson,3,10,0.5855855855855856,0.5855855855855856,1.0,0.09903831279005483,0.21043576515819476
cosine,3,11,0.5495495495495496,0.5495495495495496,0.9234234234234233,0.11959359718505444,0.2438665484233518
euclidean,3,11,0.5315315315315315,0.5315315315315315,0.9009009009009009,0.12519590758359006,0.232964365426954
pearson,3,11,0.6126126126126126,0.6126126126126126,1.0,0.09497224714385435,0.24170201429279226
cosine,3,12,0.5495495495495496,0.5495495495495496,1.0,0.12386033329288715,0.239834368732048
euclidean,3,12,0.5675675675675677,0.5675675675675677,0.9324324324324325,0.13631550809433274,0.23977523975009998
pearson,3,12,0.5675675675675677,0.5675675675675677,1.0,0.1243299477787688,0.2700736653994487
cosine,3,13,0.5855855855855856,0.5855855855855856,0.981981981981982,0.10098361029043172,0.18844080333542657
euclidean,3,13,0.5405405405405407,0.5405405405405407,0.9144144144144145,0.10934128789820377,0.19011738680346416
pearson,3,13,0.6036036036036037,0.6036036036036037,1.0,0.08635185363616162,0.2077543795821271
cosine,3,14,0.5495495495495495,0.5495495495495495,1.0,0.11833954527864335,0.2045001376679117
euclidean,3,14,0.47747747747747743,0.47747747747747743,0.9414414414414413,0.12980680071767678,0.19589962780784687
pearson,3,14,0.5855855855855856,0.5855855855855856,1.0,0.10587605123447746,0.23465349510924166
cosine,3,15,0.5675675675675675,0.5675675675675675,0.9324324324324325,0.11526720512767681,0.23791038035830198
euclidean,3,15,0.5045045045045046,0.5045045045045046,0.918918918918919,0.13406494839415736,0.2317806805480485
pearson,3,15,0.5945945945945945,0.5945945945945945,1.0,0.10080061204958324,0.24523847089690257
cosine,3,16,0.5315315315315315,0.5315315315315315,0.9864864864864865,0.1015771097798815,0.189406803647308
euclidean,3,16,0.5495495495495495,0.5495495495495495,0.9009009009009009,0.11135369295968768,0.18840093801761731
pearson,3,16,0.5495495495495495,0.5495495495495495,1.0,0.09554216241027559,0.23425735976902892
cosine,3,17,0.5675675675675675,0.5675675675675675,0.9324324324324325,0.1147666356557662,0.20817076721382785
euclidean,3,17,0.4954954954954955,0.4954954954954955,0.9054054054054054,0.1200183753702887,0.20834380580194803
pearson,3,17,0.5765765765765766,0.5765765765765766,1.0,0.09237827830199852,0.21298529442509131
cosine,3,18,0.6036036036036035,0.6036036036036035,0.9684684684684686,0.11402998484439014,0.2148605500182047
euclidean,3,18,0.5315315315315314,0.5315315315315314,0.918918918918919,0.12425057924298527,0.20569206952660438
pearson,3,18,0.6036036036036037,0.6036036036036037,0.9864864864864865,0.11019196240386511,0.2536410120579569
cosine,3,19,0.5225225225225226,0.5225225225225226,0.9864864864864865,0.11984578487108687,0.20982156072536867
euclidean,3,19,0.5045045045045046,0.5045045045045046,0.9594594594594594,0.12487784338483582,0.19220320184401077
pearson,3,19,0.5315315315315315,0.5315315315315315,0.972972972972973,0.08284973639827416,0.18914569169326664
