distance,k,i,precision,recall,mrr,mae,rmse
cosine,3,0,0.5675675675675675,0.5675675675675675,1.0,0.09645942713658678,0.19091155734240056
euclidean,3,0,0.5585585585585586,0.5585585585585586,1.0,0.09350087357933554,0.16775859188408962
pearson,3,0,0.6306306306306307,0.6306306306306307,1.0,0.08572506111967965,0.19740057343809467
cosine,3,1,0.5765765765765766,0.5765765765765766,0.9684684684684683,0.103588632030707,0.22509322607710824
euclidean,3,1,0.5045045045045043,0.5045045045045043,0.9279279279279278,0.12231174665982154,0.22596118298199125
pearson,3,1,0.6216216216216216,0.6216216216216216,0.9864864864864865,0.09251744645670607,0.22950767393580598
cosine,3,2,0.5225225225225225,0.5225225225225225,0.9819819819819818,0.08595221327586042,0.17540040160207968
euclidean,3,2,0.5045045045045046,0.5045045045045046,0.9414414414414413,0.10268932124663745,0.18214856842629995
pearson,3,2,0.5675675675675675,0.5675675675675675,1.0,0.06354725199115237,0.161211702315038
cosine,3,3,0.5945945945945947,0.5945945945945947,0.954954954954955,0.10969454664876697,0.21424394096213575
euclidean,3,3,0.5045045045045046,0.5045045045045046,0.954954954954955,0.11997749784357487,0.20343847308653265
pearson,3,3,0.6126126126126127,0.6126126126126127,0.9864864864864865,0.09093470497308481,0.22371048959277598
cosine,3,4,0.5945945945945947,0.5945945945945947,0.9864864864864865,0.09109943743145137,0.19922065006498652
euclidean,3,4,0.5495495495495495,0.5495495495495495,0.9594594594594594,0.10486696299513537,0.1882547382656885
pearson,3,4,0.5945945945945947,0.5945945945945947,0.9864864864864865,0.09134336591530562,0.23925905894758584
cosine,3,5,0.6036036036036038,0.6036036036036038,0.9324324324324325,0.10173680229566555,0.20280580937359446
euclidean,3,5,0.5405405405405407,0.5405405405405407,0.9324324324324325,0.1257796064335164,0.21852665842120986
pearson,3,5,0.6036036036036038,0.6036036036036038,0.9864864864864865,0.08917317800675235,0.21863880761198937
cosine,3,6,0.5765765765765766,0.5765765765765766,0.9549549549549549,0.1039048193554892,0.22356944781667384
euclidean,3,6,0.5495495495495495,0.5495495495495495,0.954954954954955,0.11313496769208385,0.21633907949983006
pearson,3,6,0.5855855855855855,0.5855855855855855,1.0,0.09198400832871025,0.23078490887024963
cosine,3,7,0.5315315315315315,0.5315315315315315,0.954954954954955,0.10096648189049856,0.20305163041922172
euclidean,3,7,0.5135135135135134,0.5135135135135134,0.954954954954955,0.11317151246165703,0.19933358236684529
pearson,3,7,0.5855855855855856,0.5855855855855856,0.9864864864864865,0.08301697231014873,0.21035988107350348
cosine,3,8,0.5405405405405407,0.5405405405405407,0.9414414414414413,0.11377385682725093,0.23258992442368143
euclidean,3,8,0.5315315315315315,0.5315315315315315,0.9009009009009008,0.12449678189938926,0.230901883718347
pearson,3,8,0.5945945945945947,0.5945945945945947,1.0,0.10054683827432755,0.2471037804093947
cosine,3,9,0.4864864864864865,0.4864864864864865,0.9459459459459459,0.10799258614144026,0.20894593626833324
euclidean,3,9,0.5495495495495495,0.5495495495495495,0.9279279279279278,0.11218880626816645,0.20166550975570044
pearson,3,9,0.5315315315315315,0.5315315315315315,1.0,0.08423958312479445,0.19555621785306318
cosine,3,10,0.6216216216216217,0.6216216216216217,0.9864864864864865,0.10149831187465147,0.21533849181421408
euclidean,3,10,0.5855855855855856,0.5855855855855856,0.9594594594594594,0.10979898222180157,0.21204171303139738
pearson,3,10,0.5855855855855856,0.5855855855855856,1.0,0.09685150522072765,0.2531192526071441
cosine,3,11,0.5675675675675675,0.5675675675675675,0.9414414414414413,0.12704157394468982,0.23946003772011124
euclidean,3,11,0.5225225225225224,0.5225225225225224,0.9414414414414413,0.13719640786248322,0.24279221461438869
pearson,3,11,0.5945945945945946,0.5945945945945946,1.0,0.09025853902929273,0.2252487369373525
cosine,3,12,0.5855855855855856,0.5855855855855856,0.9594594594594594,0.09443583665732778,0.195177276051614
euclidean,3,12,0.5315315315315315,0.5315315315315315,0.9234234234234235,0.10779733669904373,0.18799639788360192
pearson,3,12,0.6126126126126128,0.6126126126126128,1.0,0.07503463581503528,0.1931202240214845
cosine,3,13,0.5945945945945945,0.5945945945945945,0.9684684684684686,0.12008418448245682,0.216696546734121
euclidean,3,13,0.5585585585585586,0.5585585585585586,0.9684684684684686,0.12731950435505204,0.20795624848854766
pearson,3,13,0.5945945945945947,0.5945945945945947,1.0,0.12217277257904756,0.2668784663111391
cosine,3,14,0.6666666666666667,0.6666666666666667,0.9414414414414415,0.11975185781778727,0.2291899098160309
euclidean,3,14,0.5675675675675675,0.5675675675675675,0.9234234234234235,0.12306321686274342,0.2281919161737165
pearson,3,14,0.5945945945945946,0.5945945945945946,1.0,0.1189007450365149,0.2698296916213518
cosine,3,15,0.5675675675675675,0.5675675675675675,1.0,0.09521858767190779,0.16830464658844768
euclidean,3,15,0.5405405405405406,0.5405405405405406,0.9594594594594594,0.1049104046403495,0.18314051505219434
pearson,3,15,0.6036036036036037,0.6036036036036037,1.0,0.07854022126321539,0.1810898562229791
cosine,3,16,0.5405405405405407,0.5405405405405407,0.972972972972973,0.08343142636201008,0.16043777618714755
euclidean,3,16,0.49549549549549554,0.49549549549549554,0.9324324324324325,0.09043153522441452,0.16578918545548532
pearson,3,16,0.5675675675675677,0.5675675675675677,0.9864864864864865,0.08569017096326306,0.21241585123467513
cosine,3,17,0.5855855855855857,0.5855855855855857,0.9684684684684683,0.11579790550846301,0.2265048990050252
euclidean,3,17,0.5225225225225225,0.5225225225225225,0.9324324324324325,0.1247648087380803,0.21948476599127975
pearson,3,17,0.6036036036036038,0.6036036036036038,1.0,0.1051316137210229,0.22222238011959364
cosine,3,18,0.5765765765765767,0.5765765765765767,0.972972972972973,0.10807066829181573,0.22043701124610468
euclidean,3,18,0.5675675675675675,0.5675675675675675,0.972972972972973,0.11745402434634165,0.205016178195886
pearson,3,18,0.5945945945945947,0.5945945945945947,1.0,0.10058656852029178,0.24570287898185467
cosine,3,19,0.5675675675675675,0.5675675675675675,0.9549549549549549,0.11064105768927601,0.23220803964591247
euclidean,3,19,0.5135135135135135,0.5135135135135135,0.9504504504504504,0.11753867590660354,0.20926360534705699
pearson,3,19,0.5675675675675675,0.5675675675675675,0.9864864864864865,0.08886891195705575,0.21903752803013057
