distance,k,i,precision,recall,mrr,mae,rmse
cosine,1,0,0.6756756756756757,0.6756756756756757,0.6756756756756757,0.11119824588145018,0.19013004108551626
euclidean,1,0,0.7027027027027027,0.7027027027027027,0.7027027027027027,0.14118496251055246,0.21458569139081698
pearson,1,0,0.6486486486486487,0.6486486486486487,0.6486486486486487,0.07351577961652195,0.15831308151083281
cosine,1,1,0.7297297297297297,0.7297297297297297,0.7297297297297297,0.10179101835186226,0.1876191702787083
euclidean,1,1,0.7297297297297297,0.7297297297297297,0.7297297297297297,0.11581170937919023,0.18678009043688293
pearson,1,1,0.7297297297297297,0.7297297297297297,0.7297297297297297,0.07559000383238006,0.171441775585965
cosine,1,2,0.7837837837837838,0.7837837837837838,0.7837837837837838,0.11444500719063777,0.18935755597058215
euclidean,1,2,0.6756756756756757,0.6756756756756757,0.6756756756756757,0.14043093095720824,0.21399626963464494
pearson,1,2,0.7837837837837838,0.7837837837837838,0.7837837837837838,0.08436649517605517,0.18435339960491132
cosine,1,3,0.6216216216216216,0.6216216216216216,0.6216216216216216,0.12363542950027341,0.22481490731317627
euclidean,1,3,0.7027027027027027,0.7027027027027027,0.7027027027027027,0.1294232584374646,0.2200104452526426
pearson,1,3,0.6486486486486487,0.6486486486486487,0.6486486486486487,0.09998326618819407,0.22105161484539365
cosine,1,4,0.8378378378378378,0.8378378378378378,0.8378378378378378,0.09352048927170067,0.15906588079301243
euclidean,1,4,0.8108108108108109,0.8108108108108109,0.8108108108108109,0.11341847404960907,0.17059086062616668
pearson,1,4,0.7837837837837838,0.7837837837837838,0.7837837837837838,0.0725652353899544,0.17280112839128123
cosine,1,5,0.7297297297297297,0.7297297297297297,0.7297297297297297,0.09752819801712871,0.16984996368477573
euclidean,1,5,0.6756756756756757,0.6756756756756757,0.6756756756756757,0.1217769809134518,0.19420820864467342
pearson,1,5,0.7027027027027027,0.7027027027027027,0.7027027027027027,0.08106012327255678,0.17173950233401664
cosine,1,8,0.7297297297297297,0.7297297297297297,0.7297297297297297,0.11176751164768627,0.21006377175771715
euclidean,1,8,0.6486486486486487,0.6486486486486487,0.6486486486486487,0.13188151556782382,0.22185139203322635
pearson,1,8,0.6756756756756757,0.6756756756756757,0.6756756756756757,0.1059100660041701,0.22357864516096404
cosine,1,9,0.7567567567567568,0.7567567567567568,0.7567567567567568,0.1131755592701319,0.2029374190021701
euclidean,1,9,0.7837837837837838,0.7837837837837838,0.7837837837837838,0.12473601211847642,0.20454805178934526
pearson,1,9,0.7027027027027027,0.7027027027027027,0.7027027027027027,0.08758724757940356,0.2075216403034252
cosine,1,10,0.6486486486486487,0.6486486486486487,0.6486486486486487,0.12561285429898733,0.21836168307743192
euclidean,1,10,0.7027027027027027,0.7027027027027027,0.7027027027027027,0.13090387373452686,0.21155317904176868
pearson,1,10,0.5945945945945946,0.5945945945945946,0.5945945945945946,0.10225542601936705,0.2299008064537886
cosine,1,11,0.6756756756756757,0.6756756756756757,0.6756756756756757,0.11871962124488769,0.21334520918213112
euclidean,1,11,0.6486486486486487,0.6486486486486487,0.6486486486486487,0.14159584902358305,0.22614045852272593
pearson,1,11,0.6486486486486487,0.6486486486486487,0.6486486486486487,0.08266624924492733,0.18969248680181522
cosine,1,12,0.6216216216216216,0.6216216216216216,0.6216216216216216,0.12084590617803444,0.23025054399599013
euclidean,1,12,0.6756756756756757,0.6756756756756757,0.6756756756756757,0.12571547962916796,0.2296483171883937
pearson,1,12,0.4864864864864865,0.4864864864864865,0.4864864864864865,0.10135903591636573,0.23999573910621452
cosine,1,13,0.6486486486486487,0.6486486486486487,0.6486486486486487,0.12303418907132702,0.25260139848081686
euclidean,1,13,0.5945945945945946,0.5945945945945946,0.5945945945945946,0.14337488164286238,0.26290756352546873
pearson,1,13,0.5945945945945946,0.5945945945945946,0.5945945945945946,0.10435222835072021,0.2555548401881308
cosine,1,14,0.6486486486486487,0.6486486486486487,0.6486486486486487,0.1158413151760079,0.21831404572189095
euclidean,1,14,0.6486486486486487,0.6486486486486487,0.6486486486486487,0.13329465778344995,0.22413105920097304
pearson,1,14,0.6486486486486487,0.6486486486486487,0.6486486486486487,0.09391646491496543,0.22569043728203048
cosine,1,15,0.5405405405405406,0.5405405405405406,0.5405405405405406,0.1195652533213672,0.23622665431701353
euclidean,1,15,0.5405405405405406,0.5405405405405406,0.5405405405405406,0.13210266362288217,0.24207667289910292
pearson,1,15,0.43243243243243246,0.43243243243243246,0.43243243243243246,0.11170985061552108,0.2548459131729722
cosine,1,16,0.6756756756756757,0.6756756756756757,0.6756756756756757,0.12193115733838543,0.22056786866997233
euclidean,1,16,0.6216216216216216,0.6216216216216216,0.6216216216216216,0.12721612206563,0.21304200553881128
pearson,1,16,0.6756756756756757,0.6756756756756757,0.6756756756756757,0.0888808384932625,0.2131135266922885
cosine,1,17,0.6486486486486487,0.6486486486486487,0.6486486486486487,0.11834445702795243,0.21180151836547348
euclidean,1,17,0.5945945945945946,0.5945945945945946,0.5945945945945946,0.1315211186859944,0.2174468144544657
pearson,1,17,0.5945945945945946,0.5945945945945946,0.5945945945945946,0.09360820572445921,0.21704315083208311
cosine,1,18,0.7027027027027027,0.7027027027027027,0.7027027027027027,0.11213804844472386,0.19478871528849437
euclidean,1,18,0.6486486486486487,0.6486486486486487,0.6486486486486487,0.12476524377719454,0.1904089644638254
pearson,1,18,0.7567567567567568,0.7567567567567568,0.7567567567567568,0.08160271234843876,0.18040861912056813
cosine,1,19,0.6216216216216216,0.6216216216216216,0.6216216216216216,0.13269864563381206,0.22515403687745528
euclidean,1,19,0.5675675675675675,0.5675675675675675,0.5675675675675675,0.14127393532958055,0.21774435015568566
pearson,1,19,0.6216216216216216,0.6216216216216216,0.6216216216216216,0.09401074290319827,0.2133012766276592
