distance,k,i,precision,recall,mrr,mae,rmse
cosine,2,0,0.6216216216216216,0.6216216216216216,0.9459459459459459,0.11406272205109075,0.226807394335691
euclidean,2,0,0.581081081081081,0.581081081081081,0.9459459459459459,0.13230412895686472,0.2349337319275535
pearson,2,0,0.6216216216216216,0.6216216216216216,0.9864864864864865,0.11190541301403847,0.2647059120266214
cosine,2,1,0.6216216216216216,0.6216216216216216,0.972972972972973,0.08403286984298805,0.174203856964234
euclidean,2,1,0.5675675675675675,0.5675675675675675,0.972972972972973,0.08558660447039085,0.15018864201364523
pearson,2,1,0.6756756756756757,0.6756756756756757,1.0,0.07245265628256707,0.1828167583540329
cosine,2,2,0.6216216216216216,0.6216216216216216,0.918918918918919,0.07984899776249724,0.15005395909090347
euclidean,2,2,0.581081081081081,0.581081081081081,0.9594594594594594,0.08527122049657025,0.15589663119821753
pearson,2,2,0.5675675675675675,0.5675675675675675,0.8918918918918919,0.0692635319897899,0.15518845242034734
cosine,2,3,0.6351351351351351,0.6351351351351351,0.9594594594594594,0.09363215993877112,0.19273082303044684
euclidean,2,3,0.6351351351351351,0.6351351351351351,0.9594594594594594,0.08816776688711526,0.16063204614296414
pearson,2,3,0.6486486486486487,0.6486486486486487,0.972972972972973,0.07335790313772791,0.16820224048762356
cosine,2,4,0.6216216216216216,0.6216216216216216,0.8918918918918919,0.12536769172555756,0.22620091218349725
euclidean,2,4,0.5405405405405406,0.5405405405405406,0.9054054054054054,0.12907156011850066,0.21087337500153028
pearson,2,4,0.6486486486486487,0.6486486486486487,0.9324324324324325,0.09649955598676577,0.22661196860664254
cosine,2,5,0.6351351351351351,0.6351351351351351,0.918918918918919,0.10889593982688361,0.22430325790477487
euclidean,2,5,0.6486486486486487,0.6486486486486487,0.9054054054054054,0.11472938901042669,0.21457431753504666
pearson,2,5,0.6486486486486487,0.6486486486486487,0.9459459459459459,0.10180914482128937,0.23448723113016687
cosine,2,6,0.6756756756756757,0.6756756756756757,0.9594594594594594,0.10064543757728875,0.19932492642342875
euclidean,2,6,0.6621621621621622,0.6621621621621622,0.972972972972973,0.10256307563888098,0.17262807478984588
pearson,2,6,0.7027027027027027,0.7027027027027027,0.972972972972973,0.07895237249389506,0.19227848987277918
cosine,2,7,0.6351351351351351,0.6351351351351351,0.9324324324324325,0.12503503253805914,0.24706154926296817
euclidean,2,7,0.5945945945945946,0.5945945945945946,0.8648648648648649,0.14497016314161967,0.26416549827470376
pearson,2,7,0.6351351351351351,0.6351351351351351,0.972972972972973,0.11207699459387828,0.26019242057760594
cosine,2,8,0.6486486486486487,0.6486486486486487,0.972972972972973,0.11471733946580845,0.2322113783303175
euclidean,2,8,0.581081081081081,0.581081081081081,0.972972972972973,0.11018770963169834,0.20311274172313817
pearson,2,8,0.6756756756756757,0.6756756756756757,0.9864864864864865,0.10208848549748689,0.2329114281245378
cosine,2,9,0.6216216216216216,0.6216216216216216,0.9459459459459459,0.11648941086294909,0.21739548937092243
euclidean,2,9,0.5675675675675675,0.5675675675675675,0.8783783783783784,0.1358830479691663,0.23718862446144068
pearson,2,9,0.6351351351351351,0.6351351351351351,0.9459459459459459,0.09073867755146293,0.20593438938988176
cosine,2,10,0.6351351351351351,0.6351351351351351,0.918918918918919,0.11716167461687935,0.23668602356707638
euclidean,2,10,0.5945945945945946,0.5945945945945946,0.9054054054054054,0.13820064116565073,0.24048599071251206
pearson,2,10,0.6351351351351351,0.6351351351351351,0.9324324324324325,0.10182853188531947,0.24681011743972642
cosine,2,11,0.6081081081081081,0.6081081081081081,0.8648648648648649,0.10783418310515931,0.23090672093592465
euclidean,2,11,0.5945945945945946,0.5945945945945946,0.9054054054054054,0.11825485494827022,0.21966911246161658
pearson,2,11,0.6081081081081081,0.6081081081081081,0.972972972972973,0.09985332729320077,0.24440931237282462
cosine,2,12,0.6891891891891891,0.6891891891891891,0.9054054054054054,0.1118105741426476,0.2416644271385423
euclidean,2,12,0.5945945945945946,0.5945945945945946,0.8513513513513513,0.12420438799214101,0.22684199484197778
pearson,2,12,0.7027027027027027,0.7027027027027027,0.972972972972973,0.09317334649285998,0.23352104200931845
cosine,2,13,0.6621621621621622,0.6621621621621622,0.972972972972973,0.0928264256634917,0.18744273723174634
euclidean,2,13,0.6351351351351351,0.6351351351351351,0.972972972972973,0.1025114499273693,0.18358361605670367
pearson,2,13,0.6891891891891891,0.6891891891891891,0.9864864864864865,0.0904177858145254,0.2350746352713297
cosine,2,14,0.6351351351351351,0.6351351351351351,0.9324324324324325,0.12277260845470038,0.2294751613688174
euclidean,2,14,0.581081081081081,0.581081081081081,0.9054054054054054,0.13844959668931728,0.24162192609507327
pearson,2,14,0.6351351351351351,0.6351351351351351,0.9459459459459459,0.11234361475337395,0.2581755859625927
cosine,2,15,0.6216216216216216,0.6216216216216216,0.918918918918919,0.11132840751402363,0.2149285167511749
euclidean,2,15,0.5675675675675675,0.5675675675675675,0.9054054054054054,0.11912256666228402,0.21120798962092344
pearson,2,15,0.6486486486486487,0.6486486486486487,0.972972972972973,0.09065797121506036,0.22511561529562812
cosine,2,16,0.6351351351351351,0.6351351351351351,0.9594594594594594,0.10279357897907025,0.1972132017200509
euclidean,2,16,0.581081081081081,0.581081081081081,0.9324324324324325,0.12671657044265353,0.22095415879497324
pearson,2,16,0.6486486486486487,0.6486486486486487,0.972972972972973,0.0784031967452251,0.19969925920974696
cosine,2,17,0.6621621621621622,0.6621621621621622,0.9324324324324325,0.12867249522507637,0.2531918777114657
euclidean,2,17,0.6081081081081081,0.6081081081081081,0.9054054054054054,0.1341975095346339,0.24631886081404028
pearson,2,17,0.6891891891891891,0.6891891891891891,1.0,0.09608570747909859,0.2326861336909099
cosine,2,18,0.6216216216216216,0.6216216216216216,0.9594594594594594,0.1188291065387148,0.23948980988168073
euclidean,2,18,0.6351351351351351,0.6351351351351351,0.9054054054054054,0.1302162598771444,0.24193718967211497
pearson,2,18,0.6081081081081081,0.6081081081081081,0.972972972972973,0.10846345038542907,0.25890223516512284
cosine,2,19,0.6621621621621622,0.6621621621621622,0.9459459459459459,0.10708905014989688,0.21832265614980173
euclidean,2,19,0.5675675675675675,0.5675675675675675,0.918918918918919,0.1208193479854042,0.22717634467067957
pearson,2,19,0.6621621621621622,0.6621621621621622,0.972972972972973,0.09327932337612771,0.22822559792605188
