distance,k,i,precision,recall,mrr,mae,rmse
cosine,2,0,0.6029411764705882,0.6029411764705882,0.8676470588235294,0.13463511498678396,0.2479749151411047
euclidean,2,0,0.5294117647058824,0.5294117647058824,0.8235294117647058,0.1421330128199362,0.24306489382646845
pearson,2,0,0.6029411764705882,0.6029411764705882,0.9705882352941176,0.08909540406147755,0.21119338369972024
cosine,2,1,0.6176470588235294,0.6176470588235294,0.9411764705882353,0.0846402907259773,0.14669173393128807
euclidean,2,1,0.5441176470588235,0.5441176470588235,0.9411764705882353,0.09790607505000594,0.16072799033437257
pearson,2,1,0.6470588235294118,0.6470588235294118,1.0,0.06613076749849005,0.16820054195329529
cosine,2,2,0.5735294117647058,0.5735294117647058,1.0,0.0947871150921486,0.1782470047697187
euclidean,2,2,0.5147058823529411,0.5147058823529411,0.8823529411764706,0.12470515826937609,0.21881173163629722
pearson,2,2,0.6029411764705882,0.6029411764705882,0.9705882352941176,0.07448350156401543,0.18605086246778582
cosine,2,3,0.6323529411764706,0.6323529411764706,0.9558823529411765,0.1168775187466985,0.21261390131557312
euclidean,2,3,0.5147058823529411,0.5147058823529411,0.8676470588235294,0.144453249985237,0.2322380343101657
pearson,2,3,0.6617647058823529,0.6617647058823529,0.9852941176470589,0.0731924600643424,0.183831203465922
cosine,2,4,0.5735294117647058,0.5735294117647058,0.9117647058823529,0.13327185605817812,0.22954014800797046
euclidean,2,4,0.5588235294117647,0.5588235294117647,0.8529411764705882,0.1577573625783182,0.26247002240631756
pearson,2,4,0.6323529411764706,0.6323529411764706,0.9705882352941176,0.09370611779838194,0.2352049780044749
cosine,2,5,0.6029411764705882,0.6029411764705882,0.8676470588235294,0.1356563323933588,0.23946735151449974
euclidean,2,5,0.5588235294117647,0.5588235294117647,0.8382352941176471,0.13810120270789294,0.2382691328135011
pearson,2,5,0.6470588235294118,0.6470588235294118,0.9705882352941176,0.0870136298566972,0.2233810546256115
cosine,2,6,0.6176470588235294,0.6176470588235294,0.9411764705882353,0.1002525318788407,0.1924831161393755
euclidean,2,6,0.6176470588235294,0.6176470588235294,0.9264705882352942,0.12008230908648912,0.21266565327941772
pearson,2,6,0.6029411764705882,0.6029411764705882,0.9705882352941176,0.09473979250628455,0.22465951043598098
cosine,2,7,0.5882352941176471,0.5882352941176471,0.8823529411764706,0.11838815767306204,0.23856550748398442
euclidean,2,7,0.5588235294117647,0.5588235294117647,0.8676470588235294,0.1344851764594682,0.24749835521925792
pearson,2,7,0.6323529411764706,0.6323529411764706,0.9852941176470589,0.08604196026095681,0.2367547022521785
cosine,2,8,0.6470588235294118,0.6470588235294118,0.8823529411764706,0.1402004649294035,0.24298047605191392
euclidean,2,8,0.5882352941176471,0.5882352941176471,0.8676470588235294,0.13354458564126398,0.22898818014018354
pearson,2,8,0.6470588235294118,0.6470588235294118,0.9705882352941176,0.09964304799230311,0.252112442776342
cosine,2,9,0.5441176470588235,0.5441176470588235,0.9411764705882353,0.12917993477590348,0.23948601160472832
euclidean,2,9,0.5735294117647058,0.5735294117647058,0.8676470588235294,0.1408988822777314,0.2407387824041052
pearson,2,9,0.6323529411764706,0.6323529411764706,0.9852941176470589,0.09553271920167901,0.2320020126651848
cosine,2,10,0.6176470588235294,0.6176470588235294,0.9117647058823529,0.12357830000509241,0.23175483975301797
euclidean,2,10,0.5882352941176471,0.5882352941176471,0.8382352941176471,0.13665017429387305,0.24098335631076873
pearson,2,10,0.6176470588235294,0.6176470588235294,0.9117647058823529,0.1105905607336306,0.254412560342838
cosine,2,11,0.5588235294117647,0.5588235294117647,0.9117647058823529,0.13646046136160647,0.22434912536068782
euclidean,2,11,0.5294117647058824,0.5294117647058824,0.8823529411764706,0.1569837305053609,0.24156251583880126
pearson,2,11,0.6323529411764706,0.6323529411764706,0.9558823529411765,0.10496649187327127,0.23068088322053762
cosine,2,12,0.5588235294117647,0.5588235294117647,0.9117647058823529,0.0884006007722914,0.17191779888346187
euclidean,2,12,0.5735294117647058,0.5735294117647058,0.8529411764705882,0.10181384745045134,0.17721247756315245
pearson,2,12,0.5882352941176471,0.5882352941176471,0.9558823529411765,0.07538225415071345,0.19127718213063524
cosine,2,13,0.5735294117647058,0.5735294117647058,0.8970588235294118,0.12096965908120941,0.21725669177552856
euclidean,2,13,0.5294117647058824,0.5294117647058824,0.8235294117647058,0.15145797008793543,0.2546525424371629
pearson,2,13,0.6617647058823529,0.6617647058823529,0.9705882352941176,0.07497106002365826,0.1946914910137963
cosine,2,14,0.6029411764705882,0.6029411764705882,0.9558823529411765,0.12587923484983082,0.20404069947771672
euclidean,2,14,0.5882352941176471,0.5882352941176471,0.8823529411764706,0.1455866243603399,0.21103787942090263
pearson,2,14,0.6323529411764706,0.6323529411764706,0.9852941176470589,0.09393058007538116,0.2263369127836307
cosine,2,15,0.5882352941176471,0.5882352941176471,0.9411764705882353,0.12806884427860318,0.2421238822826062
euclidean,2,15,0.5,0.5,0.7941176470588235,0.1563632635126735,0.2646826317211472
pearson,2,15,0.6176470588235294,0.6176470588235294,0.9852941176470589,0.10050368919266832,0.25203706792660663
cosine,2,16,0.5588235294117647,0.5588235294117647,0.9264705882352942,0.1339428407169867,0.2372913141518022
euclidean,2,16,0.5735294117647058,0.5735294117647058,0.8823529411764706,0.1422203599830726,0.2283053441750154
pearson,2,16,0.6029411764705882,0.6029411764705882,0.9411764705882353,0.09829140950914815,0.2250382844004774
cosine,2,17,0.5882352941176471,0.5882352941176471,0.9264705882352942,0.1090401916803349,0.2040324910417055
euclidean,2,17,0.5441176470588235,0.5441176470588235,0.8529411764705882,0.1233545107462414,0.20856806698900293
pearson,2,17,0.6176470588235294,0.6176470588235294,0.9558823529411765,0.09780245907685158,0.24343502982003198
cosine,2,18,0.5441176470588235,0.5441176470588235,0.9117647058823529,0.11401520965871519,0.2133610039896006
euclidean,2,18,0.5588235294117647,0.5588235294117647,0.8823529411764706,0.12438506351118259,0.21550865739451075
pearson,2,18,0.6176470588235294,0.6176470588235294,0.9852941176470589,0.08868416313155919,0.21987449763102385
cosine,2,19,0.5,0.5,0.9117647058823529,0.11462826678421154,0.22741736402669693
euclidean,2,19,0.5147058823529411,0.5147058823529411,0.8676470588235294,0.13642921696867616,0.2287820844612877
pearson,2,19,0.5735294117647058,0.5735294117647058,0.9558823529411765,0.09488044273948495,0.21758102045502564
