distance,k,i,precision,recall,mrr,mae,rmse
cosine,1,0,0.75,0.75,0.75,0.11037323636226047,0.2176467875954104
euclidean,1,0,0.75,0.75,0.75,0.13445916771140337,0.23693909161771157
pearson,1,0,0.7777777777777778,0.7777777777777778,0.7777777777777778,0.07788981878076322,0.18314959188101584
cosine,1,1,0.7222222222222222,0.7222222222222222,0.7222222222222222,0.10830118487402668,0.20375892576755553
euclidean,1,1,0.6944444444444444,0.6944444444444444,0.6944444444444444,0.12385887247107026,0.2099007787343907
pearson,1,1,0.6666666666666666,0.6666666666666666,0.6666666666666666,0.09529825219452312,0.2254417753713506
cosine,1,2,0.7222222222222222,0.7222222222222222,0.7222222222222222,0.1100235215994358,0.19860193377481178
euclidean,1,2,0.75,0.75,0.75,0.1256289237148177,0.2016762789955256
pearson,1,2,0.6388888888888888,0.6388888888888888,0.6388888888888888,0.09794998763413268,0.22138805375375772
cosine,1,3,0.6944444444444444,0.6944444444444444,0.6944444444444444,0.11191861896891633,0.2269140035939374
euclidean,1,3,0.6944444444444444,0.6944444444444444,0.6944444444444444,0.1234474959788988,0.22573159712697072
pearson,1,3,0.6388888888888888,0.6388888888888888,0.6388888888888888,0.10011496196879394,0.23847773726577476
cosine,1,5,0.7222222222222222,0.7222222222222222,0.7222222222222222,0.11272745904341884,0.20224691924157237
euclidean,1,5,0.8055555555555556,0.8055555555555556,0.8055555555555556,0.1350098153853589,0.21625737862919056
pearson,1,5,0.6666666666666666,0.6666666666666666,0.6666666666666666,0.09755070944259214,0.21765839455507316
cosine,1,6,0.75,0.75,0.75,0.10329282472728583,0.20689185952281658
euclidean,1,6,0.7222222222222222,0.7222222222222222,0.7222222222222222,0.11571150762895999,0.20832477736973318
pearson,1,6,0.6666666666666666,0.6666666666666666,0.6666666666666666,0.09475630582551386,0.2350620045433868
cosine,1,9,0.6388888888888888,0.6388888888888888,0.6388888888888888,0.12515463347267408,0.24517906543676052
euclidean,1,9,0.6944444444444444,0.6944444444444444,0.6944444444444444,0.13654930857350003,0.24880160760984696
pearson,1,9,0.5555555555555556,0.5555555555555556,0.5555555555555556,0.1118086724673215,0.26285577632699614
cosine,1,10,0.7777777777777778,0.7777777777777778,0.7777777777777778,0.11306574433262871,0.20513867615063794
euclidean,1,10,0.75,0.75,0.75,0.12811134976906205,0.2220114093504193
pearson,1,10,0.6666666666666666,0.6666666666666666,0.6666666666666666,0.09925885660453368,0.2238898376625122
cosine,1,11,0.6388888888888888,0.6388888888888888,0.6388888888888888,0.11156584826764973,0.22021908623742922
euclidean,1,11,0.6666666666666666,0.6666666666666666,0.6666666666666666,0.1331315524444237,0.22983178477180868
pearson,1,11,0.5,0.5,0.5,0.10242714492879687,0.24554698207643977
cosine,1,12,0.6944444444444444,0.6944444444444444,0.6944444444444444,0.1133090234365185,0.21223051364129092
euclidean,1,12,0.75,0.75,0.75,0.12257425401668351,0.20147416166068532
pearson,1,12,0.6944444444444444,0.6944444444444444,0.6944444444444444,0.0849734505773621,0.19626367114169876
cosine,1,13,0.6944444444444444,0.6944444444444444,0.6944444444444444,0.11492588278857892,0.214170621731133
euclidean,1,13,0.7222222222222222,0.7222222222222222,0.7222222222222222,0.12738950035967359,0.2214965843660523
pearson,1,13,0.7222222222222222,0.7222222222222222,0.7222222222222222,0.09429469759943511,0.22873512450872072
cosine,1,14,0.7044444444444444,0.6944444444444444,0.6944444444444444,0.10657725909215637,0.19397085154947225
euclidean,1,14,0.6944444444444444,0.6944444444444444,0.6944444444444444,0.12332340970221027,0.2123082127583227
pearson,1,14,0.75,0.75,0.75,0.07597413409803629,0.17119705440570995
cosine,1,15,0.6511111111111112,0.6111111111111112,0.6111111111111112,0.12461005499791003,0.23026811497642385
euclidean,1,15,0.6388888888888888,0.6388888888888888,0.6388888888888888,0.137816678147936,0.23887019270029136
pearson,1,15,0.6111111111111112,0.6111111111111112,0.6111111111111112,0.10519626684211283,0.23449774507669247
cosine,1,16,0.7388888888888888,0.6388888888888888,0.6388888888888888,0.1179642350127292,0.2213623148284109
euclidean,1,16,0.75,0.75,0.75,0.1354540315542372,0.2288792980696531
pearson,1,16,0.6833333333333334,0.5833333333333334,0.5833333333333334,0.10384815229180086,0.23110386185297488
cosine,1,17,0.7777777777777778,0.7777777777777778,0.7777777777777778,0.09910018978953991,0.1914856140855332
euclidean,1,17,0.6944444444444444,0.6944444444444444,0.6944444444444444,0.13273733334563542,0.21654889524130105
pearson,1,17,0.6944444444444444,0.6944444444444444,0.6944444444444444,0.0962501193429637,0.21533024305406825