distance,k,i,precision,recall,mrr,mae,rmse
cosine,3,0,0.5,0.5,0.8872549019607843,0.13866089094343442,0.26437896799490873
euclidean,3,0,0.48039215686274506,0.48039215686274506,0.8382352941176471,0.1508721158266426,0.2698757627403731
pearson,3,0,0.5686274509803922,0.5686274509803922,0.9705882352941176,0.12640770258826195,0.29622901178615246
cosine,3,1,0.5392156862745098,0.5392156862745098,0.9362745098039216,0.10812907629329749,0.20567851379446056
euclidean,3,1,0.48039215686274506,0.48039215686274506,0.9509803921568628,0.12007270895192744,0.2116402552295038
pearson,3,1,0.5588235294117647,0.5588235294117647,0.9705882352941176,0.09473430782999764,0.2331284904272645
cosine,3,2,0.5,0.5,0.9264705882352942,0.13436064981940268,0.264062019034228
euclidean,3,2,0.4901960784313725,0.4901960784313725,0.9117647058823529,0.1392040635818292,0.25985918030630195
pearson,3,2,0.5686274509803921,0.5686274509803921,1.0,0.11702670346257082,0.267806990168037
cosine,3,3,0.5,0.5,0.9117647058823529,0.13882363777649728,0.26116557390573153
euclidean,3,3,0.5294117647058824,0.5294117647058824,0.8382352941176471,0.1442284126681689,0.2598153499042691
pearson,3,3,0.5980392156862746,0.5980392156862746,0.9852941176470589,0.12417814208195173,0.2899008209005066
cosine,3,4,0.4901960784313725,0.4901960784313725,0.9509803921568628,0.1187574088948539,0.21400071595732548
euclidean,3,4,0.42156862745098034,0.42156862745098034,0.8676470588235294,0.141430965531843,0.23205605961416717
pearson,3,4,0.5098039215686274,0.5098039215686274,0.9852941176470589,0.09749415399136414,0.23537121028148175
cosine,3,5,0.5294117647058824,0.5294117647058824,0.9558823529411765,0.09798920100287291,0.17516024838292504
euclidean,3,5,0.5196078431372548,0.5196078431372548,0.8970588235294118,0.09936504411363674,0.18060045470544211
pearson,3,5,0.5882352941176471,0.5882352941176471,0.9852941176470589,0.08681948944634903,0.2061317239478775
cosine,3,6,0.5294117647058824,0.5294117647058824,0.9558823529411765,0.11145528360592663,0.19628720197141997
euclidean,3,6,0.5098039215686274,0.5098039215686274,0.8823529411764706,0.13848761328310472,0.22686272912399846
pearson,3,6,0.5294117647058824,0.5294117647058824,0.9852941176470589,0.0713820543566395,0.18879088615000683
cosine,3,7,0.48039215686274506,0.48039215686274506,0.946078431372549,0.11171090081560478,0.20864894423293545
euclidean,3,7,0.4607843137254901,0.4607843137254901,0.892156862745098,0.1295446969904733,0.22024656627276099
pearson,3,7,0.5784313725490197,0.5784313725490197,0.980392156862745,0.08904184592824164,0.2234363329939722
cosine,3,8,0.5,0.5,0.9705882352941176,0.1267819040198594,0.20446020095462805
euclidean,3,8,0.48039215686274506,0.48039215686274506,0.9068627450980392,0.13613956546560393,0.2041899523361856
pearson,3,8,0.5686274509803922,0.5686274509803922,1.0,0.09823188801235548,0.22938990034045173
cosine,3,9,0.5294117647058824,0.5294117647058824,0.9558823529411765,0.13327730700842008,0.23520675783813222
euclidean,3,9,0.5294117647058824,0.5294117647058824,0.8970588235294118,0.13539595618221167,0.23050428533351286
pearson,3,9,0.5882352941176471,0.5882352941176471,1.0,0.08704218641428696,0.2197438388157329
cosine,3,10,0.5392156862745099,0.5392156862745099,0.9509803921568626,0.13185197142970062,0.23650957822691646
euclidean,3,10,0.5196078431372549,0.5196078431372549,0.8872549019607843,0.1479018963900238,0.24585491942082263
pearson,3,10,0.627450980392157,0.627450980392157,0.9852941176470589,0.10546985399082467,0.2391861789820708
cosine,3,11,0.5294117647058824,0.5294117647058824,0.9705882352941176,0.10952976096416984,0.18083467987937726
euclidean,3,11,0.47058823529411753,0.47058823529411753,0.9117647058823529,0.13534544815767008,0.20161596231791967
pearson,3,11,0.5392156862745099,0.5392156862745099,1.0,0.08686427193869632,0.1942053133085424
cosine,3,12,0.5588235294117647,0.5588235294117647,0.9558823529411765,0.10827109249424345,0.21580879128751684
euclidean,3,12,0.4901960784313725,0.4901960784313725,0.9215686274509803,0.1301044801191376,0.23215469628234292
pearson,3,12,0.5980392156862746,0.5980392156862746,0.9852941176470589,0.09986020821429735,0.24602985863916452
cosine,3,13,0.4607843137254901,0.4607843137254901,1.0,0.1109601612632408,0.2111215976744021
euclidean,3,13,0.4411764705882353,0.4411764705882353,0.9362745098039216,0.12576125260430965,0.21416149066408516
pearson,3,13,0.5882352941176471,0.5882352941176471,1.0,0.08124031440337386,0.1982729021897542
cosine,3,14,0.5686274509803922,0.5686274509803922,0.9362745098039216,0.12085136981492685,0.23038672321348933
euclidean,3,14,0.48039215686274506,0.48039215686274506,0.8872549019607843,0.1474251040501021,0.24385349279172022
pearson,3,14,0.5882352941176471,0.5882352941176471,0.9852941176470589,0.10118890788409768,0.24587315007153568
cosine,3,15,0.5,0.5,0.9264705882352942,0.13437214458452817,0.2331548977946839
euclidean,3,15,0.46078431372549017,0.46078431372549017,0.9117647058823529,0.14249927954328442,0.24532183705929553
pearson,3,15,0.5294117647058824,0.5294117647058824,0.9803921568627452,0.10358327475335471,0.23505808615355428
cosine,3,16,0.5980392156862745,0.5980392156862745,0.9705882352941176,0.10354060534706507,0.2035896125094849
euclidean,3,16,0.48039215686274506,0.48039215686274506,0.9068627450980392,0.11780709060139125,0.20262710694213806
pearson,3,16,0.5980392156862745,0.5980392156862745,1.0,0.0963307357811804,0.23252112041729248
cosine,3,17,0.5098039215686274,0.5098039215686274,0.8823529411764706,0.15984533597937955,0.2898281909433662
euclidean,3,17,0.4607843137254901,0.4607843137254901,0.8137254901960783,0.16564080108053633,0.2796257622000946
pearson,3,17,0.5686274509803922,0.5686274509803922,1.0,0.12133308121863688,0.2876418849149082
cosine,3,18,0.5686274509803921,0.5686274509803921,0.9705882352941176,0.11746445347997314,0.2088061481582732
euclidean,3,18,0.5196078431372548,0.5196078431372548,0.9068627450980392,0.1398683216995273,0.22675345305559616
pearson,3,18,0.607843137254902,0.607843137254902,1.0,0.08449727273903414,0.20134631490320973
cosine,3,19,0.5196078431372549,0.5196078431372549,0.9166666666666666,0.1413650881135141,0.2605660991902448
euclidean,3,19,0.5196078431372548,0.5196078431372548,0.9313725490196078,0.13661796768345508,0.24218859554113162
pearson,3,19,0.5784313725490197,0.5784313725490197,1.0,0.10748813393868667,0.26808385620601616
