distance,k,i,precision,recall,mrr,mae,rmse
cosine,2,0,0.6081081081081081,0.6081081081081081,0.8918918918918919,0.10808799065511064,0.20582424972285476
euclidean,2,0,0.5405405405405406,0.5405405405405406,0.8378378378378378,0.1299726860732538,0.2134565686537968
pearson,2,0,0.6216216216216216,0.6216216216216216,0.972972972972973,0.09017592067912603,0.21418832894813342
cosine,2,1,0.6486486486486487,0.6486486486486487,0.9324324324324325,0.1379037081316441,0.26700255490999336
euclidean,2,1,0.6216216216216216,0.6216216216216216,0.8783783783783784,0.1339510169403843,0.24253559466521962
pearson,2,1,0.5945945945945946,0.5945945945945946,0.9594594594594594,0.13252197089159218,0.2941779151865656
cosine,2,2,0.6486486486486487,0.6486486486486487,0.9864864864864865,0.09750315922616079,0.20071690014377125
euclidean,2,2,0.6486486486486487,0.6486486486486487,0.9459459459459459,0.10295762497745131,0.1796567988730195
pearson,2,2,0.6486486486486487,0.6486486486486487,0.9864864864864865,0.08364211665000085,0.21916953170474576
cosine,2,3,0.6081081081081081,0.6081081081081081,0.9459459459459459,0.10179632967390335,0.18258311116650147
euclidean,2,3,0.581081081081081,0.581081081081081,0.8918918918918919,0.11908531655018115,0.2007737464238271
pearson,2,3,0.6351351351351351,0.6351351351351351,0.9864864864864865,0.0805611647781035,0.18174240043419485
cosine,2,4,0.6216216216216216,0.6216216216216216,0.9324324324324325,0.10101582187578623,0.1957411666638331
euclidean,2,4,0.6081081081081081,0.6081081081081081,0.8783783783783784,0.1181326172096059,0.21405447093888064
pearson,2,4,0.6756756756756757,0.6756756756756757,0.972972972972973,0.08654098821734421,0.20425001362668654
cosine,2,5,0.6351351351351351,0.6351351351351351,0.972972972972973,0.10025187569520379,0.18505556468139947
euclidean,2,5,0.581081081081081,0.581081081081081,0.8243243243243243,0.13510610406943527,0.22120870389682096
pearson,2,5,0.6486486486486487,0.6486486486486487,0.972972972972973,0.08537217233391324,0.2068836109854909
cosine,2,6,0.6081081081081081,0.6081081081081081,0.9864864864864865,0.09153429954712354,0.19138190183918194
euclidean,2,6,0.5945945945945946,0.5945945945945946,0.9054054054054054,0.10956144879619446,0.19403456078828873
pearson,2,6,0.6081081081081081,0.6081081081081081,0.972972972972973,0.08195731302294677,0.21713665908840363
cosine,2,7,0.6486486486486487,0.6486486486486487,0.972972972972973,0.10641888155289492,0.20077113436153451
euclidean,2,7,0.527027027027027,0.527027027027027,0.9459459459459459,0.12879047668969448,0.21184804200056773
pearson,2,7,0.6351351351351351,0.6351351351351351,0.9459459459459459,0.08843319018793803,0.21245819858227358
cosine,2,8,0.6351351351351351,0.6351351351351351,0.9459459459459459,0.12008491271831612,0.24357086111452286
euclidean,2,8,0.5945945945945946,0.5945945945945946,0.8918918918918919,0.1267051480667423,0.23626038899106447
pearson,2,8,0.6081081081081081,0.6081081081081081,0.972972972972973,0.11651483485798732,0.2744779738276605
cosine,2,9,0.6486486486486487,0.6486486486486487,0.9594594594594594,0.10189825954029011,0.19627456731999635
euclidean,2,9,0.5675675675675675,0.5675675675675675,0.8513513513513513,0.12227127009592581,0.19816327146491505
pearson,2,9,0.6621621621621622,0.6621621621621622,0.9864864864864865,0.08248103588495206,0.20214868738515698
cosine,2,10,0.6351351351351351,0.6351351351351351,0.9594594594594594,0.08776732276688036,0.15862912698790158
euclidean,2,10,0.581081081081081,0.581081081081081,0.918918918918919,0.09171616308961197,0.1598160714924909
pearson,2,10,0.6486486486486487,0.6486486486486487,0.972972972972973,0.06558335017884354,0.149566227548417
cosine,2,11,0.6216216216216216,0.6216216216216216,0.9459459459459459,0.10397197222618867,0.18707462338617073
euclidean,2,11,0.5675675675675675,0.5675675675675675,0.8783783783783784,0.11981011259282737,0.18680917354114018
pearson,2,11,0.6081081081081081,0.6081081081081081,0.9594594594594594,0.08103926442285433,0.1786370312410647
cosine,2,12,0.6351351351351351,0.6351351351351351,0.9324324324324325,0.1164211217437368,0.21841110644855613
euclidean,2,12,0.5540540540540541,0.5540540540540541,0.9324324324324325,0.12790705319472173,0.2081165011219141
pearson,2,12,0.6756756756756757,0.6756756756756757,1.0,0.07975443139919029,0.17761423965263703
cosine,2,13,0.6351351351351351,0.6351351351351351,0.9594594594594594,0.10995275108216963,0.19871713657752627
euclidean,2,13,0.5945945945945946,0.5945945945945946,0.8918918918918919,0.12434064115164671,0.20642182858401056
pearson,2,13,0.6351351351351351,0.6351351351351351,0.9594594594594594,0.08308144847529494,0.18586701610376183
cosine,2,14,0.5945945945945946,0.5945945945945946,0.9324324324324325,0.12428338287662867,0.23424898599604896
euclidean,2,14,0.5135135135135135,0.5135135135135135,0.8648648648648649,0.13539280476937784,0.2252001543103708
pearson,2,14,0.6621621621621622,0.6621621621621622,1.0,0.10371961083638269,0.23624622759935346
cosine,2,15,0.5945945945945946,0.5945945945945946,0.9864864864864865,0.09349339817182413,0.17661064375926747
euclidean,2,15,0.5540540540540541,0.5540540540540541,0.9054054054054054,0.11433541999045502,0.18248611665076261
pearson,2,15,0.6216216216216216,0.6216216216216216,0.9864864864864865,0.07724283186879213,0.1874577137326979
cosine,2,16,0.6351351351351351,0.6351351351351351,0.9324324324324325,0.1376651426849087,0.25754341353073473
euclidean,2,16,0.581081081081081,0.581081081081081,0.8918918918918919,0.13046615900062686,0.22465883490332494
pearson,2,16,0.6216216216216216,0.6216216216216216,1.0,0.11747344301250902,0.26787345929357675
cosine,2,17,0.6081081081081081,0.6081081081081081,0.9324324324324325,0.1294392351562269,0.24270613018669254
euclidean,2,17,0.5540540540540541,0.5540540540540541,0.8513513513513513,0.13380236962194375,0.23536526396728866
pearson,2,17,0.6216216216216216,0.6216216216216216,0.9324324324324325,0.12997047970912495,0.2907389235065072
cosine,2,18,0.6621621621621622,0.6621621621621622,0.9594594594594594,0.09520078989545712,0.17190675036446842
euclidean,2,18,0.5675675675675675,0.5675675675675675,0.8783783783783784,0.13349415403736611,0.2050371703766893
pearson,2,18,0.6891891891891891,0.6891891891891891,0.9459459459459459,0.09240741488164175,0.2152877223093604
cosine,2,19,0.6621621621621622,0.6621621621621622,0.972972972972973,0.1085433851161442,0.2052228020419932
euclidean,2,19,0.5405405405405406,0.5405405405405406,0.8648648648648649,0.1286823199623761,0.2116408002621215
pearson,2,19,0.6486486486486487,0.6486486486486487,0.972972972972973,0.10661227947755361,0.2441342384897933
