distance,k,i,precision,recall,mrr,mae,rmse
cosine,1,0,0.6756756756756757,0.6756756756756757,0.6756756756756757,0.13291401894717045,0.24308300174719785
euclidean,1,0,0.7027027027027027,0.7027027027027027,0.7027027027027027,0.15344567024119332,0.2587625872092299
pearson,1,0,0.6216216216216216,0.6216216216216216,0.6216216216216216,0.09686808263136806,0.24030467075651346
cosine,1,2,0.7297297297297297,0.7297297297297297,0.7297297297297297,0.10596975417258703,0.1937279256898933
euclidean,1,2,0.7837837837837838,0.7837837837837838,0.7837837837837838,0.1279464192554465,0.21639614177805608
pearson,1,2,0.7027027027027027,0.7027027027027027,0.7027027027027027,0.0864737454226046,0.1997117030503737
cosine,1,3,0.7837837837837838,0.7837837837837838,0.7837837837837838,0.10367375864820337,0.20082758142327678
euclidean,1,3,0.8108108108108109,0.8108108108108109,0.8108108108108109,0.1234680263379653,0.21272689789396262
pearson,1,3,0.7837837837837838,0.7837837837837838,0.7837837837837838,0.07189961684825918,0.17587552782041208
cosine,1,4,0.6216216216216216,0.6216216216216216,0.6216216216216216,0.12591539860456546,0.23752716505098212
euclidean,1,4,0.7567567567567568,0.7567567567567568,0.7567567567567568,0.13277515439419896,0.23403937030337704
pearson,1,4,0.5675675675675675,0.5675675675675675,0.5675675675675675,0.1092731479430249,0.24576590490787012
cosine,1,5,0.7567567567567568,0.7567567567567568,0.7567567567567568,0.1000399433040443,0.194697366533635
euclidean,1,5,0.8648648648648649,0.8648648648648649,0.8648648648648649,0.11728821411794974,0.20487660757978007
pearson,1,5,0.7567567567567568,0.7567567567567568,0.7567567567567568,0.08476367563114764,0.20266039808315628
cosine,1,6,0.6945945945945946,0.5945945945945946,0.5945945945945946,0.1271414330235451,0.23510594822774508
euclidean,1,6,0.7027027027027027,0.7027027027027027,0.7027027027027027,0.1426046908553558,0.23654118986297143
pearson,1,6,0.6756756756756757,0.6756756756756757,0.6756756756756757,0.08823658767618545,0.2090316927245251
cosine,1,7,0.6486486486486487,0.6486486486486487,0.6486486486486487,0.10993677183986791,0.22577945441817404
euclidean,1,7,0.7297297297297297,0.7297297297297297,0.7297297297297297,0.12292412339797737,0.2217043440041145
pearson,1,7,0.6486486486486487,0.6486486486486487,0.6486486486486487,0.08608363767901685,0.2257369358872908
cosine,1,8,0.7027027027027027,0.7027027027027027,0.7027027027027027,0.10995539651438539,0.22352792223704518
euclidean,1,8,0.7027027027027027,0.7027027027027027,0.7027027027027027,0.13108101212505877,0.23563451281149195
pearson,1,8,0.5675675675675675,0.5675675675675675,0.5675675675675675,0.09988335989503966,0.24508213993524025
cosine,1,9,0.6216216216216216,0.6216216216216216,0.6216216216216216,0.12636861368157418,0.2378063119337287
euclidean,1,9,0.7297297297297297,0.7297297297297297,0.7297297297297297,0.13007279599014546,0.22970788838050782
pearson,1,9,0.5675675675675675,0.5675675675675675,0.5675675675675675,0.09724985400958312,0.23381981589798478
cosine,1,10,0.7567567567567568,0.7567567567567568,0.7567567567567568,0.10995850722330917,0.21775567398455437
euclidean,1,10,0.7837837837837838,0.7837837837837838,0.7837837837837838,0.12133861909670433,0.2186744045188073
pearson,1,10,0.6756756756756757,0.6756756756756757,0.6756756756756757,0.08992217407609035,0.22146150854495422
cosine,1,11,0.8108108108108109,0.8108108108108109,0.8108108108108109,0.11000394379806426,0.18297885138186734
euclidean,1,11,0.7837837837837838,0.7837837837837838,0.7837837837837838,0.1353515776606006,0.21023782574974031
pearson,1,11,0.8108108108108109,0.8108108108108109,0.8108108108108109,0.08552659161273081,0.18457822608208252
cosine,1,12,0.7297297297297297,0.7297297297297297,0.7297297297297297,0.11690107561745382,0.22664316405750878
euclidean,1,12,0.7837837837837838,0.7837837837837838,0.7837837837837838,0.13015291606442123,0.22921008786271246
pearson,1,12,0.6216216216216216,0.6216216216216216,0.6216216216216216,0.09928439079516461,0.23588253103372692
cosine,1,13,0.7567567567567568,0.7567567567567568,0.7567567567567568,0.09958170117373155,0.1919055364811977
euclidean,1,13,0.8918918918918919,0.8918918918918919,0.8918918918918919,0.11627706506363526,0.1975545656722655
pearson,1,13,0.5945945945945946,0.5945945945945946,0.5945945945945946,0.0968875046829264,0.23384495563235522
cosine,1,14,0.6486486486486487,0.6486486486486487,0.6486486486486487,0.11905771400158228,0.22554992565631177
euclidean,1,14,0.7027027027027027,0.7027027027027027,0.7027027027027027,0.13634782518638247,0.23408624061722208
pearson,1,14,0.6216216216216216,0.6216216216216216,0.6216216216216216,0.09976136674039242,0.24075795854541368
cosine,1,15,0.7837837837837838,0.7837837837837838,0.7837837837837838,0.09633441603185576,0.1996875224521159
euclidean,1,15,0.8918918918918919,0.8918918918918919,0.8918918918918919,0.10480802335046874,0.18700388348935607
pearson,1,15,0.6756756756756757,0.6756756756756757,0.6756756756756757,0.08941520224653629,0.21967388663798892
cosine,1,16,0.8378378378378378,0.8378378378378378,0.8378378378378378,0.10480443893119704,0.210232694831783
euclidean,1,16,0.7837837837837838,0.7837837837837838,0.7837837837837838,0.12316984144153319,0.22022541523768246
pearson,1,16,0.6756756756756757,0.6756756756756757,0.6756756756756757,0.08898400042349935,0.22747540200451502
cosine,1,17,0.8108108108108109,0.8108108108108109,0.8108108108108109,0.12176958685730814,0.22353144797421348
euclidean,1,17,0.7837837837837838,0.7837837837837838,0.7837837837837838,0.12885161578012783,0.21797016545638206
pearson,1,17,0.7027027027027027,0.7027027027027027,0.7027027027027027,0.09645471529316316,0.2230463622991154
cosine,1,18,0.6486486486486487,0.6486486486486487,0.6486486486486487,0.12061034556451644,0.22192283714727898
euclidean,1,18,0.6756756756756757,0.6756756756756757,0.6756756756756757,0.13256739641556373,0.22554294794093677
pearson,1,18,0.5945945945945946,0.5945945945945946,0.5945945945945946,0.10528627494038689,0.23687295635572464
cosine,1,19,0.8108108108108109,0.8108108108108109,0.8108108108108109,0.10702382616640299,0.19389554397604697
euclidean,1,19,0.8918918918918919,0.8918918918918919,0.8918918918918919,0.12949032900642254,0.21396860672325854
pearson,1,19,0.7837837837837838,0.7837837837837838,0.7837837837837838,0.07729760332228104,0.1886798447873529
