distance,k,i,precision,recall,mrr,mae,rmse
cosine,3,0,0.5833333333333334,0.5833333333333334,0.9583333333333334,0.11126252766921803,0.22157683064390102
euclidean,3,0,0.5277777777777779,0.5277777777777779,0.9351851851851853,0.1258732954816351,0.2088515743678228
pearson,3,0,0.6481481481481483,0.6481481481481483,0.9861111111111112,0.09108533812804818,0.22889310390102058
cosine,3,1,0.5555555555555557,0.5555555555555557,0.9583333333333334,0.09693941162450641,0.18078876688872275
euclidean,3,1,0.4722222222222222,0.4722222222222222,0.9027777777777778,0.11935690867058722,0.20123806049801263
pearson,3,1,0.5740740740740741,0.5740740740740741,0.9861111111111112,0.08297364436074725,0.19080536128918185
cosine,3,2,0.5370370370370371,0.5370370370370371,0.9583333333333334,0.11376415005437795,0.19861824254087676
euclidean,3,2,0.5185185185185185,0.5185185185185185,0.9027777777777778,0.1414188720181647,0.22255075812147074
pearson,3,2,0.5833333333333335,0.5833333333333335,1.0,0.09409943241271936,0.21105611601962393
cosine,3,3,0.6018518518518519,0.6018518518518519,0.9212962962962964,0.10708624431695991,0.24036069582431688
euclidean,3,3,0.5370370370370371,0.5370370370370371,0.9444444444444444,0.12183149621460075,0.2294746814466654
pearson,3,3,0.638888888888889,0.638888888888889,0.9861111111111112,0.10678907491391712,0.2553497813366908
cosine,3,4,0.5462962962962963,0.5462962962962963,0.9675925925925927,0.09461264015023663,0.19527995728350037
euclidean,3,4,0.5740740740740741,0.5740740740740741,0.925925925925926,0.12701325370749544,0.22704789256606925
pearson,3,4,0.5925925925925926,0.5925925925925926,1.0,0.0770154338918496,0.19680192609861993
cosine,3,5,0.5833333333333335,0.5833333333333335,0.9398148148148147,0.10570705733253477,0.22054249438863646
euclidean,3,5,0.5370370370370371,0.5370370370370371,0.898148148148148,0.10606471017430853,0.20461152572180047
pearson,3,5,0.5740740740740742,0.5740740740740742,0.9861111111111112,0.08414332238202865,0.21209306235715866
cosine,3,6,0.5648148148148149,0.5648148148148149,0.9861111111111112,0.11484642261926767,0.21058078018905488
euclidean,3,6,0.5555555555555557,0.5555555555555557,0.9305555555555556,0.1327423728311567,0.2142302665807168
pearson,3,6,0.5740740740740741,0.5740740740740741,1.0,0.11290745738544293,0.23958087859696003
cosine,3,7,0.5740740740740741,0.5740740740740741,0.9120370370370371,0.11613270591898597,0.24757419008062376
euclidean,3,7,0.5092592592592593,0.5092592592592593,0.8981481481481483,0.13778633685585875,0.26937376062730356
pearson,3,7,0.601851851851852,0.601851851851852,0.9722222222222222,0.11251744309848233,0.257638467974769
cosine,3,8,0.5648148148148149,0.5648148148148149,1.0,0.08325478371023003,0.16475253487897001
euclidean,3,8,0.5370370370370371,0.5370370370370371,0.9722222222222222,0.09047075790490848,0.15559390155023187
pearson,3,8,0.5833333333333334,0.5833333333333334,1.0,0.06958423071196657,0.17869808755470185
cosine,3,9,0.5648148148148149,0.5648148148148149,0.9583333333333334,0.11381832764716467,0.20474336099644463
euclidean,3,9,0.5,0.5,0.9166666666666666,0.12982159775797994,0.2108251117363084
pearson,3,9,0.5833333333333334,0.5833333333333334,0.9675925925925927,0.10372727746024094,0.2379769703024764
cosine,3,10,0.5648148148148148,0.5648148148148148,0.9305555555555556,0.11923591337376976,0.2361339533366651
euclidean,3,10,0.5833333333333334,0.5833333333333334,0.8935185185185185,0.1300908784022716,0.22697214822495573
pearson,3,10,0.6203703703703703,0.6203703703703703,1.0,0.11000377786733853,0.24835410876816022
cosine,3,11,0.5648148148148148,0.5648148148148148,1.0,0.09996708094949285,0.19165297456526095
euclidean,3,11,0.5092592592592592,0.5092592592592592,0.925925925925926,0.1128917953384276,0.1972930909192224
pearson,3,11,0.6203703703703703,0.6203703703703703,1.0,0.08236504881240787,0.184620823983417
cosine,3,12,0.5833333333333335,0.5833333333333335,0.9537037037037036,0.12989420040652752,0.24455157126030957
euclidean,3,12,0.5277777777777778,0.5277777777777778,0.9351851851851851,0.1322294951123551,0.23723836954188068
pearson,3,12,0.6018518518518517,0.6018518518518517,0.9861111111111112,0.1196087739608861,0.2729292839195561
cosine,3,13,0.5925925925925927,0.5925925925925927,0.9675925925925924,0.10067102633968344,0.20946927640790344
euclidean,3,13,0.5555555555555556,0.5555555555555556,0.9398148148148147,0.10389398089808659,0.19269045172504215
pearson,3,13,0.6203703703703705,0.6203703703703705,1.0,0.09506882964823707,0.22617308932727884
cosine,3,14,0.5462962962962963,0.5462962962962963,0.9583333333333334,0.10640202402629742,0.19666037339182274
euclidean,3,14,0.5185185185185186,0.5185185185185186,0.9120370370370369,0.12478650367769033,0.21818157737680255
pearson,3,14,0.6203703703703703,0.6203703703703703,1.0,0.08892311741514283,0.21983252707954115
cosine,3,15,0.5925925925925927,0.5925925925925927,0.9861111111111112,0.08219549987703015,0.1770647620064564
euclidean,3,15,0.4722222222222221,0.4722222222222221,0.9305555555555556,0.10064307289435567,0.16868368996965516
pearson,3,15,0.5833333333333334,0.5833333333333334,1.0,0.07650005936936714,0.19697302897130856
cosine,3,16,0.5555555555555557,0.5555555555555557,0.9398148148148147,0.1334538900731423,0.2502668056847435
euclidean,3,16,0.5370370370370371,0.5370370370370371,0.9074074074074076,0.13920557876512774,0.24610298647395562
pearson,3,16,0.6481481481481481,0.6481481481481481,1.0,0.11097769841354038,0.26950682789919245
cosine,3,17,0.5370370370370371,0.5370370370370371,0.875,0.11114796039894485,0.21898447438324006
euclidean,3,17,0.5277777777777778,0.5277777777777778,0.9027777777777778,0.12597804409353802,0.22294735877435579
pearson,3,17,0.5833333333333335,0.5833333333333335,1.0,0.08731741574300438,0.21885696224363554
cosine,3,18,0.6481481481481481,0.6481481481481481,0.9583333333333334,0.11836631658123851,0.22326897171415713
euclidean,3,18,0.5740740740740741,0.5740740740740741,0.9583333333333334,0.12161728318742915,0.20857658624402692
pearson,3,18,0.6296296296296297,0.6296296296296297,1.0,0.09895470175226975,0.23365383005510795
cosine,3,19,0.5462962962962963,0.5462962962962963,0.9537037037037036,0.1037768047385979,0.2130213381167171
euclidean,3,19,0.5277777777777777,0.5277777777777777,0.9259259259259258,0.11285582392931535,0.21999127739644814
pearson,3,19,0.5740740740740742,0.5740740740740742,0.9444444444444444,0.0978996534647874,0.22834486286611574
