distance,k,i,precision,recall,mrr,mae,rmse
cosine,3,0,0.45045045045045046,0.45045045045045046,0.8963963963963963,0.1714509301780375,0.29360468315905497
euclidean,3,0,0.4594594594594595,0.4594594594594595,0.918918918918919,0.16437975018779008,0.2769830950078358
pearson,3,0,0.5045045045045045,0.5045045045045045,0.9819819819819818,0.14939995199069703,0.3036943277336212
cosine,3,1,0.4774774774774775,0.4774774774774775,0.8648648648648649,0.16282748772298786,0.27556188122911773
euclidean,3,1,0.4864864864864865,0.4864864864864865,0.9144144144144143,0.16772411698199247,0.2663137272250206
pearson,3,1,0.5495495495495495,0.5495495495495495,0.9459459459459459,0.1370140351355958,0.28865507448746763
cosine,3,2,0.5045045045045046,0.5045045045045046,0.9054054054054054,0.15413713708197707,0.273374887422518
euclidean,3,2,0.4774774774774775,0.4774774774774775,0.8513513513513513,0.16054852532282254,0.27569809363376924
pearson,3,2,0.5405405405405406,0.5405405405405406,0.972972972972973,0.13098026750734648,0.2568207037253919
cosine,3,3,0.49549549549549554,0.49549549549549554,0.8603603603603605,0.1640823765169117,0.30051067896188727
euclidean,3,3,0.5135135135135135,0.5135135135135135,0.8738738738738739,0.1610092881054278,0.28458836943031207
pearson,3,3,0.5405405405405407,0.5405405405405407,1.0,0.13458800125010595,0.2963336989165632
cosine,3,4,0.5315315315315317,0.5315315315315317,0.8918918918918919,0.16155667515448385,0.2659626471678874
euclidean,3,4,0.5135135135135135,0.5135135135135135,0.927927927927928,0.15620931316203834,0.26015376429170306
pearson,3,4,0.6216216216216217,0.6216216216216217,0.9414414414414413,0.14872795354329357,0.30254843099406953
cosine,3,5,0.5405405405405407,0.5405405405405407,0.8828828828828829,0.17075194408563962,0.28308462039894494
euclidean,3,5,0.4954954954954954,0.4954954954954954,0.8918918918918919,0.17729086759072396,0.2802290370663992
pearson,3,5,0.5765765765765767,0.5765765765765767,0.918918918918919,0.15383501824613582,0.30312634720313447
cosine,3,6,0.4864864864864865,0.4864864864864865,0.954954954954955,0.14676286846737807,0.25986975234665777
euclidean,3,6,0.5045045045045045,0.5045045045045045,0.9099099099099098,0.14612815567658344,0.25276136065375143
pearson,3,6,0.5405405405405406,0.5405405405405406,1.0,0.13345174413602764,0.26914754948058667
cosine,3,7,0.5315315315315314,0.5315315315315314,0.9234234234234233,0.15483410345135104,0.2559698883481348
euclidean,3,7,0.5405405405405405,0.5405405405405405,0.8873873873873874,0.17434507241654462,0.2740311387102133
pearson,3,7,0.5495495495495496,0.5495495495495496,0.8918918918918919,0.15882306281049652,0.303262700416742
cosine,3,8,0.5045045045045045,0.5045045045045045,0.7972972972972973,0.1724249001418951,0.2860150392030225
euclidean,3,8,0.43243243243243246,0.43243243243243246,0.7792792792792792,0.18623991709982488,0.2967874430087881
pearson,3,8,0.5405405405405405,0.5405405405405405,0.9144144144144145,0.16082721961343335,0.31255030888589075
cosine,3,9,0.5585585585585586,0.5585585585585586,0.918918918918919,0.15885475102413127,0.2599818451937613
euclidean,3,9,0.4504504504504504,0.4504504504504504,0.8918918918918919,0.16225516364256992,0.26321161022409895
pearson,3,9,0.5855855855855856,0.5855855855855856,0.9864864864864865,0.14946944554816904,0.2875812142414807
