distance,k,i,precision,recall,mrr,mae,rmse
cosine,3,0,0.5462962962962963,0.5462962962962963,0.9166666666666666,0.14673203635026863,0.25851418700826967
euclidean,3,0,0.4629629629629629,0.4629629629629629,0.824074074074074,0.1728980996666135,0.2687487074703383
pearson,3,0,0.5740740740740741,0.5740740740740741,0.9120370370370371,0.14496694016562278,0.2887410840078141
cosine,3,1,0.5740740740740741,0.5740740740740741,0.9120370370370369,0.14696742757535053,0.2526623876826903
euclidean,3,1,0.5648148148148149,0.5648148148148149,0.8888888888888888,0.15547423073727024,0.2578765235635401
pearson,3,1,0.6203703703703705,0.6203703703703705,0.9861111111111112,0.1292838802035622,0.26030260866623245
cosine,3,2,0.5370370370370371,0.5370370370370371,0.8842592592592593,0.15673469136199134,0.26665819272606384
euclidean,3,2,0.5185185185185186,0.5185185185185186,0.875,0.16449791971035102,0.2641972333606692
pearson,3,2,0.5925925925925927,0.5925925925925927,0.9675925925925924,0.12021489660550332,0.25742663887713363
cosine,3,3,0.5740740740740741,0.5740740740740741,0.9212962962962964,0.13210543687506945,0.2482525753259757
euclidean,3,3,0.5,0.5,0.9074074074074073,0.14750121623767426,0.2479735434305597
pearson,3,3,0.6203703703703705,0.6203703703703705,0.9861111111111112,0.11484775254686475,0.23942111038594457
cosine,3,4,0.537037037037037,0.537037037037037,0.949074074074074,0.15891596408137967,0.2720313581515954
euclidean,3,4,0.5,0.5,0.8842592592592592,0.18708858992442015,0.2993783832807925
pearson,3,4,0.5740740740740741,0.5740740740740741,0.9722222222222222,0.12871697169422353,0.26351177881287774
cosine,3,5,0.5370370370370371,0.5370370370370371,0.9027777777777778,0.1369284226527161,0.24490295660447228
euclidean,3,5,0.5092592592592592,0.5092592592592592,0.9120370370370369,0.14746726845611446,0.2395367876002139
pearson,3,5,0.5925925925925926,0.5925925925925926,1.0,0.11880053106119955,0.2433558740483659
cosine,3,6,0.4999999999999999,0.4999999999999999,0.8055555555555555,0.15688360179433508,0.2791397680322313
euclidean,3,6,0.4444444444444444,0.4444444444444444,0.8148148148148149,0.16553763133795038,0.2883828198606903
pearson,3,6,0.5555555555555556,0.5555555555555556,0.9537037037037037,0.14269446427469148,0.2919750317576952
cosine,3,7,0.5277777777777778,0.5277777777777778,0.9583333333333334,0.13067432883798966,0.23532730889383902
euclidean,3,7,0.5462962962962963,0.5462962962962963,0.9305555555555556,0.1443975624880099,0.23716913661823022
pearson,3,7,0.5740740740740741,0.5740740740740741,0.9814814814814815,0.12630590269615113,0.2612601732682988
cosine,3,8,0.49074074074074076,0.49074074074074076,0.9212962962962963,0.1418914594981204,0.2556441431339318
euclidean,3,8,0.5,0.5,0.9027777777777778,0.15056913161009097,0.2454160080451426
pearson,3,8,0.5462962962962964,0.5462962962962964,0.9398148148148149,0.1305258389223695,0.27596961207411846
cosine,3,9,0.5462962962962964,0.5462962962962964,0.8564814814814814,0.16265335147027632,0.28171863937772057
euclidean,3,9,0.5370370370370371,0.5370370370370371,0.898148148148148,0.16586588914451258,0.28234970932706677
pearson,3,9,0.5555555555555556,0.5555555555555556,0.9583333333333334,0.16087101222216268,0.30978161444214747
