distance,k,i,precision,recall,mrr,mae,rmse
cosine,2,0,0.5,0.5,0.75,0.15932773784219068,0.2869487593275538
euclidean,2,0,0.4852941176470588,0.4852941176470588,0.8088235294117647,0.15355796528803384,0.267558605291819
pearson,2,0,0.5588235294117647,0.5588235294117647,0.8970588235294118,0.13334954106207192,0.29162033852804986
cosine,2,1,0.47058823529411764,0.47058823529411764,0.7941176470588235,0.1364428572250145,0.24974633680185235
euclidean,2,1,0.4852941176470588,0.4852941176470588,0.8529411764705882,0.13331359949775945,0.23293714670478283
pearson,2,1,0.5147058823529411,0.5147058823529411,0.8970588235294118,0.12429111611511384,0.27437910282621936
cosine,2,2,0.5294117647058824,0.5294117647058824,0.8676470588235294,0.14855563913947806,0.25593621400580424
euclidean,2,2,0.5294117647058824,0.5294117647058824,0.8529411764705882,0.15086267030624548,0.2461658888425742
pearson,2,2,0.5294117647058824,0.5294117647058824,0.9117647058823529,0.13227855635845703,0.27976845820688934
cosine,2,3,0.5588235294117647,0.5588235294117647,0.8676470588235294,0.13707744211045275,0.2572674933557453
euclidean,2,3,0.5147058823529411,0.5147058823529411,0.8235294117647058,0.15165377506946176,0.25820919962706407
pearson,2,3,0.5147058823529411,0.5147058823529411,0.8970588235294118,0.12479330464523157,0.2731769893246874
cosine,2,4,0.5588235294117647,0.5588235294117647,0.8823529411764706,0.13771598383987996,0.24502272695867128
euclidean,2,4,0.5147058823529411,0.5147058823529411,0.8382352941176471,0.14394871400948664,0.244226969718819
pearson,2,4,0.5441176470588235,0.5441176470588235,0.9117647058823529,0.11284876487110697,0.24787467266890764
cosine,2,5,0.5735294117647058,0.5735294117647058,0.8235294117647058,0.14581700457967928,0.2507177156477181
euclidean,2,5,0.5294117647058824,0.5294117647058824,0.7352941176470589,0.15815084390308387,0.28242827929756337
pearson,2,5,0.6176470588235294,0.6176470588235294,0.9117647058823529,0.11503377081042514,0.2415422705661082
cosine,2,6,0.5,0.5,0.8529411764705882,0.14558380000644716,0.2475369688167682
euclidean,2,6,0.5147058823529411,0.5147058823529411,0.7941176470588235,0.15944386663037466,0.244308035414038
pearson,2,6,0.5735294117647058,0.5735294117647058,0.9558823529411765,0.12268007449302942,0.25943352619090443
cosine,2,7,0.5441176470588235,0.5441176470588235,0.8235294117647058,0.13646515767811096,0.2422799305978145
euclidean,2,7,0.47058823529411764,0.47058823529411764,0.7794117647058824,0.14638281679640033,0.2495113540607575
pearson,2,7,0.5735294117647058,0.5735294117647058,0.9264705882352942,0.1417888571465511,0.2881642877585451
cosine,2,8,0.5588235294117647,0.5588235294117647,0.9264705882352942,0.13936706306700175,0.2254107009481426
euclidean,2,8,0.5441176470588235,0.5441176470588235,0.8970588235294118,0.1618120157444715,0.2532589986565863
pearson,2,8,0.5441176470588235,0.5441176470588235,0.9264705882352942,0.133850606833113,0.2652761804502264
cosine,2,9,0.5,0.5,0.8529411764705882,0.15199220263479027,0.2650792518345731
euclidean,2,9,0.5294117647058824,0.5294117647058824,0.8823529411764706,0.16164129748708264,0.2579181238714188
pearson,2,9,0.5147058823529411,0.5147058823529411,0.9411764705882353,0.14707045814504424,0.28830209367789267
