distance,k,i,precision,recall,mrr,mae,rmse
cosine,2,0,0.6216216216216216,0.6216216216216216,0.9054054054054054,0.13559736276772055,0.24577582951893986
euclidean,2,0,0.5540540540540541,0.5540540540540541,0.8783783783783784,0.1531818622789673,0.2553649507471869
pearson,2,0,0.5945945945945946,0.5945945945945946,0.8783783783783784,0.13012686334435605,0.27800736597810477
cosine,2,1,0.6486486486486487,0.6486486486486487,0.9594594594594594,0.1472951252173726,0.23818061546201993
euclidean,2,1,0.527027027027027,0.527027027027027,0.8918918918918919,0.15495797228294597,0.24717886463848768
pearson,2,1,0.6486486486486487,0.6486486486486487,0.9459459459459459,0.1132793576530491,0.23161936895878188
cosine,2,2,0.5540540540540541,0.5540540540540541,0.8918918918918919,0.13720111850795233,0.23363093113069297
euclidean,2,2,0.5405405405405406,0.5405405405405406,0.8918918918918919,0.15478353684303567,0.23931251262942366
pearson,2,2,0.6351351351351351,0.6351351351351351,0.9459459459459459,0.11142807568108547,0.2344990612367113
cosine,2,3,0.6216216216216216,0.6216216216216216,0.9054054054054054,0.14728689358909233,0.27018682936512023
euclidean,2,3,0.5135135135135135,0.5135135135135135,0.7567567567567568,0.16416522654361185,0.27020051520887023
pearson,2,3,0.6081081081081081,0.6081081081081081,0.918918918918919,0.13648479734373314,0.2885061911777413
cosine,2,4,0.5675675675675675,0.5675675675675675,0.8378378378378378,0.15095006694895396,0.2630380767609203
euclidean,2,4,0.527027027027027,0.527027027027027,0.8243243243243243,0.16091999319661354,0.26697964551651726
pearson,2,4,0.5405405405405406,0.5405405405405406,0.8513513513513513,0.13896843390648675,0.27718274041644914
cosine,2,5,0.6621621621621622,0.6621621621621622,0.918918918918919,0.12504312798738343,0.22868347472446607
euclidean,2,5,0.6351351351351351,0.6351351351351351,0.918918918918919,0.12984728858506056,0.22652014370789053
pearson,2,5,0.6216216216216216,0.6216216216216216,0.972972972972973,0.10779404927984211,0.24483300594499635
cosine,2,6,0.6621621621621622,0.6621621621621622,0.9324324324324325,0.12062297054483008,0.23918710235040994
euclidean,2,6,0.6216216216216216,0.6216216216216216,0.9054054054054054,0.12998431952649878,0.2262204048465583
pearson,2,6,0.6351351351351351,0.6351351351351351,0.9864864864864865,0.10369280614954854,0.2453302388202324
cosine,2,7,0.527027027027027,0.527027027027027,0.8243243243243243,0.15760670293157444,0.2722120284937429
euclidean,2,7,0.5135135135135135,0.5135135135135135,0.8108108108108109,0.17041755891675964,0.28214804695640916
pearson,2,7,0.5675675675675675,0.5675675675675675,0.8783783783783784,0.12550229180212685,0.2663145384456536
cosine,2,8,0.6621621621621622,0.6621621621621622,0.918918918918919,0.13900583616723353,0.2391561676934462
euclidean,2,8,0.581081081081081,0.581081081081081,0.918918918918919,0.14369070873299716,0.23060480158546673
pearson,2,8,0.6621621621621622,0.6621621621621622,0.9324324324324325,0.13527516702673134,0.27322169346648695
cosine,2,9,0.5540540540540541,0.5540540540540541,0.8783783783783784,0.14802438985023555,0.24250091605515972
euclidean,2,9,0.581081081081081,0.581081081081081,0.9054054054054054,0.1551202296469052,0.24138854489617162
pearson,2,9,0.6351351351351351,0.6351351351351351,0.9594594594594594,0.09940976247100929,0.20062043428848947
