distance,k,i,precision,recall,mrr,mae,rmse
cosine,2,0,0.5694444444444444,0.5694444444444444,0.8194444444444444,0.16789106754624694,0.27680520390839286
euclidean,2,0,0.5277777777777778,0.5277777777777778,0.8055555555555556,0.17250194552665543,0.27221035604041405
pearson,2,0,0.5833333333333334,0.5833333333333334,0.875,0.1459620075812104,0.28437556481662807
cosine,2,1,0.5833333333333334,0.5833333333333334,0.8472222222222222,0.1551254016460637,0.2693836109934146
euclidean,2,1,0.5694444444444444,0.5694444444444444,0.9305555555555556,0.15655807643626307,0.25583171209729016
pearson,2,1,0.625,0.625,0.9305555555555556,0.13132016806935687,0.24914680471044018
cosine,2,2,0.5694444444444444,0.5694444444444444,0.8888888888888888,0.15168817489787242,0.2702377970821288
euclidean,2,2,0.5277777777777778,0.5277777777777778,0.7777777777777778,0.16721725087690148,0.2874908666602441
pearson,2,2,0.5416666666666666,0.5416666666666666,0.8333333333333334,0.13604698511212804,0.2730687175366556
cosine,2,3,0.6111111111111112,0.6111111111111112,0.9305555555555556,0.15036422018380505,0.25137155380061277
euclidean,2,3,0.5555555555555556,0.5555555555555556,0.8611111111111112,0.15737976611526427,0.25695149181594035
pearson,2,3,0.5972222222222222,0.5972222222222222,0.9722222222222222,0.1263453697772948,0.2600577858084324
cosine,2,4,0.5694444444444444,0.5694444444444444,0.875,0.1409344012667301,0.23294684122442597
euclidean,2,4,0.5277777777777778,0.5277777777777778,0.8472222222222222,0.1520840763753937,0.24107600894062126
pearson,2,4,0.6527777777777778,0.6527777777777778,0.9861111111111112,0.11103164924221982,0.2469245960374116
cosine,2,5,0.6111111111111112,0.6111111111111112,0.9166666666666666,0.12146934773001557,0.2178084270951471
euclidean,2,5,0.5972222222222222,0.5972222222222222,0.875,0.1334401318803146,0.23154920591323933
pearson,2,5,0.6666666666666666,0.6666666666666666,0.9861111111111112,0.1047562562038937,0.2168568146623025
cosine,2,6,0.6388888888888888,0.6388888888888888,0.9166666666666666,0.15191032576948904,0.2546808058557546
euclidean,2,6,0.6111111111111112,0.6111111111111112,0.9305555555555556,0.15875315754230412,0.24689695866017267
pearson,2,6,0.5833333333333334,0.5833333333333334,0.9166666666666666,0.13884039075461854,0.26954535945529373
cosine,2,7,0.5833333333333334,0.5833333333333334,0.8472222222222222,0.15184617232496384,0.26940551579133615
euclidean,2,7,0.5833333333333334,0.5833333333333334,0.875,0.16058639521762055,0.2722096106832542
pearson,2,7,0.625,0.625,0.9444444444444444,0.12703219271977317,0.25564580052315333
cosine,2,8,0.5694444444444444,0.5694444444444444,0.8333333333333334,0.14350946646543636,0.2467276814353988
euclidean,2,8,0.5138888888888888,0.5138888888888888,0.8194444444444444,0.15469626450372415,0.24832582602767433
pearson,2,8,0.5833333333333334,0.5833333333333334,0.9166666666666666,0.1144923097399532,0.23728253941030863
cosine,2,9,0.5416666666666666,0.5416666666666666,0.875,0.16297673944400992,0.272636146660551
euclidean,2,9,0.5972222222222222,0.5972222222222222,0.8888888888888888,0.15972204942295226,0.2549736250987806
pearson,2,9,0.6111111111111112,0.6111111111111112,0.9583333333333334,0.133948424257361,0.2599912683231734
