distance,k,i,precision,recall,mrr,mae,rmse
cosine,3,0,0.4901960784313725,0.4901960784313725,0.8431372549019607,0.1738136440987025,0.30234440524969003
euclidean,3,0,0.44117647058823517,0.44117647058823517,0.8186274509803921,0.18049803819429733,0.30503077746996005
pearson,3,0,0.5196078431372548,0.5196078431372548,0.9558823529411765,0.1301208600332045,0.2784319924391076
cosine,3,1,0.46078431372549017,0.46078431372549017,0.8872549019607843,0.1556379603447684,0.27122536869195996
euclidean,3,1,0.4607843137254901,0.4607843137254901,0.8676470588235294,0.1622148295452218,0.2654122574197935
pearson,3,1,0.5098039215686274,0.5098039215686274,0.9264705882352942,0.14628431925560045,0.3012730372738817
cosine,3,2,0.5490196078431373,0.5490196078431373,0.8872549019607844,0.14935852835382157,0.26798390026968766
euclidean,3,2,0.4705882352941176,0.4705882352941176,0.8235294117647058,0.15249338669544832,0.26944300457899667
pearson,3,2,0.5490196078431373,0.5490196078431373,0.9803921568627452,0.12523420648490474,0.26578718553809894
cosine,3,3,0.4509803921568627,0.4509803921568627,0.9215686274509803,0.1587226147301838,0.26010071231501497
euclidean,3,3,0.4313725490196078,0.4313725490196078,0.9068627450980392,0.180530215116071,0.2773370621167093
pearson,3,3,0.5882352941176471,0.5882352941176471,1.0,0.13871608288219986,0.281680260815201
cosine,3,4,0.48039215686274495,0.48039215686274495,0.7990196078431372,0.1581752848785578,0.2755661274788178
euclidean,3,4,0.4411764705882353,0.4411764705882353,0.8137254901960783,0.17039655096118667,0.28486833183601823
pearson,3,4,0.5,0.5,0.9264705882352942,0.13239210677980853,0.2763431011837718
cosine,3,5,0.4999999999999999,0.4999999999999999,0.8235294117647058,0.16672563488978343,0.2982112719084462
euclidean,3,5,0.43137254901960786,0.43137254901960786,0.8235294117647057,0.16328207036773368,0.2862132322397367
pearson,3,5,0.5980392156862745,0.5980392156862745,0.9656862745098038,0.1340816558482451,0.2903142862821666
cosine,3,6,0.4705882352941176,0.4705882352941176,0.9117647058823529,0.13700850451853386,0.2485507006828258
euclidean,3,6,0.4705882352941176,0.4705882352941176,0.8627450980392157,0.14874443612656707,0.2500503231425404
pearson,3,6,0.5,0.5,0.9509803921568628,0.12792924814366063,0.2612727450878462
cosine,3,7,0.4509803921568627,0.4509803921568627,0.8823529411764706,0.16559636136734035,0.2776249377293059
euclidean,3,7,0.4313725490196078,0.4313725490196078,0.7598039215686274,0.17161411977201435,0.28355063869750086
pearson,3,7,0.5098039215686275,0.5098039215686275,0.9852941176470589,0.1289105368417544,0.2690564974360381
cosine,3,8,0.47058823529411753,0.47058823529411753,0.8578431372549019,0.16053397739975364,0.2637485322013565
euclidean,3,8,0.42156862745098034,0.42156862745098034,0.8872549019607844,0.16810030166174167,0.26076395649138034
pearson,3,8,0.5784313725490197,0.5784313725490197,0.9705882352941176,0.12146559698101213,0.25325741298632587
cosine,3,9,0.48039215686274506,0.48039215686274506,0.8725490196078431,0.14457867492463553,0.24967709684948783
euclidean,3,9,0.47058823529411753,0.47058823529411753,0.872549019607843,0.1507485853810472,0.2494562603176433
pearson,3,9,0.5784313725490196,0.5784313725490196,0.9558823529411765,0.12130287449733948,0.2614999369671961
