distance,k,i,precision,recall,mrr,mae,rmse
cosine,2,0,0.581081081081081,0.581081081081081,0.918918918918919,0.14225646811197984,0.23866611918933864
euclidean,2,0,0.5540540540540541,0.5540540540540541,0.9054054054054054,0.1559668462476321,0.24801026793561196
pearson,2,0,0.6081081081081081,0.6081081081081081,0.9459459459459459,0.11385200746917958,0.24881907119423113
cosine,2,1,0.5135135135135135,0.5135135135135135,0.7702702702702703,0.1690946195906275,0.2806556401907834
euclidean,2,1,0.527027027027027,0.527027027027027,0.8513513513513513,0.16429779204280573,0.26608642894326806
pearson,2,1,0.581081081081081,0.581081081081081,0.918918918918919,0.13813648211475282,0.281320038496278
cosine,2,2,0.5675675675675675,0.5675675675675675,0.8378378378378378,0.1562650094936899,0.2664471652437192
euclidean,2,2,0.527027027027027,0.527027027027027,0.7972972972972973,0.174801280012826,0.28639296475602954
pearson,2,2,0.581081081081081,0.581081081081081,0.9054054054054054,0.13917029277875342,0.29034177150115115
cosine,2,3,0.5540540540540541,0.5540540540540541,0.8648648648648649,0.1587202091968521,0.2884845003432431
euclidean,2,3,0.5540540540540541,0.5540540540540541,0.8918918918918919,0.16113331501806433,0.26901795414122304
pearson,2,3,0.6081081081081081,0.6081081081081081,0.9459459459459459,0.13111680959361652,0.27940239677694784
cosine,2,4,0.4864864864864865,0.4864864864864865,0.7432432432432432,0.16555073458172442,0.2739370175314942
euclidean,2,4,0.5540540540540541,0.5540540540540541,0.8648648648648649,0.17339817345732772,0.27423854248427926
pearson,2,4,0.5945945945945946,0.5945945945945946,0.9459459459459459,0.1398946406048175,0.2716088344875412
cosine,2,5,0.5945945945945946,0.5945945945945946,0.8648648648648649,0.16530762539163124,0.2932958890424321
euclidean,2,5,0.5,0.5,0.8243243243243243,0.17666522222390638,0.29417994205485765
pearson,2,5,0.5540540540540541,0.5540540540540541,0.8918918918918919,0.150451130637645,0.31366455416586797
cosine,2,6,0.5945945945945946,0.5945945945945946,0.9054054054054054,0.1537024621578879,0.2567416908921245
euclidean,2,6,0.6081081081081081,0.6081081081081081,0.972972972972973,0.15939989325217968,0.250287291380578
pearson,2,6,0.5405405405405406,0.5405405405405406,0.9054054054054054,0.12736304365348272,0.2610799807455645
cosine,2,7,0.6081081081081081,0.6081081081081081,0.8378378378378378,0.13997462325116283,0.25550147874898244
euclidean,2,7,0.5945945945945946,0.5945945945945946,0.9324324324324325,0.14766373997265303,0.24813631224926738
pearson,2,7,0.6351351351351351,0.6351351351351351,0.9459459459459459,0.1229392011435113,0.2633940282495422
cosine,2,8,0.5540540540540541,0.5540540540540541,0.8378378378378378,0.16113303813708302,0.24691197628550862
euclidean,2,8,0.527027027027027,0.527027027027027,0.8648648648648649,0.1666267827317396,0.2496303882586983
pearson,2,8,0.5675675675675675,0.5675675675675675,0.8513513513513513,0.12736189587473273,0.24756884416666453
cosine,2,9,0.6216216216216216,0.6216216216216216,0.9054054054054054,0.1388195147818478,0.2508749672808292
euclidean,2,9,0.6081081081081081,0.6081081081081081,0.9054054054054054,0.15420075974769953,0.2561964392712313
pearson,2,9,0.6081081081081081,0.6081081081081081,0.9594594594594594,0.12693790636102487,0.25280031124938124
