distance,k,i,precision,recall,mrr,mae,rmse
cosine,1,0,0.6756756756756757,0.6756756756756757,0.6756756756756757,0.16915643337879052,0.27918875620466616
euclidean,1,0,0.6756756756756757,0.6756756756756757,0.6756756756756757,0.17063340775131491,0.26628670427358986
pearson,1,0,0.6486486486486487,0.6486486486486487,0.6486486486486487,0.126057922789475,0.26413032505269873
cosine,1,1,0.7837837837837838,0.7837837837837838,0.7837837837837838,0.14946787759874125,0.2514643304595644
euclidean,1,1,0.7567567567567568,0.7567567567567568,0.7567567567567568,0.1530404439762232,0.24392605846880272
pearson,1,1,0.7567567567567568,0.7567567567567568,0.7567567567567568,0.12464893307630116,0.2571646725909649
cosine,1,2,0.7837837837837838,0.7837837837837838,0.7837837837837838,0.15256431879388196,0.2611873429347714
euclidean,1,2,0.7297297297297297,0.7297297297297297,0.7297297297297297,0.17037416158808238,0.2852484893086353
pearson,1,2,0.7837837837837838,0.7837837837837838,0.7837837837837838,0.12820622707072377,0.24569379891277882
cosine,1,3,0.7567567567567568,0.7567567567567568,0.7567567567567568,0.14073771975062013,0.2569538576906098
euclidean,1,3,0.7837837837837838,0.7837837837837838,0.7837837837837838,0.15370129969702553,0.25575057379703486
pearson,1,3,0.6216216216216216,0.6216216216216216,0.6216216216216216,0.1389962412469465,0.29399653878271875
cosine,1,4,0.7297297297297297,0.7297297297297297,0.7297297297297297,0.14285974795800857,0.24975286303824873
euclidean,1,4,0.7837837837837838,0.7837837837837838,0.7837837837837838,0.15311799559792122,0.2520628961962212
pearson,1,4,0.6756756756756757,0.6756756756756757,0.6756756756756757,0.1263074637658885,0.26602025800485013
cosine,1,5,0.6756756756756757,0.6756756756756757,0.6756756756756757,0.15850800413392147,0.2738338933693047
euclidean,1,5,0.7297297297297297,0.7297297297297297,0.7297297297297297,0.1575083064682419,0.2642740345947963
pearson,1,5,0.6486486486486487,0.6486486486486487,0.6486486486486487,0.12473908525856135,0.2539642929799261
cosine,1,6,0.7027027027027027,0.7027027027027027,0.7027027027027027,0.13405691512548598,0.2609292026947472
euclidean,1,6,0.8108108108108109,0.8108108108108109,0.8108108108108109,0.13123912236161026,0.2332789208840549
pearson,1,6,0.6486486486486487,0.6486486486486487,0.6486486486486487,0.1165122835137417,0.2616630268742856
cosine,1,7,0.7027027027027027,0.7027027027027027,0.7027027027027027,0.13114423178116344,0.23648249091902282
euclidean,1,7,0.7837837837837838,0.7837837837837838,0.7837837837837838,0.13513215574572948,0.2440127026015999
pearson,1,7,0.7297297297297297,0.7297297297297297,0.7297297297297297,0.10809845265283234,0.23511473280114437
cosine,1,8,0.7837837837837838,0.7837837837837838,0.7837837837837838,0.1446301135648362,0.23862913216807743
euclidean,1,8,0.7567567567567568,0.7567567567567568,0.7567567567567568,0.15839629746565387,0.25793436877107434
pearson,1,8,0.7567567567567568,0.7567567567567568,0.7567567567567568,0.11216063321244897,0.24162026930483294
cosine,1,9,0.7297297297297297,0.7297297297297297,0.7297297297297297,0.11992002158899782,0.2213308472397907
euclidean,1,9,0.7837837837837838,0.7837837837837838,0.7837837837837838,0.13638918883062126,0.2288435192055871
pearson,1,9,0.7567567567567568,0.7567567567567568,0.7567567567567568,0.10094872614755493,0.22382036054977686
