distance,k,i,precision,recall,mrr,mae,rmse
cosine,1,0,0.5945945945945946,0.5945945945945946,0.5945945945945946,0.16591412020262572,0.2810288217427283
euclidean,1,0,0.6486486486486487,0.6486486486486487,0.6486486486486487,0.16924167069242751,0.2780445195129933
pearson,1,0,0.5945945945945946,0.5945945945945946,0.5945945945945946,0.1313851265896697,0.2687446909566651
cosine,1,1,0.7027027027027027,0.7027027027027027,0.7027027027027027,0.13244285173361137,0.24797096369248145
euclidean,1,1,0.6756756756756757,0.6756756756756757,0.6756756756756757,0.13454623847962474,0.23782055458298312
pearson,1,1,0.7027027027027027,0.7027027027027027,0.7027027027027027,0.11370223043020311,0.25254551775207823
cosine,1,2,0.7027027027027027,0.7027027027027027,0.7027027027027027,0.16887652917780652,0.28019882139265223
euclidean,1,2,0.7027027027027027,0.7027027027027027,0.7027027027027027,0.1707988989224713,0.2804143771427264
pearson,1,2,0.6216216216216216,0.6216216216216216,0.6216216216216216,0.1497558623490743,0.29388177963262324
cosine,1,3,0.5945945945945946,0.5945945945945946,0.5945945945945946,0.1771630295729029,0.28727765625989005
euclidean,1,3,0.6216216216216216,0.6216216216216216,0.6216216216216216,0.17955706121098636,0.2806206033374571
pearson,1,3,0.5945945945945946,0.5945945945945946,0.5945945945945946,0.15474043109621785,0.29995765961428206
cosine,1,4,0.7567567567567568,0.7567567567567568,0.7567567567567568,0.16447222772239892,0.26945708408035546
euclidean,1,4,0.7837837837837838,0.7837837837837838,0.7837837837837838,0.16596550235228819,0.26263294188833086
pearson,1,4,0.7027027027027027,0.7027027027027027,0.7027027027027027,0.1410337179359016,0.27519572180041996
cosine,1,5,0.6216216216216216,0.6216216216216216,0.6216216216216216,0.15330127651818873,0.2782130832396207
euclidean,1,5,0.6486486486486487,0.6486486486486487,0.6486486486486487,0.15484288928461767,0.27408822253204546
pearson,1,5,0.5675675675675675,0.5675675675675675,0.5675675675675675,0.1513670411932303,0.30412030450617566
cosine,1,6,0.7027027027027027,0.7027027027027027,0.7027027027027027,0.15998588859593002,0.27115355661984425
euclidean,1,6,0.7297297297297297,0.7297297297297297,0.7297297297297297,0.16400361920607343,0.2649695111750033
pearson,1,6,0.7027027027027027,0.7027027027027027,0.7027027027027027,0.14027796228901723,0.27688665748525243
cosine,1,7,0.6486486486486487,0.6486486486486487,0.6486486486486487,0.1655930506646502,0.29817890871367053
euclidean,1,7,0.6486486486486487,0.6486486486486487,0.6486486486486487,0.15893178382837037,0.276054210132043
pearson,1,7,0.5945945945945946,0.5945945945945946,0.5945945945945946,0.1480576932743617,0.30302992517841365
cosine,1,8,0.5675675675675675,0.5675675675675675,0.5675675675675675,0.17013997793779942,0.2923162859247341
euclidean,1,8,0.5945945945945946,0.5945945945945946,0.5945945945945946,0.16988619581685782,0.2849028172868295
pearson,1,8,0.5945945945945946,0.5945945945945946,0.5945945945945946,0.14707149466810174,0.2956094047426831
cosine,1,9,0.7567567567567568,0.7567567567567568,0.7567567567567568,0.1347920490813082,0.2414764714720216
euclidean,1,9,0.7567567567567568,0.7567567567567568,0.7567567567567568,0.13201560194218048,0.22403831891347395
pearson,1,9,0.7837837837837838,0.7837837837837838,0.7837837837837838,0.1087673755361755,0.22256642002083005
