distance,k,i,precision,recall,mrr,mae,rmse
cosine,1,0,0.7352941176470589,0.7352941176470589,0.7352941176470589,0.1221867746338716,0.23588571171608055
euclidean,1,0,0.7647058823529411,0.7647058823529411,0.7647058823529411,0.13680347817543903,0.24262523282241175
pearson,1,0,0.7058823529411765,0.7058823529411765,0.7058823529411765,0.12045688431611723,0.26541546134314686
cosine,1,1,0.7058823529411765,0.7058823529411765,0.7058823529411765,0.15541577220842698,0.2756762625205433
euclidean,1,1,0.7647058823529411,0.7647058823529411,0.7647058823529411,0.16174331921364898,0.2757538606821672
pearson,1,1,0.5294117647058824,0.5294117647058824,0.5294117647058824,0.13939241814921835,0.30615602873746284
cosine,1,2,0.7647058823529411,0.7647058823529411,0.7647058823529411,0.15035199086231976,0.24046132825696426
euclidean,1,2,0.7352941176470589,0.7352941176470589,0.7352941176470589,0.16008372927115078,0.23658482910289153
pearson,1,2,0.7941176470588235,0.7941176470588235,0.7941176470588235,0.12450623091006269,0.2263578225984405
cosine,1,3,0.6470588235294118,0.6470588235294118,0.6470588235294118,0.14524531027185972,0.26772779326756574
euclidean,1,3,0.6470588235294118,0.6470588235294118,0.6470588235294118,0.1520069028996752,0.25753221736534143
pearson,1,3,0.6176470588235294,0.6176470588235294,0.6176470588235294,0.13381223010258722,0.2927161275358785
cosine,1,4,0.7352941176470589,0.7352941176470589,0.7352941176470589,0.14112422975313776,0.24938498817905863
euclidean,1,4,0.7352941176470589,0.7352941176470589,0.7352941176470589,0.14679002314219883,0.24235054400914197
pearson,1,4,0.7352941176470589,0.7352941176470589,0.7352941176470589,0.12211999737392899,0.25535672490016775
cosine,1,5,0.6764705882352942,0.6764705882352942,0.6764705882352942,0.1528645121354165,0.26376046011651466
euclidean,1,5,0.6176470588235294,0.6176470588235294,0.6176470588235294,0.15770580237376325,0.27002570798737247
pearson,1,5,0.7352941176470589,0.7352941176470589,0.7352941176470589,0.12678270789275992,0.26081400339419314
cosine,1,6,0.6470588235294118,0.6470588235294118,0.6470588235294118,0.1840388371600166,0.3066326145668094
euclidean,1,6,0.6470588235294118,0.6470588235294118,0.6470588235294118,0.18760333743260513,0.30876178408355337
pearson,1,6,0.5882352941176471,0.5882352941176471,0.5882352941176471,0.15465557666677765,0.3157004361903751
cosine,1,7,0.7058823529411765,0.7058823529411765,0.7058823529411765,0.15293274517937774,0.2621628874258982
euclidean,1,7,0.6764705882352942,0.6764705882352942,0.6764705882352942,0.16186838612567128,0.26193027704655547
pearson,1,7,0.6764705882352942,0.6764705882352942,0.6764705882352942,0.13682522462968014,0.2858875021613772
cosine,1,8,0.7941176470588235,0.7941176470588235,0.7941176470588235,0.14523417570264768,0.24615461890125379
euclidean,1,8,0.7352941176470589,0.7352941176470589,0.7352941176470589,0.15377312774829993,0.2496715403154705
pearson,1,8,0.7058823529411765,0.7058823529411765,0.7058823529411765,0.12601811878280378,0.27206330294750186
cosine,1,9,0.7647058823529411,0.7647058823529411,0.7647058823529411,0.15344122209331593,0.2606369587433948
euclidean,1,9,0.7647058823529411,0.7647058823529411,0.7647058823529411,0.1666439436077361,0.263547430346118
pearson,1,9,0.7352941176470589,0.7352941176470589,0.7352941176470589,0.1259032310359907,0.2711899954841649
