distance,k,i,precision,recall,mrr,mae,rmse
cosine,3,0,0.5225225225225226,0.5225225225225226,0.9234234234234233,0.13069519795634923,0.2357033477195539
euclidean,3,0,0.5135135135135135,0.5135135135135135,0.8918918918918919,0.14598239920963388,0.25038827755816834
pearson,3,0,0.5225225225225226,0.5225225225225226,0.9459459459459459,0.12380742524500621,0.25628346322248646
cosine,3,1,0.5495495495495495,0.5495495495495495,0.9279279279279278,0.11298144332688158,0.21951040344576778
euclidean,3,1,0.48648648648648657,0.48648648648648657,0.9414414414414415,0.12831932398802434,0.22565039682891086
pearson,3,1,0.6036036036036035,0.6036036036036035,1.0,0.09652967582240246,0.2257588936685773
cosine,3,2,0.5135135135135136,0.5135135135135136,0.9054054054054054,0.1184868750776801,0.22334542500890037
euclidean,3,2,0.46846846846846846,0.46846846846846846,0.9009009009009009,0.14536355211782367,0.24233025446328718
pearson,3,2,0.5945945945945945,0.5945945945945945,0.9864864864864865,0.10991797133037255,0.23275084907649357
cosine,3,3,0.5765765765765767,0.5765765765765767,0.9279279279279278,0.13879195880694875,0.24802513631274312
euclidean,3,3,0.5495495495495496,0.5495495495495496,0.8873873873873872,0.14589020463398356,0.25680162110505295
pearson,3,3,0.5585585585585587,0.5585585585585587,0.9594594594594594,0.13014495357657715,0.2691339015534522
cosine,3,4,0.4954954954954955,0.4954954954954955,0.927927927927928,0.16557910833660983,0.2989360592527264
euclidean,3,4,0.5135135135135135,0.5135135135135135,0.8693693693693695,0.16831301268880916,0.29171484142182913
pearson,3,4,0.5495495495495496,0.5495495495495496,0.9324324324324325,0.16234383308619318,0.31907349023221027
cosine,3,5,0.5135135135135135,0.5135135135135135,0.9864864864864865,0.12112435660270397,0.19135494950339382
euclidean,3,5,0.5225225225225226,0.5225225225225226,0.954954954954955,0.13667123613254997,0.20451611426400268
pearson,3,5,0.5585585585585586,0.5585585585585586,0.972972972972973,0.10190107748340368,0.20899111123998382
cosine,3,6,0.5315315315315315,0.5315315315315315,0.9414414414414415,0.1358227161089677,0.24332146481490044
euclidean,3,6,0.5045045045045045,0.5045045045045045,0.9144144144144143,0.13853963154521912,0.2358948451413416
pearson,3,6,0.6126126126126128,0.6126126126126128,0.9594594594594594,0.11324771733882132,0.24240056739818608
cosine,3,7,0.5675675675675677,0.5675675675675677,0.918918918918919,0.15001816724763764,0.26459135105842446
euclidean,3,7,0.46846846846846846,0.46846846846846846,0.9144144144144143,0.15535263349656434,0.2615007026303303
pearson,3,7,0.5585585585585586,0.5585585585585586,0.9414414414414413,0.1339037171626243,0.27136847231420524
cosine,3,8,0.5135135135135135,0.5135135135135135,0.9054054054054054,0.15681045585794962,0.26828890804031935
euclidean,3,8,0.4954954954954955,0.4954954954954955,0.8378378378378378,0.1729596293705998,0.28687832558040305
pearson,3,8,0.47747747747747743,0.47747747747747743,0.9684684684684686,0.14568116673648748,0.29830910739166383
cosine,3,9,0.5225225225225226,0.5225225225225226,0.9594594594594594,0.1267793076897231,0.2164457880468765
euclidean,3,9,0.4954954954954955,0.4954954954954955,0.9009009009009009,0.1497429709423209,0.23712881642010405
pearson,3,9,0.5225225225225225,0.5225225225225225,0.972972972972973,0.11209611555399303,0.23408203423907178
