distance,k,i,precision,recall,mrr,mae,rmse
cosine,1,0,0.6388888888888888,0.6388888888888888,0.6388888888888888,0.1505381867060844,0.2743351919953103
euclidean,1,0,0.6944444444444444,0.6944444444444444,0.6944444444444444,0.16104833241844546,0.2766506201105363
pearson,1,0,0.6111111111111112,0.6111111111111112,0.6111111111111112,0.13523528461074688,0.2951689676932535
cosine,1,1,0.6388888888888888,0.6388888888888888,0.6388888888888888,0.14902028847728457,0.267522203725979
euclidean,1,1,0.6388888888888888,0.6388888888888888,0.6388888888888888,0.1568004704840248,0.2687928852038835
pearson,1,1,0.5833333333333334,0.5833333333333334,0.5833333333333334,0.1434674549841858,0.2916529022167874
cosine,1,2,0.7222222222222222,0.7222222222222222,0.7222222222222222,0.14908271425354155,0.2639689521778101
euclidean,1,2,0.7777777777777778,0.7777777777777778,0.7777777777777778,0.1476382310770771,0.24709373105994853
pearson,1,2,0.75,0.75,0.75,0.11608578941767832,0.2313247559569159
cosine,1,3,0.7777777777777778,0.7777777777777778,0.7777777777777778,0.13205427185915244,0.23378434437712
euclidean,1,3,0.7777777777777778,0.7777777777777778,0.7777777777777778,0.1534616225221119,0.2387219069915728
pearson,1,3,0.7222222222222222,0.7222222222222222,0.7222222222222222,0.11303229360056011,0.23871512290924687
cosine,1,4,0.75,0.75,0.75,0.14828771895052953,0.2449851662853345
euclidean,1,4,0.75,0.75,0.75,0.16161872601241653,0.24193464731603262
pearson,1,4,0.6944444444444444,0.6944444444444444,0.6944444444444444,0.13436565613895404,0.27089552038099923
cosine,1,5,0.75,0.75,0.75,0.14219617441291343,0.24484436125860015
euclidean,1,5,0.6944444444444444,0.6944444444444444,0.6944444444444444,0.15467429333580193,0.2582617607199194
pearson,1,5,0.6388888888888888,0.6388888888888888,0.6388888888888888,0.1290989770222423,0.2725676031067344
cosine,1,6,0.6944444444444444,0.6944444444444444,0.6944444444444444,0.14125396356131356,0.23817315801590586
euclidean,1,6,0.75,0.75,0.75,0.16488018120723483,0.25862985580825953
pearson,1,6,0.6111111111111112,0.6111111111111112,0.6111111111111112,0.15347404796800324,0.29546337958662783
cosine,1,7,0.7777777777777778,0.7777777777777778,0.7777777777777778,0.1405053913886161,0.2517212373880171
euclidean,1,7,0.8055555555555556,0.8055555555555556,0.8055555555555556,0.16104549607846322,0.2640880538055806
pearson,1,7,0.7222222222222222,0.7222222222222222,0.7222222222222222,0.11303753800019202,0.24846003328084118
cosine,1,8,0.6666666666666666,0.6666666666666666,0.6666666666666666,0.1532308991627552,0.2623379127024151
euclidean,1,8,0.7222222222222222,0.7222222222222222,0.7222222222222222,0.15782356716061913,0.2699368143128994
pearson,1,8,0.7777777777777778,0.7777777777777778,0.7777777777777778,0.11787177637843871,0.24722215068870942
cosine,1,9,0.75,0.75,0.75,0.15769387445310504,0.24551921001689123
euclidean,1,9,0.6944444444444444,0.6944444444444444,0.6944444444444444,0.17669473426134025,0.255017532739151
pearson,1,9,0.6666666666666666,0.6666666666666666,0.6666666666666666,0.1328737405934245,0.24965935661283348
