distance,k,i,precision,recall,mrr,mae,rmse
cosine,2,0,0.5,0.5,0.7142857142857143,0.5399999999999998,0.5421265853727347
euclidean,2,0,0.5,0.5,0.7142857142857143,0.538961038961039,0.5410411670632338
pearson,2,0,0.5,0.5,0.7142857142857143,0.7999999999999998,0.8373974969518563
cosine,2,1,0.7142857142857143,0.7142857142857143,1.0,0.5999999999999999,0.5999999999999999
euclidean,2,1,0.7142857142857143,0.7142857142857143,1.0,0.5980392156862744,0.5980392156862744
pearson,2,1,0.2857142857142857,0.2857142857142857,0.42857142857142855,0.9999999999999998,0.9999999999999998
cosine,2,2,0.35714285714285715,0.35714285714285715,0.5714285714285714,0.5399999999999998,0.5421265853727347
euclidean,2,2,0.35714285714285715,0.35714285714285715,0.5714285714285714,0.5389610389610388,0.5410411670632338
pearson,2,2,0.35714285714285715,0.35714285714285715,0.5714285714285714,0.7999999999999998,0.8373974969518564
cosine,2,3,0.2857142857142857,0.2857142857142857,0.5714285714285714,0.42000000000000004,0.44944410108488453
euclidean,2,3,0.42857142857142855,0.42857142857142855,0.8571428571428571,0.42000000000000004,0.44944410108488453
pearson,2,3,0.7142857142857143,0.7142857142857143,0.8571428571428571,0.9199999999999999,0.9338094023943
cosine,2,4,0.35714285714285715,0.35714285714285715,0.7142857142857143,0.5399999999999998,0.5511603920618549
euclidean,2,4,0.42857142857142855,0.42857142857142855,0.8571428571428571,0.5389610389610389,0.55009279914122
pearson,2,4,0.6428571428571429,0.6428571428571429,0.8571428571428571,0.7999999999999999,0.8432740427115677
cosine,2,5,0.35714285714285715,0.35714285714285715,0.7142857142857143,0.5099999999999999,0.5128051635879547
euclidean,2,5,0.35714285714285715,0.35714285714285715,0.7142857142857143,0.5097087378640776,0.5124930942179744
pearson,2,5,0.2857142857142857,0.2857142857142857,0.5714285714285714,0.5999999999999999,0.6344045521608975
cosine,2,6,0.2857142857142857,0.2857142857142857,0.5714285714285714,0.41999999999999993,0.44944410108488453
euclidean,2,6,0.42857142857142855,0.42857142857142855,0.8571428571428571,0.41999999999999993,0.44944410108488453
pearson,2,6,0.7142857142857143,0.7142857142857143,0.8571428571428571,0.9199999999999999,0.9338094023943
cosine,2,7,0.5714285714285714,0.5714285714285714,1.0,0.42000000000000004,0.44944410108488453
euclidean,2,7,0.5714285714285714,0.5714285714285714,1.0,0.42000000000000004,0.44944410108488453
pearson,2,7,0.42857142857142855,0.42857142857142855,0.5714285714285714,0.9199999999999999,0.9338094023943
cosine,2,8,0.5,0.5,0.7142857142857143,0.5399999999999998,0.5421265853727347
euclidean,2,8,0.5,0.5,0.7142857142857143,0.5389610389610388,0.5410411670632338
pearson,2,8,0.5,0.5,0.7142857142857143,0.7999999999999998,0.8373974969518564
cosine,2,9,0.6428571428571429,0.6428571428571429,1.0,0.41999999999999993,0.44944410108488453
euclidean,2,9,0.6428571428571429,0.6428571428571429,1.0,0.41999999999999993,0.44944410108488453
pearson,2,9,0.42857142857142855,0.42857142857142855,0.5714285714285714,0.9199999999999999,0.9338094023943
