distance,k,i,precision,recall,mrr,mae,rmse
cosine,2,0,0.6666666666666666,0.6666666666666666,0.7777777777777778,0.2649705388314723,0.33578310430806013
euclidean,2,0,0.7777777777777778,0.7777777777777778,0.7777777777777778,0.2658465986993831,0.3249019040436085
pearson,2,0,0.5555555555555556,0.5555555555555556,0.6666666666666666,0.22881812231807985,0.34298638713197194
cosine,2,1,0.6111111111111112,0.6111111111111112,0.7777777777777778,0.21956387005881306,0.33212795400137435
euclidean,2,1,0.6111111111111112,0.6111111111111112,0.7222222222222222,0.23669896181809105,0.340983303437549
pearson,2,1,0.6666666666666666,0.6666666666666666,0.8888888888888888,0.1837114833844949,0.31293743651587674
cosine,2,2,0.7777777777777778,0.7777777777777778,0.8888888888888888,0.24956608783715542,0.3358305134962891
euclidean,2,2,0.6666666666666666,0.6666666666666666,0.8888888888888888,0.23833237517266717,0.30587766183773263
pearson,2,2,0.7777777777777778,0.7777777777777778,1.0,0.14113514091593404,0.23667372303027687
cosine,2,3,0.8333333333333334,0.8333333333333334,1.0,0.15952343004869374,0.22090065775403556
euclidean,2,3,0.7222222222222222,0.7222222222222222,0.8888888888888888,0.19813224455050832,0.2294228550571286
pearson,2,3,0.8333333333333334,0.8333333333333334,1.0,0.1423605780681001,0.22050816683469837
cosine,2,4,0.7222222222222222,0.7222222222222222,0.8888888888888888,0.2741557599511771,0.3690673988171745
euclidean,2,4,0.6666666666666666,0.6666666666666666,0.8888888888888888,0.2770387215304276,0.37735133586422803
pearson,2,4,0.6111111111111112,0.6111111111111112,0.7777777777777778,0.2240545450978845,0.347332696801309
cosine,2,5,0.7777777777777778,0.7777777777777778,0.8888888888888888,0.2492262216872205,0.2960839404026658
euclidean,2,5,0.7222222222222222,0.7222222222222222,0.8333333333333334,0.26721543069019216,0.3075974987131788
pearson,2,5,0.5,0.5,0.6666666666666666,0.2481264697349026,0.31479190882950975
cosine,2,6,0.7222222222222222,0.7222222222222222,0.8888888888888888,0.24153576320142214,0.34831397370296613
euclidean,2,6,0.7222222222222222,0.7222222222222222,0.7777777777777778,0.2480325811982257,0.3443953143767883
pearson,2,6,0.6666666666666666,0.6666666666666666,0.7777777777777778,0.22964052287581693,0.3807325233308116
cosine,2,7,0.7222222222222222,0.7222222222222222,0.8888888888888888,0.18045002723942025,0.3381833369583649
euclidean,2,7,0.6111111111111112,0.6111111111111112,0.7777777777777778,0.20107251202415752,0.3455135019050366
pearson,2,7,0.6111111111111112,0.6111111111111112,0.7222222222222222,0.19740617139507155,0.35909645515323074
cosine,2,8,0.7777777777777778,0.7777777777777778,0.9444444444444444,0.17673177817857474,0.24131815223683412
euclidean,2,8,0.6111111111111112,0.6111111111111112,0.8333333333333334,0.17188238691971044,0.21544667808566598
pearson,2,8,0.6666666666666666,0.6666666666666666,0.8333333333333334,0.1913202005551102,0.2786005940123038
cosine,2,9,0.6666666666666666,0.6666666666666666,0.7777777777777778,0.23353232187136624,0.37431526833140116
euclidean,2,9,0.7222222222222222,0.7222222222222222,0.8888888888888888,0.23515344381811598,0.3718609025100357
pearson,2,9,0.5555555555555556,0.5555555555555556,0.6666666666666666,0.24171014656147877,0.40587708011957696
