distance,k,i,precision,recall,mrr,mae,rmse
cosine,1,0,0.5,0.5,0.5,0.19910505536077305,0.3139069911819931
euclidean,1,0,0.25,0.25,0.25,0.20821368489683525,0.335083233180705
pearson,1,0,0.5,0.5,0.5,0.22117196347251997,0.34111846155792414
cosine,1,1,0.75,0.75,0.75,0.2281424194523085,0.3270922790575648
euclidean,1,1,0.5,0.5,0.5,0.2133252135492474,0.3094027413196752
pearson,1,1,0.5,0.5,0.5,0.2439502365290861,0.36597618970267665
cosine,1,2,0.75,0.75,0.75,0.2384952354508372,0.3737589538414549
euclidean,1,2,0.75,0.75,0.75,0.23512038496857499,0.3720017565807984
pearson,1,2,0.25,0.25,0.25,0.2783702382960267,0.4136632343721286
cosine,1,3,0.5,0.5,0.5,0.24104293426612058,0.3640282260325496
euclidean,1,3,0.5,0.5,0.5,0.24246992865409825,0.36794393942157844
pearson,1,3,0.25,0.25,0.25,0.25369708213864045,0.390242416882117
cosine,1,4,0.75,0.75,0.75,0.10159604977130648,0.1494472358200155
euclidean,1,4,0.5,0.5,0.5,0.10549989333300101,0.15222898520719993
pearson,1,4,0.5,0.5,0.5,0.17321559084082264,0.20970601700833358
cosine,1,5,0.5,0.5,0.5,0.23942535495751172,0.30547826842854614
euclidean,1,5,0.5,0.5,0.5,0.23896482567021995,0.304409606062233
pearson,1,5,0.75,0.75,0.75,0.21474319125525057,0.34939557672940746
cosine,1,6,0.75,0.75,0.75,0.19910449930304655,0.24023543858498284
euclidean,1,6,0.5,0.5,0.5,0.2156786811603019,0.24755713043915276
pearson,1,6,1.0,1.0,1.0,0.16608136761197978,0.1794401086010292
cosine,1,7,0.25,0.25,0.25,0.2139831517698882,0.3249885218813744
euclidean,1,7,0.25,0.25,0.25,0.25098226272854907,0.3531348532976906
pearson,1,7,0.25,0.25,0.25,0.22094065489241732,0.35490433713707703
cosine,1,8,0.25,0.25,0.25,0.2250321349272074,0.35889633619009936
euclidean,1,8,0.25,0.25,0.25,0.23010297671833105,0.365460781863743
pearson,1,8,0.25,0.25,0.25,0.20021504469556414,0.3392481041231405
cosine,1,9,0.5,0.5,0.5,0.20384539617492947,0.2749811248307177
euclidean,1,9,0.5,0.5,0.5,0.19683528483221924,0.273088962006272
pearson,1,9,0.5,0.5,0.5,0.196923061952668,0.26062932059626737
