distance,k,i,precision,recall,mrr,mae,rmse
cosine,2,0,0.42857142857142855,0.42857142857142855,0.7857142857142857,0.20306141047841178,0.26169180593746527
euclidean,2,0,0.5,0.5,0.7857142857142857,0.16578824350751814,0.22295500562698028
pearson,2,0,0.5,0.5,0.8571428571428571,0.12683518453397097,0.15861726244461968
cosine,2,1,0.5,0.5,0.8571428571428571,0.1945946068203192,0.25382649821778636
euclidean,2,1,0.5,0.5,0.7857142857142857,0.19660461309664498,0.2615521310831541
pearson,2,1,0.5,0.5,0.7857142857142857,0.18979020817448763,0.2905997353977282
cosine,2,2,0.42857142857142855,0.42857142857142855,0.8571428571428571,0.15704539226935357,0.2192231059680994
euclidean,2,2,0.42857142857142855,0.42857142857142855,0.7142857142857143,0.15333280078474001,0.21833063570386882
pearson,2,2,0.42857142857142855,0.42857142857142855,0.7142857142857143,0.14138101178755513,0.25298709918147294
cosine,2,3,0.5,0.5,0.8571428571428571,0.17048296933326434,0.23264962544886533
euclidean,2,3,0.5,0.5,0.8571428571428571,0.15766518864582038,0.22713370579632056
pearson,2,3,0.5,0.5,0.7857142857142857,0.14235767052745227,0.24612298726792783
cosine,2,4,0.5,0.5,0.8571428571428571,0.10180742029132858,0.12504903473854978
euclidean,2,4,0.5,0.5,0.8571428571428571,0.09578178655308911,0.11580168520758247
pearson,2,4,0.5,0.5,0.8571428571428571,0.09409373421245651,0.10979541234223207
cosine,2,5,0.42857142857142855,0.42857142857142855,0.8571428571428571,0.18876018974604497,0.2962905879467015
euclidean,2,5,0.42857142857142855,0.42857142857142855,0.7857142857142857,0.1907117283782294,0.30351533284054827
pearson,2,5,0.5,0.5,0.6428571428571429,0.16522520517199726,0.326009043795514
cosine,2,6,0.5,0.5,0.9285714285714286,0.22050166472889224,0.2805243800311111
euclidean,2,6,0.5,0.5,0.7857142857142857,0.16960533925458843,0.22563564854122417
pearson,2,6,0.42857142857142855,0.42857142857142855,0.8571428571428571,0.18074823330593753,0.2668373714322148
cosine,2,7,0.42857142857142855,0.42857142857142855,0.7857142857142857,0.1413720057090569,0.25078847389094044
euclidean,2,7,0.42857142857142855,0.42857142857142855,0.7857142857142857,0.13237672261293978,0.24529488271406394
pearson,2,7,0.42857142857142855,0.42857142857142855,0.7142857142857143,0.11537464250856576,0.2435667695968697
cosine,2,8,0.5,0.5,0.8571428571428571,0.179554637527873,0.28239156900058865
euclidean,2,8,0.42857142857142855,0.42857142857142855,0.7142857142857143,0.13872933990414207,0.1798980452452498
pearson,2,8,0.5,0.5,0.8571428571428571,0.11004152610455713,0.1490327933367543
cosine,2,9,0.5,0.5,0.8571428571428571,0.14734610360534534,0.28841491613310277
euclidean,2,9,0.42857142857142855,0.42857142857142855,0.7857142857142857,0.15083833210867867,0.29334588459836525
pearson,2,9,0.5,0.5,0.6428571428571429,0.14016849841368237,0.31720394663454665
