distance,k,i,precision,recall,mrr,mae,rmse
cosine,2,0,0.5,0.5,1.0,0.23159817579250574,0.2721781199176191
euclidean,2,0,0.5,0.5,1.0,0.22673179016488268,0.26598940327139464
pearson,2,0,0.5555555555555556,0.5555555555555556,0.8888888888888888,0.2459059277236169,0.3650138909186291
cosine,2,1,0.5,0.5,1.0,0.15583512948285622,0.2464925008255666
euclidean,2,1,0.5,0.5,1.0,0.15355778478675677,0.24606998873560765
pearson,2,1,0.4444444444444444,0.4444444444444444,0.8888888888888888,0.2590161028759851,0.3973239068003361
cosine,2,2,0.5,0.5,1.0,0.16217742624911377,0.23810941109764613
euclidean,2,2,0.5,0.5,1.0,0.15570077109134758,0.2270560801231072
pearson,2,2,0.3888888888888889,0.3888888888888889,0.6666666666666666,0.31624466660642886,0.48587964003008366
cosine,2,3,0.5,0.5,1.0,0.1287373737373738,0.22114582575246167
euclidean,2,3,0.5,0.5,1.0,0.1320175547116486,0.22151568982445205
pearson,2,3,0.4444444444444444,0.4444444444444444,0.8888888888888888,0.23756854256854262,0.3947557638349598
cosine,2,4,0.5,0.5,1.0,0.24433839145020544,0.33000823097844745
euclidean,2,4,0.5,0.5,1.0,0.23076381319210434,0.32622605585495457
pearson,2,4,0.5,0.5,1.0,0.24056866130859922,0.32884853686276666
cosine,2,5,0.5555555555555556,0.5555555555555556,1.0,0.20851919277255637,0.2437331462341453
euclidean,2,5,0.5,0.5,1.0,0.19113658647262524,0.2291966379763998
pearson,2,5,0.3888888888888889,0.3888888888888889,0.6666666666666666,0.31400210716289817,0.491530146652789
cosine,2,6,0.5555555555555556,0.5555555555555556,1.0,0.21141284928113643,0.2546039638285421
euclidean,2,6,0.6111111111111112,0.6111111111111112,1.0,0.20333090437846346,0.24482654644026863
pearson,2,6,0.3888888888888889,0.3888888888888889,0.6666666666666666,0.3338744588744589,0.5047804098952101
cosine,2,7,0.5,0.5,1.0,0.23058366664254643,0.27328073409844167
euclidean,2,7,0.5,0.5,1.0,0.235081195102343,0.27842598192647755
pearson,2,7,0.5,0.5,1.0,0.2661435786435786,0.31533608499164567
cosine,2,8,0.5,0.5,1.0,0.2251866958946718,0.26338544216448184
euclidean,2,8,0.5,0.5,1.0,0.22194651969679677,0.2597885601035035
pearson,2,8,0.4444444444444444,0.4444444444444444,0.7777777777777778,0.41759090434610785,0.5060423474539991
cosine,2,9,0.5,0.5,1.0,0.19309005393997095,0.23628449726650633
euclidean,2,9,0.5,0.5,1.0,0.199594479410364,0.24924445112069865
pearson,2,9,0.4444444444444444,0.4444444444444444,0.7777777777777778,0.2615479941941573,0.44431378612076766
