distance,k,i,precision,recall,mrr,mae,rmse
cosine,1,0,1.0,1.0,1.0,0.4018287515437875,0.471231566857871
euclidean,1,0,0.6666666666666666,0.6666666666666666,0.6666666666666666,0.38467968206222947,0.4476717762419485
pearson,1,0,1.0,1.0,1.0,0.17195767195767203,0.20831921884197588
cosine,1,1,0.0,0.0,0.0,0.5446428571428571,0.6348307228003676
euclidean,1,1,0.0,0.0,0.0,0.5446428571428571,0.6348307228003676
pearson,1,1,0.0,0.0,0.0,0.544642857142857,0.6348307228003675
cosine,1,2,0.6666666666666666,0.6666666666666666,0.6666666666666666,0.38029100529100524,0.5369640888993682
euclidean,1,2,0.6666666666666666,0.6666666666666666,0.6666666666666666,0.3818756075655439,0.5369838502944269
pearson,1,2,0.6666666666666666,0.6666666666666666,0.6666666666666666,0.39550264550264536,0.5379250151440269
cosine,1,3,0.6666666666666666,0.6666666666666666,0.6666666666666666,0.19973544973545032,0.3162178065577228
euclidean,1,3,0.3333333333333333,0.3333333333333333,0.3333333333333333,0.3218227713206716,0.35966551341993713
pearson,1,3,0.6666666666666666,0.6666666666666666,0.6666666666666666,0.2923280423280423,0.3200566230942683
cosine,1,4,0.6666666666666666,0.6666666666666666,0.6666666666666666,0.47354497354497327,0.5568547419262242
euclidean,1,4,0.6666666666666666,0.6666666666666666,0.6666666666666666,0.4549150817997498,0.5245024778618145
pearson,1,4,1.0,1.0,1.0,0.38844797178130497,0.4095172963553966
cosine,1,5,0.6666666666666666,0.6666666666666666,0.6666666666666666,0.3207524157412328,0.4224649851145806
euclidean,1,5,0.6666666666666666,0.6666666666666666,0.6666666666666666,0.3205341576205339,0.4224297042994495
pearson,1,5,0.6666666666666666,0.6666666666666666,0.6666666666666666,0.35052910052910036,0.4314116481854473
cosine,1,6,0.6666666666666666,0.6666666666666666,0.6666666666666666,0.40658068783068774,0.5458237808471239
euclidean,1,6,0.6666666666666666,0.6666666666666666,0.6666666666666666,0.40952037104957506,0.5458946233995052
pearson,1,6,0.3333333333333333,0.3333333333333333,0.3333333333333333,0.40476190476190466,0.5880518588204032
cosine,1,7,0.3333333333333333,0.3333333333333333,0.3333333333333333,0.4492829708259275,0.4906091621083653
euclidean,1,7,0.3333333333333333,0.3333333333333333,0.3333333333333333,0.39124256080820025,0.4097059914054433
pearson,1,7,0.3333333333333333,0.3333333333333333,0.3333333333333333,0.31894841269841256,0.3388546760730897
cosine,1,8,0.6666666666666666,0.6666666666666666,0.6666666666666666,0.41688712522045845,0.5487037583373718
euclidean,1,8,0.6666666666666666,0.6666666666666666,0.6666666666666666,0.4161279753649231,0.5484141913408326
pearson,1,8,0.6666666666666666,0.6666666666666666,0.6666666666666666,0.39550264550264536,0.5456701483292471
cosine,1,9,1.0,1.0,1.0,0.26340981549314885,0.29816790450894154
euclidean,1,9,1.0,1.0,1.0,0.2616347278721651,0.2956581514585736
pearson,1,9,1.0,1.0,1.0,0.28257275132275134,0.32649374062976755
