distance,k,i,precision,recall,mrr,mae,rmse
cosine,3,0,0.49999999999999994,0.49999999999999994,0.8333333333333334,0.17270429494919962,0.3042351773503131
euclidean,3,0,0.5,0.5,0.6388888888888888,0.1605827106851357,0.288837973337136
pearson,3,0,0.4444444444444444,0.4444444444444444,0.8333333333333334,0.19886365289549557,0.33468901235269244
cosine,3,1,0.5555555555555555,0.5555555555555555,0.9166666666666666,0.1608691516746833,0.27697172667644354
euclidean,3,1,0.4444444444444445,0.4444444444444445,1.0,0.1511544374339427,0.23976775941572182
pearson,3,1,0.5555555555555555,0.5555555555555555,0.9166666666666666,0.15033391340986935,0.2857789737488003
cosine,3,2,0.38888888888888884,0.38888888888888884,0.8333333333333334,0.14269905213379916,0.2847084639272691
euclidean,3,2,0.4444444444444445,0.4444444444444445,0.7222222222222222,0.13410354737941235,0.24855910719403992
pearson,3,2,0.4444444444444444,0.4444444444444444,0.9166666666666666,0.12990488721539475,0.21870018401489064
cosine,3,3,0.38888888888888884,0.38888888888888884,0.8333333333333334,0.21198864800456363,0.3332771772762826
euclidean,3,3,0.4444444444444445,0.4444444444444445,0.7222222222222222,0.20040064567176755,0.3006212089374033
pearson,3,3,0.49999999999999994,0.49999999999999994,0.9166666666666666,0.174928184321401,0.29593956878643385
cosine,3,4,0.27777777777777773,0.27777777777777773,0.75,0.15295835930959445,0.3060408965675474
euclidean,3,4,0.27777777777777773,0.27777777777777773,0.6666666666666666,0.15739439593589274,0.31087290904271725
pearson,3,4,0.27777777777777773,0.27777777777777773,0.8333333333333334,0.12973187865243038,0.2848912472070632
cosine,3,5,0.3333333333333333,0.3333333333333333,0.75,0.21112818038562184,0.3582362144151226
euclidean,3,5,0.3333333333333333,0.3333333333333333,0.5833333333333334,0.20931326574775524,0.3542201436457224
pearson,3,5,0.2222222222222222,0.2222222222222222,0.6666666666666666,0.18760144657358413,0.3650165555668926
cosine,3,6,0.5,0.5,0.8333333333333334,0.20005693105686878,0.28786232422269137
euclidean,3,6,0.4444444444444445,0.4444444444444445,0.75,0.1833398361759883,0.26942569373446346
pearson,3,6,0.3888888888888889,0.3888888888888889,0.75,0.20035046418306568,0.31718662289361116
cosine,3,7,0.611111111111111,0.611111111111111,1.0,0.12749718230233587,0.19874570565077568
euclidean,3,7,0.38888888888888884,0.38888888888888884,0.7222222222222222,0.13532910690612587,0.20496637003347923
pearson,3,7,0.611111111111111,0.611111111111111,1.0,0.12100259744794194,0.21666190810200617
cosine,3,8,0.4444444444444444,0.4444444444444444,0.8333333333333334,0.19057230471292094,0.32317174057182296
euclidean,3,8,0.3888888888888889,0.3888888888888889,0.6388888888888888,0.18208277334727074,0.3094286317696409
pearson,3,8,0.3333333333333333,0.3333333333333333,0.6666666666666666,0.1662223280765043,0.3471046933892528
cosine,3,9,0.27777777777777773,0.27777777777777773,0.5833333333333334,0.305919781878493,0.47025286035358094
euclidean,3,9,0.27777777777777773,0.27777777777777773,0.5833333333333334,0.30836038813269695,0.4728554795820688
pearson,3,9,0.27777777777777773,0.27777777777777773,0.8333333333333334,0.13086432853533508,0.27970484340983787
