distance,k,i,precision,recall,mrr,mae,rmse
cosine,2,0,0.5833333333333334,0.5833333333333334,0.6666666666666666,0.2502268099633621,0.37265144474677964
euclidean,2,0,0.5,0.5,0.5833333333333334,0.24952106926411446,0.3741482270824888
pearson,2,0,0.5,0.5,0.75,0.1949657671096537,0.347157963268687
cosine,2,1,0.5,0.5,1.0,0.20708642486092715,0.3219723762575376
euclidean,2,1,0.4166666666666667,0.4166666666666667,0.75,0.17496030766380907,0.2715183837761509
pearson,2,1,0.5833333333333334,0.5833333333333334,1.0,0.12732225568808378,0.21715220505264454
cosine,2,2,0.5833333333333334,0.5833333333333334,0.8333333333333334,0.1661794322257462,0.29349662641406316
euclidean,2,2,0.5833333333333334,0.5833333333333334,0.6666666666666666,0.17112716160227373,0.2811629890510748
pearson,2,2,0.5833333333333334,0.5833333333333334,0.8333333333333334,0.16444315353420894,0.310927660748928
cosine,2,3,0.5,0.5,0.9166666666666666,0.1791973618387508,0.2632291410697882
euclidean,2,3,0.5833333333333334,0.5833333333333334,1.0,0.19824099414307458,0.28214162768306705
pearson,2,3,0.5,0.5,0.8333333333333334,0.12809054833122607,0.2647914732661514
cosine,2,4,0.6666666666666666,0.6666666666666666,0.8333333333333334,0.23589494244722906,0.39388986006792526
euclidean,2,4,0.6666666666666666,0.6666666666666666,0.75,0.22574481777717245,0.3834849920760138
pearson,2,4,0.5,0.5,0.6666666666666666,0.2228811097075719,0.4066955090953616
cosine,2,5,0.4166666666666667,0.4166666666666667,0.75,0.21254078096005333,0.3885036042855652
euclidean,2,5,0.4166666666666667,0.4166666666666667,0.5833333333333334,0.20651697057025178,0.3856586635459775
pearson,2,5,0.3333333333333333,0.3333333333333333,0.6666666666666666,0.18458224463282188,0.37020922102256165
cosine,2,6,0.6666666666666666,0.6666666666666666,0.9166666666666666,0.152442440448437,0.2366650579159594
euclidean,2,6,0.4166666666666667,0.4166666666666667,0.8333333333333334,0.15414299733670578,0.238110215953131
pearson,2,6,0.5833333333333334,0.5833333333333334,0.8333333333333334,0.13689610485551895,0.2742096726090239
cosine,2,7,0.5,0.5,0.75,0.20917386163049875,0.3320412477338338
euclidean,2,7,0.4166666666666667,0.4166666666666667,0.6666666666666666,0.20672551553132648,0.3304237290932199
pearson,2,7,0.5833333333333334,0.5833333333333334,0.8333333333333334,0.14603200858916063,0.2844449513070123
cosine,2,8,0.4166666666666667,0.4166666666666667,0.75,0.19053382266847904,0.32404612387751136
euclidean,2,8,0.4166666666666667,0.4166666666666667,0.6666666666666666,0.19322818582009096,0.3297592641355081
pearson,2,8,0.5,0.5,0.8333333333333334,0.16838472392468884,0.2921033774741347
cosine,2,9,0.5,0.5,0.8333333333333334,0.28354635813734275,0.3629773492545986
euclidean,2,9,0.5,0.5,0.6666666666666666,0.2751120099207188,0.3396358115957586
pearson,2,9,0.75,0.75,1.0,0.20231568413055306,0.22543693689638877
