distance,k,i,precision,recall,mrr,mae,rmse
cosine,3,0,0.4444444444444444,0.4444444444444444,0.9444444444444444,0.13156102229952277,0.22566716190611466
euclidean,3,0,0.48148148148148145,0.48148148148148145,1.0,0.1479746528766558,0.23992334729659823
pearson,3,0,0.4444444444444444,0.4444444444444444,0.8888888888888888,0.10534982452610171,0.21793905699016136
cosine,3,1,0.5555555555555556,0.5555555555555556,0.9444444444444444,0.1300685350186523,0.19513454882961795
euclidean,3,1,0.5185185185185185,0.5185185185185185,1.0,0.13047929457478527,0.19943309706664805
pearson,3,1,0.48148148148148145,0.48148148148148145,0.8888888888888888,0.12335121514778223,0.2334701546958184
cosine,3,2,0.5185185185185186,0.5185185185185186,1.0,0.146637658065059,0.23682219394923526
euclidean,3,2,0.5185185185185186,0.5185185185185186,1.0,0.15478220788578717,0.24425028891862366
pearson,3,2,0.37037037037037035,0.37037037037037035,0.7777777777777778,0.1444615194476252,0.26289429123410907
cosine,3,3,0.5185185185185185,0.5185185185185185,1.0,0.15064002518233774,0.22061085281960294
euclidean,3,3,0.48148148148148145,0.48148148148148145,1.0,0.14712147831979075,0.2143666172263793
pearson,3,3,0.4074074074074074,0.4074074074074074,1.0,0.0989655243676185,0.1624617962572746
cosine,3,4,0.48148148148148145,0.48148148148148145,1.0,0.1916138295261907,0.29650792622550676
euclidean,3,4,0.5185185185185186,0.5185185185185186,1.0,0.19551628155658615,0.2994328899651633
pearson,3,4,0.4074074074074074,0.4074074074074074,0.6111111111111112,0.17693198342853472,0.3476177906389713
cosine,3,5,0.4074074074074074,0.4074074074074074,1.0,0.14107562211522395,0.2582139089421409
euclidean,3,5,0.4074074074074074,0.4074074074074074,1.0,0.13542941362427707,0.25295937523166473
pearson,3,5,0.37037037037037035,0.37037037037037035,0.8888888888888888,0.14402958294748278,0.26561039972229533
cosine,3,6,0.48148148148148145,0.48148148148148145,1.0,0.19355730026168805,0.33093795283360605
euclidean,3,6,0.5185185185185185,0.5185185185185185,1.0,0.1962450271523019,0.33259193120665237
pearson,3,6,0.3333333333333333,0.3333333333333333,0.6666666666666666,0.16316532931417296,0.3466157480301007
cosine,3,7,0.5925925925925926,0.5925925925925926,1.0,0.11697617108148162,0.19516786612001838
euclidean,3,7,0.4074074074074074,0.4074074074074074,1.0,0.1259181786849981,0.20424594861647924
pearson,3,7,0.4074074074074074,0.4074074074074074,1.0,0.13330094951331894,0.22339431973170343
cosine,3,8,0.5185185185185185,0.5185185185185185,0.9444444444444444,0.16193548046625506,0.28706583070742936
euclidean,3,8,0.48148148148148145,0.48148148148148145,0.9444444444444444,0.1489808193262462,0.27260562156359314
pearson,3,8,0.4074074074074074,0.4074074074074074,0.7777777777777778,0.14387756472337035,0.30548481235009656
cosine,3,9,0.4444444444444444,0.4444444444444444,1.0,0.17756332929027496,0.29818842784407557
euclidean,3,9,0.3703703703703704,0.3703703703703704,1.0,0.1825868340081286,0.31456441733837204
pearson,3,9,0.4444444444444444,0.4444444444444444,0.8888888888888888,0.1460600623968594,0.25641889129468987
