distance,k,i,precision,recall,mrr,mae,rmse
cosine,2,0,0.5555555555555556,0.5555555555555556,1.0,0.15247906381546217,0.26895938784801954
euclidean,2,0,0.5555555555555556,0.5555555555555556,0.8888888888888888,0.1504662676307514,0.2589431867951457
pearson,2,0,0.5,0.5,0.7777777777777778,0.12780292797257586,0.2845486016928525
cosine,2,1,0.5555555555555556,0.5555555555555556,0.9444444444444444,0.15782179303897714,0.23984151916527904
euclidean,2,1,0.4444444444444444,0.4444444444444444,0.8333333333333334,0.1568492906069616,0.2402186191154982
pearson,2,1,0.6111111111111112,0.6111111111111112,0.8888888888888888,0.1692857394536862,0.26442809499197173
cosine,2,2,0.4444444444444444,0.4444444444444444,0.7777777777777778,0.1889553955127956,0.32496539728437784
euclidean,2,2,0.5555555555555556,0.5555555555555556,0.8888888888888888,0.17682187624550222,0.30145048593025014
pearson,2,2,0.5,0.5,0.7777777777777778,0.1757422496149306,0.32631314741198486
cosine,2,3,0.5,0.5,0.9444444444444444,0.1513909491688192,0.21496820477551634
euclidean,2,3,0.5555555555555556,0.5555555555555556,0.8888888888888888,0.1495525295714287,0.20520048995714507
pearson,2,3,0.4444444444444444,0.4444444444444444,0.7777777777777778,0.15635878994894944,0.25060116726188175
cosine,2,4,0.6111111111111112,0.6111111111111112,1.0,0.15055943092092758,0.2572972020339012
euclidean,2,4,0.5555555555555556,0.5555555555555556,0.8888888888888888,0.144848848644979,0.254544474291922
pearson,2,4,0.6111111111111112,0.6111111111111112,0.7777777777777778,0.1456167732724574,0.29100531303583926
cosine,2,5,0.6111111111111112,0.6111111111111112,0.8888888888888888,0.13942256215109985,0.2611533471710602
euclidean,2,5,0.4444444444444444,0.4444444444444444,0.8333333333333334,0.13486415623928802,0.2341255433060189
pearson,2,5,0.6666666666666666,0.6666666666666666,0.8888888888888888,0.1194406596266569,0.22431352576627608
cosine,2,6,0.5,0.5,0.8333333333333334,0.15067813181902917,0.25915101145370084
euclidean,2,6,0.5,0.5,0.8333333333333334,0.12959085990334754,0.1662987366872465
pearson,2,6,0.6111111111111112,0.6111111111111112,1.0,0.08993641499297063,0.10875196210602302
cosine,2,7,0.4444444444444444,0.4444444444444444,0.8888888888888888,0.17536362287228296,0.327708808961872
euclidean,2,7,0.5555555555555556,0.5555555555555556,0.8333333333333334,0.1925686671946668,0.3404614063061815
pearson,2,7,0.4444444444444444,0.4444444444444444,0.7777777777777778,0.11367118854871085,0.2796012991412421
cosine,2,8,0.6111111111111112,0.6111111111111112,0.8888888888888888,0.1576548703359787,0.26564840421453056
euclidean,2,8,0.5,0.5,0.8333333333333334,0.15159057382634716,0.25996360745981234
pearson,2,8,0.4444444444444444,0.4444444444444444,0.7777777777777778,0.16181437393029563,0.3082670367553095
cosine,2,9,0.4444444444444444,0.4444444444444444,0.8333333333333334,0.1746573043839595,0.3046782135639004
euclidean,2,9,0.5,0.5,0.8333333333333334,0.1547714630414457,0.2809886930270669
pearson,2,9,0.4444444444444444,0.4444444444444444,0.7777777777777778,0.1351796512037698,0.26995210813869425
