distance,k,i,precision,recall,mrr,mae,rmse
cosine,3,0,0.5714285714285714,0.5714285714285714,1.0,0.5399999999999998,0.5421265853727347
euclidean,3,0,0.5714285714285714,0.5714285714285714,1.0,0.5389610389610389,0.5410411670632338
pearson,3,0,0.5714285714285714,0.5714285714285714,1.0,0.7999999999999998,0.8373974969518564
cosine,3,1,0.5714285714285714,0.5714285714285714,1.0,0.5099999999999999,0.5128051635879547
euclidean,3,1,0.5714285714285714,0.5714285714285714,1.0,0.5097087378640776,0.5124930942179744
pearson,3,1,0.619047619047619,0.619047619047619,1.0,0.5999999999999999,0.6344045521608976
cosine,3,2,0.6666666666666666,0.6666666666666666,1.0,0.5399999999999998,0.5511603920618549
euclidean,3,2,0.6666666666666666,0.6666666666666666,1.0,0.5389610389610389,0.55009279914122
pearson,3,2,0.47619047619047616,0.47619047619047616,1.0,0.7999999999999997,0.8432740427115677
cosine,3,3,0.6666666666666666,0.6666666666666666,1.0,0.41999999999999993,0.44944410108488453
euclidean,3,3,0.6666666666666666,0.6666666666666666,1.0,0.41999999999999993,0.44944410108488453
pearson,3,3,0.8095238095238094,0.8095238095238094,1.0,0.9199999999999997,0.9338094023942999
cosine,3,4,0.5238095238095238,0.5238095238095238,1.0,0.5999999999999999,0.5999999999999999
euclidean,3,4,0.5238095238095238,0.5238095238095238,1.0,0.5980392156862744,0.5980392156862744
pearson,3,4,0.8095238095238095,0.8095238095238095,1.0,0.9999999999999998,0.9999999999999998
cosine,3,5,0.5714285714285714,0.5714285714285714,1.0,0.41999999999999993,0.44944410108488453
euclidean,3,5,0.5714285714285714,0.5714285714285714,1.0,0.41999999999999993,0.44944410108488453
pearson,3,5,0.8095238095238094,0.8095238095238094,1.0,0.9199999999999999,0.9338094023943
cosine,3,6,0.5714285714285714,0.5714285714285714,1.0,0.5999999999999999,0.5999999999999999
euclidean,3,6,0.5714285714285714,0.5714285714285714,1.0,0.5980392156862744,0.5980392156862744
pearson,3,6,0.9047619047619048,0.9047619047619048,1.0,0.9999999999999998,0.9999999999999998
cosine,3,7,0.5714285714285714,0.5714285714285714,1.0,0.5399999999999998,0.5511603920618549
euclidean,3,7,0.5714285714285714,0.5714285714285714,1.0,0.5389610389610388,0.55009279914122
pearson,3,7,0.761904761904762,0.761904761904762,1.0,0.7999999999999998,0.8432740427115677
cosine,3,8,0.5714285714285714,0.5714285714285714,1.0,0.42000000000000004,0.4499382673705854
euclidean,3,8,0.5714285714285714,0.5714285714285714,1.0,0.41999999999999993,0.4499382673705854
pearson,3,8,0.6666666666666666,0.6666666666666666,1.0,0.7199999999999999,0.7566005844859256
cosine,3,9,0.5714285714285714,0.5714285714285714,1.0,0.42000000000000004,0.44993826737058545
euclidean,3,9,0.5714285714285714,0.5714285714285714,1.0,0.41999999999999993,0.44993826737058545
pearson,3,9,0.6666666666666666,0.6666666666666666,1.0,0.7199999999999999,0.7566005844859256
