distance,k,i,precision,recall,mrr,mae,rmse
cosine,1,0,0.75,0.75,0.75,0.3386554621848739,0.4926411609066841
euclidean,1,0,0.75,0.75,0.75,0.34005626203662287,0.49384040290772313
pearson,1,0,0.75,0.75,0.75,0.39215686274509787,0.5270098016417988
cosine,1,1,0.75,0.75,0.75,0.5813725490196078,0.7176142444013924
euclidean,1,1,0.75,0.75,0.75,0.5813725490196078,0.7176142444013924
pearson,1,1,0.75,0.75,0.75,0.6313725490196077,0.7761895411352703
cosine,1,2,0.5,0.5,0.5,0.564784647527562,0.5967045136088578
euclidean,1,2,0.5,0.5,0.5,0.547896262290954,0.5773533811569302
pearson,1,2,0.75,0.75,0.75,0.4806722689075628,0.5648846755774227
cosine,1,3,0.75,0.75,0.75,0.4895348768511506,0.5737504881913643
euclidean,1,3,0.5,0.5,0.5,0.45609942742136,0.5283348600017499
pearson,1,3,0.75,0.75,0.75,0.5355742296918766,0.5968564258483327
cosine,1,4,0.75,0.75,0.75,0.2895651485647595,0.47398721753689177
euclidean,1,4,0.75,0.75,0.75,0.3013038827999518,0.4754019883971916
pearson,1,4,0.5,0.5,0.5,0.3211951447245564,0.47873473564177327
cosine,1,5,0.75,0.75,0.75,0.2898459383753501,0.4685785847448886
euclidean,1,5,0.75,0.75,0.75,0.2915217401444367,0.4696379773108618
pearson,1,5,0.75,0.75,0.75,0.28984593837535005,0.4685785847448885
cosine,1,6,1.0,1.0,1.0,0.2943012232241164,0.29867018343379
euclidean,1,6,0.75,0.75,0.75,0.3373130092646594,0.3405566407152509
pearson,1,6,0.75,0.75,0.75,0.2644257703081232,0.3149348937803151
cosine,1,7,0.75,0.75,0.75,0.4142018051899365,0.493059147732857
euclidean,1,7,0.75,0.75,0.75,0.4212281209376666,0.4966459382165419
pearson,1,7,1.0,1.0,1.0,0.33165266106442576,0.36411441365633523
cosine,1,8,0.75,0.75,0.75,0.38667224712358433,0.5079929315586779
euclidean,1,8,0.75,0.75,0.75,0.4187934959411839,0.5245763820522052
pearson,1,8,0.5,0.5,0.5,0.4545284780578897,0.46837985745991567
cosine,1,9,1.0,1.0,1.0,0.2196078431372548,0.24523245613866398
euclidean,1,9,1.0,1.0,1.0,0.21527193130968575,0.23788512945573595
pearson,1,9,1.0,1.0,1.0,0.2492997198879551,0.29396054227444074
