distance,k,i,precision,recall,mrr,mae,rmse
cosine,1,0,0.75,0.75,0.75,0.30345670459017493,0.4298242272333445
euclidean,1,0,0.75,0.75,0.75,0.31590393953989226,0.4324457648149275
pearson,1,0,0.5,0.5,0.5,0.13201097269219533,0.15418063698742918
cosine,1,1,1.0,1.0,1.0,0.15480533851045009,0.1856700919656818
euclidean,1,1,0.75,0.75,0.75,0.14229707397406344,0.17093133612049144
pearson,1,1,1.0,1.0,1.0,0.11111031715682632,0.1269658259990769
cosine,1,2,0.75,0.75,0.75,0.18660585617339476,0.2530457315564491
euclidean,1,2,0.75,0.75,0.75,0.18791764535138344,0.2365664579866594
pearson,1,2,0.75,0.75,0.75,0.12022910631865044,0.1438344947022207
cosine,1,3,1.0,1.0,1.0,0.12067580123094483,0.149648483954203
euclidean,1,3,0.75,0.75,0.75,0.11403413681722538,0.1409206704908762
pearson,1,3,1.0,1.0,1.0,0.1088216617571037,0.1298479813105806
cosine,1,4,0.75,0.75,0.75,0.17839010481496514,0.22795604131915806
euclidean,1,4,0.75,0.75,0.75,0.18683544091637108,0.21532536498867863
pearson,1,4,0.75,0.75,0.75,0.1118485970091037,0.14189320267891517
cosine,1,5,1.0,1.0,1.0,0.1450478421226646,0.16808005165465525
euclidean,1,5,0.75,0.75,0.75,0.16327033799983603,0.17543185392542132
pearson,1,5,1.0,1.0,1.0,0.14817598827656084,0.17240227549231646
cosine,1,6,0.75,0.75,0.75,0.20016181208954306,0.2821008707427224
euclidean,1,6,0.75,0.75,0.75,0.20335617773745307,0.2872621874404578
pearson,1,6,0.75,0.75,0.75,0.11068776654967283,0.1487205599269122
cosine,1,7,0.0,0.0,0.0,0.21775850249558024,0.3523312141088557
euclidean,1,7,0.0,0.0,0.0,0.2325657400596584,0.36133803112633794
pearson,1,7,0.25,0.25,0.25,0.2534234841658421,0.38149997942739944
cosine,1,8,0.75,0.75,0.75,0.20732963203431504,0.31261812959227336
euclidean,1,8,0.75,0.75,0.75,0.21930650497642254,0.31808939381430096
pearson,1,8,0.75,0.75,0.75,0.1784031484177044,0.3309119388383869
cosine,1,9,1.0,1.0,1.0,0.12976413083109906,0.1350581902557752
euclidean,1,9,0.75,0.75,0.75,0.12942725529939944,0.1414406182272714
pearson,1,9,0.75,0.75,0.75,0.13489568170790872,0.16164406331596357
