distance,k,i,precision,recall,mrr,mae,rmse
cosine,1,0,0.8,0.8,0.8,0.1767907923497527,0.24904114500617766
euclidean,1,0,0.8,0.8,0.8,0.20263966982888584,0.267036650343445
pearson,1,0,0.8,0.8,0.8,0.12245577486576265,0.18879469485505931
cosine,1,1,0.2,0.2,0.2,0.40601741263271257,0.510195338259896
euclidean,1,1,0.2,0.2,0.2,0.40601263394616266,0.5146329771688121
pearson,1,1,0.8,0.8,0.8,0.19860987873410227,0.257492958971362
cosine,1,2,0.4,0.4,0.4,0.31726339818659505,0.4529296803280925
euclidean,1,2,0.2,0.2,0.2,0.2164709356379643,0.34389158508074047
pearson,1,2,0.6,0.6,0.6,0.22383077479843114,0.3885982144132502
cosine,1,3,0.6,0.6,0.6,0.13358676629006855,0.23398727028052602
euclidean,1,3,0.8,0.8,0.8,0.0874632713220286,0.14761714759956088
pearson,1,3,0.6,0.6,0.6,0.12757115925196516,0.22857278624374422
cosine,1,4,0.6,0.6,0.6,0.2456822854372452,0.386544174778535
euclidean,1,4,0.6,0.6,0.6,0.2390288996698479,0.3739866711544931
pearson,1,4,0.4,0.4,0.4,0.26540313588064707,0.4599350074079537
cosine,1,5,0.8,0.8,0.8,0.3221439319600174,0.4166019282879593
euclidean,1,5,0.6,0.6,0.6,0.34923119541845526,0.4292439076972236
pearson,1,5,0.6,0.6,0.6,0.3281878587419414,0.45135910598308604
cosine,1,6,0.8,0.8,0.8,0.2216304327482865,0.2512624195807649
euclidean,1,6,0.6,0.6,0.6,0.22027465537531957,0.257186890255232
pearson,1,6,0.8,0.8,0.8,0.16787120998982838,0.23486272755342186
cosine,1,7,0.6,0.6,0.6,0.17308015482190345,0.3016098630704962
euclidean,1,7,0.6,0.6,0.6,0.180246156976995,0.3175195543536917
pearson,1,7,0.4,0.4,0.4,0.20830447767654245,0.37729508535532086
cosine,1,8,0.8,0.8,0.8,0.15487944108390253,0.2747624749235345
euclidean,1,8,0.6,0.6,0.6,0.16370472627480018,0.29693070186042014
pearson,1,8,0.8,0.8,0.8,0.1358933856779052,0.2967577613582893
cosine,1,9,0.8,0.8,0.8,0.09703351779709783,0.1368130025120039
euclidean,1,9,0.6,0.6,0.6,0.09435362251469244,0.1466427800493486
pearson,1,9,1.0,1.0,1.0,0.17784251443881804,0.21587920000251087
