distance,k,i,precision,recall,mrr,mae,rmse
cosine,2,0,0.6666666666666666,0.6666666666666666,0.7777777777777778,0.21532649299009468,0.35477648851469895
euclidean,2,0,0.6111111111111112,0.6111111111111112,0.7777777777777778,0.2107445890780996,0.34486795084129795
pearson,2,0,0.7777777777777778,0.7777777777777778,0.8888888888888888,0.1860270445982857,0.3367851051868882
cosine,2,1,0.6666666666666666,0.6666666666666666,0.7777777777777778,0.2994015945597883,0.40192753461066544
euclidean,2,1,0.6666666666666666,0.6666666666666666,0.7777777777777778,0.3114099224186211,0.40605480532543475
pearson,2,1,0.7777777777777778,0.7777777777777778,0.8888888888888888,0.1996957658292714,0.32934945106879915
cosine,2,2,0.8333333333333334,0.8333333333333334,0.8888888888888888,0.12855544636504906,0.21923764624633246
euclidean,2,2,0.7222222222222222,0.7222222222222222,0.8333333333333334,0.1711201303082892,0.21230180123402734
pearson,2,2,0.8333333333333334,0.8333333333333334,0.9444444444444444,0.1526234255868506,0.24819006429941157
cosine,2,3,0.7777777777777778,0.7777777777777778,0.7777777777777778,0.24035124146703357,0.36352185906553147
euclidean,2,3,0.6666666666666666,0.6666666666666666,0.8888888888888888,0.24000953791606872,0.3428525021460303
pearson,2,3,0.8333333333333334,0.8333333333333334,0.8888888888888888,0.19035149146678954,0.3017457917431602
cosine,2,4,0.5555555555555556,0.5555555555555556,0.6666666666666666,0.2603629199793197,0.4188793613544842
euclidean,2,4,0.5555555555555556,0.5555555555555556,0.6666666666666666,0.24887057272839594,0.4103443638931975
pearson,2,4,0.5,0.5,0.5555555555555556,0.2436185799928136,0.4237157046291506
cosine,2,5,0.7222222222222222,0.7222222222222222,0.8888888888888888,0.2649492315255454,0.36116634863889585
euclidean,2,5,0.6666666666666666,0.6666666666666666,0.8888888888888888,0.24158716649060671,0.32448496139353705
pearson,2,5,0.7222222222222222,0.7222222222222222,0.8888888888888888,0.20785436638172214,0.2929829311371705
cosine,2,6,0.7222222222222222,0.7222222222222222,0.8888888888888888,0.15859754671746493,0.2940317034650765
euclidean,2,6,0.6666666666666666,0.6666666666666666,0.7777777777777778,0.12198994939774674,0.26723463892962684
pearson,2,6,0.6666666666666666,0.6666666666666666,0.7777777777777778,0.16790183128941086,0.3239467021586065
cosine,2,7,0.7222222222222222,0.7222222222222222,0.8888888888888888,0.17200388565512448,0.30147065084381697
euclidean,2,7,0.6666666666666666,0.6666666666666666,0.7777777777777778,0.18463666548791924,0.30337570127735575
pearson,2,7,0.7222222222222222,0.7222222222222222,0.8888888888888888,0.14528499880929743,0.295102663135059
cosine,2,8,0.7777777777777778,0.7777777777777778,0.8888888888888888,0.2964907379054096,0.4096389246523831
euclidean,2,8,0.7222222222222222,0.7222222222222222,0.8333333333333334,0.2703222037006067,0.3823741584249488
pearson,2,8,0.5555555555555556,0.5555555555555556,0.6666666666666666,0.23235137487149507,0.3974903630750044
cosine,2,9,0.6666666666666666,0.6666666666666666,0.8888888888888888,0.2689302539834819,0.3859494782452928
euclidean,2,9,0.7222222222222222,0.7222222222222222,0.8888888888888888,0.2518044418037172,0.3768502116469144
pearson,2,9,0.4444444444444444,0.4444444444444444,0.5555555555555556,0.29835116514068205,0.44221849616362496
