distance,k,i,precision,recall,mrr,mae,rmse
cosine,1,0,0.5,0.5,0.5,0.21006412886184883,0.2858505035385952
euclidean,1,0,0.16666666666666666,0.16666666666666666,0.16666666666666666,0.23557908213295806,0.33490324863825266
pearson,1,0,0.6666666666666666,0.6666666666666666,0.6666666666666666,0.19673560713914232,0.3147170986302317
cosine,1,1,0.6666666666666666,0.6666666666666666,0.6666666666666666,0.15017699588039113,0.2809389564630045
euclidean,1,1,0.6666666666666666,0.6666666666666666,0.6666666666666666,0.1491740209901239,0.2834890388049607
pearson,1,1,0.6666666666666666,0.6666666666666666,0.6666666666666666,0.1403433260819931,0.27547359454124604
cosine,1,2,0.6666666666666666,0.6666666666666666,0.6666666666666666,0.16044879112255722,0.30997575700238306
euclidean,1,2,0.6666666666666666,0.6666666666666666,0.6666666666666666,0.16073802041587057,0.3117099268567449
pearson,1,2,0.6666666666666666,0.6666666666666666,0.6666666666666666,0.15074398448485393,0.29614340981259446
cosine,1,3,0.6666666666666666,0.6666666666666666,0.6666666666666666,0.18898055734663366,0.32500544755859634
euclidean,1,3,0.6666666666666666,0.6666666666666666,0.6666666666666666,0.19000362536238607,0.3218569880845495
pearson,1,3,0.8333333333333334,0.8333333333333334,0.8333333333333334,0.18236394529764863,0.3144599792587754
cosine,1,4,0.6666666666666666,0.6666666666666666,0.6666666666666666,0.20802910518013357,0.3349682790020716
euclidean,1,4,0.5,0.5,0.5,0.22006588534148394,0.3014840834723902
pearson,1,4,0.5,0.5,0.5,0.14285610507141322,0.2503687874961112
cosine,1,5,0.5,0.5,0.5,0.20564892345758387,0.386993135520385
euclidean,1,5,0.5,0.5,0.5,0.20399152752018748,0.3777597154373492
pearson,1,5,0.3333333333333333,0.3333333333333333,0.3333333333333333,0.22388583292355269,0.44593666700923734
cosine,1,6,0.5,0.5,0.5,0.2961521441238006,0.39064325015931434
euclidean,1,6,0.6666666666666666,0.6666666666666666,0.6666666666666666,0.2726458011926155,0.34613389139943707
pearson,1,6,0.3333333333333333,0.3333333333333333,0.3333333333333333,0.3263376401320916,0.4671131977009363
cosine,1,7,0.5,0.5,0.5,0.2028017287692291,0.34524820796769895
euclidean,1,7,0.16666666666666666,0.16666666666666666,0.16666666666666666,0.20344080316299107,0.3529201107540577
pearson,1,7,0.5,0.5,0.5,0.1427656980584191,0.31189532501006956
cosine,1,8,0.6666666666666666,0.6666666666666666,0.6666666666666666,0.1908518011585556,0.2912215329626161
euclidean,1,8,0.6666666666666666,0.6666666666666666,0.6666666666666666,0.16556802635375628,0.258588562540163
pearson,1,8,0.6666666666666666,0.6666666666666666,0.6666666666666666,0.12053043469947704,0.24982014486792412
cosine,1,9,0.6666666666666666,0.6666666666666666,0.6666666666666666,0.24607546055980697,0.33731708196474003
euclidean,1,9,0.5,0.5,0.5,0.22761596980204518,0.3070631942613141
pearson,1,9,0.6666666666666666,0.6666666666666666,0.6666666666666666,0.1960832979276568,0.2984792966430198
