distance,k,i,precision,recall,mrr,mae,rmse
cosine,1,0,0.3333333333333333,0.3333333333333333,0.3333333333333333,0.3018604174399561,0.4269738405560653
euclidean,1,0,0.16666666666666666,0.16666666666666666,0.16666666666666666,0.29587730065142914,0.4248360081629997
pearson,1,0,0.3333333333333333,0.3333333333333333,0.3333333333333333,0.2695452802699178,0.43843539088035355
cosine,1,1,0.8333333333333334,0.8333333333333334,0.8333333333333334,0.21869102197751875,0.2927529519577241
euclidean,1,1,0.8333333333333334,0.8333333333333334,0.8333333333333334,0.2301900114009521,0.309103527360254
pearson,1,1,0.8333333333333334,0.8333333333333334,0.8333333333333334,0.12248181538991902,0.18105952694393582
cosine,1,2,0.5,0.5,0.5,0.349678919374644,0.4554755076561429
euclidean,1,2,0.5,0.5,0.5,0.33998157313058236,0.43478427595460606
pearson,1,2,0.16666666666666666,0.16666666666666666,0.16666666666666666,0.3339006211180124,0.4872584055326931
cosine,1,3,0.5,0.5,0.5,0.25499792156696893,0.3949642762725635
euclidean,1,3,0.16666666666666666,0.16666666666666666,0.16666666666666666,0.22438486224368812,0.3579464797177888
pearson,1,3,0.5,0.5,0.5,0.20601364442114894,0.3393147057200229
cosine,1,4,0.5,0.5,0.5,0.27461246604846556,0.43208093266094266
euclidean,1,4,0.6666666666666666,0.6666666666666666,0.6666666666666666,0.25919635406643676,0.4064153697194421
pearson,1,4,0.3333333333333333,0.3333333333333333,0.3333333333333333,0.24903905029566656,0.4238011958225572
cosine,1,5,0.6666666666666666,0.6666666666666666,0.6666666666666666,0.2102820729068659,0.34853646611415356
euclidean,1,5,0.5,0.5,0.5,0.2176026216741015,0.36109962717162264
pearson,1,5,0.5,0.5,0.5,0.19893029675638363,0.38524273223460964
cosine,1,6,0.6666666666666666,0.6666666666666666,0.6666666666666666,0.22498356234272818,0.35385891503851563
euclidean,1,6,0.5,0.5,0.5,0.22680458142009552,0.3581486535483702
pearson,1,6,0.5,0.5,0.5,0.24605738421779355,0.42617359397815374
cosine,1,7,0.6666666666666666,0.6666666666666666,0.6666666666666666,0.24347783496450165,0.36715817538268275
euclidean,1,7,0.3333333333333333,0.3333333333333333,0.3333333333333333,0.2435158364395207,0.3745066148003299
pearson,1,7,0.3333333333333333,0.3333333333333333,0.3333333333333333,0.24453186105360009,0.4041900300341439
cosine,1,8,0.6666666666666666,0.6666666666666666,0.6666666666666666,0.17459536706841644,0.2955124140824728
euclidean,1,8,0.5,0.5,0.5,0.17596131135722323,0.2991225316340453
pearson,1,8,0.6666666666666666,0.6666666666666666,0.6666666666666666,0.1773069527601166,0.37275843065016945
cosine,1,9,0.8333333333333334,0.8333333333333334,0.8333333333333334,0.20870071085051775,0.28976755617698674
euclidean,1,9,0.5,0.5,0.5,0.20122029662490307,0.2830631738821048
pearson,1,9,0.6666666666666666,0.6666666666666666,0.6666666666666666,0.22879619288950087,0.36754342497288683
