distance,k,i,precision,recall,mrr,mae,rmse
cosine,1,0,0.6666666666666666,0.6666666666666666,0.6666666666666666,0.26147713861547844,0.3587667708071441
euclidean,1,0,0.5555555555555556,0.5555555555555556,0.5555555555555556,0.2617489813817051,0.36144689184123746
pearson,1,0,0.4444444444444444,0.4444444444444444,0.4444444444444444,0.25461211194645117,0.37774065800327034
cosine,1,1,0.6666666666666666,0.6666666666666666,0.6666666666666666,0.22785465907773003,0.3117795106956452
euclidean,1,1,0.6666666666666666,0.6666666666666666,0.6666666666666666,0.19585212981981096,0.23533064065564607
pearson,1,1,0.6666666666666666,0.6666666666666666,0.6666666666666666,0.16651642048263615,0.22519174208133297
cosine,1,2,0.5555555555555556,0.5555555555555556,0.5555555555555556,0.20899103556685716,0.29432996747374
euclidean,1,2,0.6666666666666666,0.6666666666666666,0.6666666666666666,0.21512877625836746,0.27008624016864796
pearson,1,2,0.7777777777777778,0.7777777777777778,0.7777777777777778,0.12996204007789167,0.254806192527509
cosine,1,3,0.5555555555555556,0.5555555555555556,0.5555555555555556,0.22340071872511064,0.35697700840871727
euclidean,1,3,0.7777777777777778,0.7777777777777778,0.7777777777777778,0.21893093621551482,0.3290622860808914
pearson,1,3,0.5555555555555556,0.5555555555555556,0.5555555555555556,0.19801103378764645,0.36311979723397037
cosine,1,4,0.5555555555555556,0.5555555555555556,0.5555555555555556,0.18571532717516975,0.24317776522156867
euclidean,1,4,0.6666666666666666,0.6666666666666666,0.6666666666666666,0.16854050718259772,0.2165193320346102
pearson,1,4,0.7777777777777778,0.7777777777777778,0.7777777777777778,0.12877584711115805,0.18451448467995774
cosine,1,5,0.8888888888888888,0.8888888888888888,0.8888888888888888,0.1661148839521647,0.23448686044761266
euclidean,1,5,0.7777777777777778,0.7777777777777778,0.7777777777777778,0.17121565368794336,0.23879197604431465
pearson,1,5,0.8888888888888888,0.8888888888888888,0.8888888888888888,0.1261909867442001,0.16776486611099117
cosine,1,6,0.4444444444444444,0.4444444444444444,0.4444444444444444,0.241677730849939,0.39649517614338403
euclidean,1,6,0.4444444444444444,0.4444444444444444,0.4444444444444444,0.24482610950379186,0.3964770817958958
pearson,1,6,0.4444444444444444,0.4444444444444444,0.4444444444444444,0.20053100462851822,0.3870986435255155
cosine,1,7,0.4444444444444444,0.4444444444444444,0.4444444444444444,0.2012883353242593,0.26509982233214646
euclidean,1,7,0.3333333333333333,0.3333333333333333,0.3333333333333333,0.19601231456265014,0.2593545166199388
pearson,1,7,0.5555555555555556,0.5555555555555556,0.5555555555555556,0.173457819125204,0.2343970683289196
cosine,1,8,0.7777777777777778,0.7777777777777778,0.7777777777777778,0.18609010560130146,0.27284279783530146
euclidean,1,8,0.6666666666666666,0.6666666666666666,0.6666666666666666,0.19661143516775517,0.2882164564542229
pearson,1,8,0.8888888888888888,0.8888888888888888,0.8888888888888888,0.20468480122866137,0.2803253379696797
cosine,1,9,0.7777777777777778,0.7777777777777778,0.7777777777777778,0.1896270599123711,0.2876563800232301
euclidean,1,9,0.7777777777777778,0.7777777777777778,0.7777777777777778,0.18894732425159969,0.293206945113051
pearson,1,9,0.7777777777777778,0.7777777777777778,0.7777777777777778,0.14192664535728733,0.2594347555782059
