distance,k,i,precision,recall,mrr,mae,rmse
cosine,2,0,0.5,0.5,0.6666666666666666,0.2341542432276615,0.39638327332555007
euclidean,2,0,0.4166666666666667,0.4166666666666667,0.5833333333333334,0.23591035610390246,0.39795453426438926
pearson,2,0,0.5,0.5,0.6666666666666666,0.17834948386794014,0.3735984474723679
cosine,2,1,0.6666666666666666,0.6666666666666666,0.9166666666666666,0.24770301621335483,0.3360087091798219
euclidean,2,1,0.5,0.5,0.6666666666666666,0.25766819228272997,0.3486631758999207
pearson,2,1,0.5833333333333334,0.5833333333333334,0.8333333333333334,0.18449045318610532,0.33368824706117656
cosine,2,2,0.5833333333333334,0.5833333333333334,0.75,0.29575612552158864,0.4279510800978737
euclidean,2,2,0.4166666666666667,0.4166666666666667,0.5833333333333334,0.28732913945309757,0.40957064379375185
pearson,2,2,0.5833333333333334,0.5833333333333334,0.75,0.25069093416575067,0.4053024399757608
cosine,2,3,0.5833333333333334,0.5833333333333334,1.0,0.2287272055105322,0.30506771044029046
euclidean,2,3,0.5,0.5,0.6666666666666666,0.2605310302631812,0.3535844397221169
pearson,2,3,0.5,0.5,1.0,0.1120637358953246,0.1657809836091316
cosine,2,4,0.5833333333333334,0.5833333333333334,0.8333333333333334,0.1782296185655324,0.30321117818703996
euclidean,2,4,0.4166666666666667,0.4166666666666667,0.75,0.14179939251152185,0.27835951452991237
pearson,2,4,0.5833333333333334,0.5833333333333334,0.8333333333333334,0.20014531032488272,0.32566792536251826
cosine,2,5,0.25,0.25,0.5,0.2813102255397867,0.43568477259983013
euclidean,2,5,0.3333333333333333,0.3333333333333333,0.5,0.28346619823440344,0.43714590782279533
pearson,2,5,0.4166666666666667,0.4166666666666667,0.5,0.22958630007317643,0.4111460138375272
cosine,2,6,0.5833333333333334,0.5833333333333334,0.75,0.26303457764277766,0.40694523344549544
euclidean,2,6,0.5,0.5,0.5833333333333334,0.2580939563165755,0.38728847802226357
pearson,2,6,0.5,0.5,0.75,0.19218716538371222,0.37168076481457235
cosine,2,7,0.5833333333333334,0.5833333333333334,0.9166666666666666,0.1313738747078359,0.2082078255238512
euclidean,2,7,0.5,0.5,0.75,0.13079669388988432,0.21132875848372615
pearson,2,7,0.5,0.5,1.0,0.10877890015473181,0.1828931412710832
cosine,2,8,0.4166666666666667,0.4166666666666667,0.6666666666666666,0.19076656177798873,0.3848796611378734
euclidean,2,8,0.4166666666666667,0.4166666666666667,0.5833333333333334,0.1975083101164595,0.39117230541182263
pearson,2,8,0.3333333333333333,0.3333333333333333,0.6666666666666666,0.1718031516841718,0.3821921845811173
cosine,2,9,0.3333333333333333,0.3333333333333333,0.6666666666666666,0.15833099188493058,0.25728062991897666
euclidean,2,9,0.5,0.5,0.75,0.16648690741523003,0.2785134154604623
pearson,2,9,0.5,0.5,0.8333333333333334,0.21770119911910366,0.35510256189756184
