distance,k,i,precision,recall,mrr,mae,rmse
cosine,2,0,0.6111111111111112,0.6111111111111112,1.0,0.29927521706396343,0.3562153414237161
euclidean,2,0,0.6111111111111112,0.6111111111111112,1.0,0.29304424642811244,0.3477303528460439
pearson,2,0,0.3888888888888889,0.3888888888888889,0.6666666666666666,0.41375301218324406,0.5616488204998358
cosine,2,1,0.5555555555555556,0.5555555555555556,1.0,0.30717157894704844,0.35905318557308985
euclidean,2,1,0.5555555555555556,0.5555555555555556,1.0,0.30450117663470905,0.35690268709584777
pearson,2,1,0.5,0.5,0.8888888888888888,0.35090909090909084,0.42556735748595154
cosine,2,2,0.5555555555555556,0.5555555555555556,1.0,0.21014921259948044,0.26675006897680253
euclidean,2,2,0.5555555555555556,0.5555555555555556,1.0,0.20751740869031943,0.26700580356217074
pearson,2,2,0.3888888888888889,0.3888888888888889,0.6666666666666666,0.3953744882317183,0.5557840197373907
cosine,2,3,0.5555555555555556,0.5555555555555556,1.0,0.24736960308434072,0.2965170778886434
euclidean,2,3,0.5555555555555556,0.5555555555555556,1.0,0.26219473116600117,0.3040177386325066
pearson,2,3,0.3333333333333333,0.3333333333333333,0.5555555555555556,0.4387155665038273,0.5665436842409538
cosine,2,4,0.5,0.5,1.0,0.23267959011800343,0.3186438292717988
euclidean,2,4,0.5,0.5,1.0,0.22176346104412256,0.31218318873046624
pearson,2,4,0.4444444444444444,0.4444444444444444,0.7777777777777778,0.33940319207566305,0.4618313525857918
cosine,2,5,0.5555555555555556,0.5555555555555556,1.0,0.3182662469432423,0.36446187592893237
euclidean,2,5,0.5555555555555556,0.5555555555555556,1.0,0.27877532018889667,0.306937621887466
pearson,2,5,0.3888888888888889,0.3888888888888889,0.7777777777777778,0.3927268892137252,0.5078119067989235
cosine,2,6,0.5555555555555556,0.5555555555555556,1.0,0.2375791306887247,0.2979579295373486
euclidean,2,6,0.6111111111111112,0.6111111111111112,1.0,0.2480841566894558,0.30562540177680614
pearson,2,6,0.3888888888888889,0.3888888888888889,0.6666666666666666,0.3150026301121431,0.5270005319035932
cosine,2,7,0.5,0.5,1.0,0.20661742599601804,0.24607229737319083
euclidean,2,7,0.5,0.5,1.0,0.198395558434703,0.23841506464883608
pearson,2,7,0.4444444444444444,0.4444444444444444,0.7777777777777778,0.31118326118326106,0.4361581053101719
cosine,2,8,0.5,0.5,1.0,0.3473455653755733,0.45114930383251284
euclidean,2,8,0.5,0.5,1.0,0.32058722137310675,0.4184118229205578
pearson,2,8,0.5,0.5,0.8888888888888888,0.46373543319862254,0.6219843146929203
cosine,2,9,0.5,0.5,1.0,0.18401678525413676,0.2296967236838302
euclidean,2,9,0.5,0.5,1.0,0.19252283511711657,0.23113133085546694
pearson,2,9,0.3888888888888889,0.3888888888888889,0.7777777777777778,0.23398268398268393,0.39431710877375903
