distance,k,i,precision,recall,mrr,mae,rmse
cosine,2,0,0.6111111111111112,0.6111111111111112,0.9444444444444444,0.1329064821576392,0.22218190306627358
euclidean,2,0,0.5555555555555556,0.5555555555555556,0.8888888888888888,0.13981650873759918,0.2057179460135275
pearson,2,0,0.6111111111111112,0.6111111111111112,0.8888888888888888,0.11404876941425889,0.22836992992887145
cosine,2,1,0.5555555555555556,0.5555555555555556,0.8888888888888888,0.1501896363207137,0.2485050951900597
euclidean,2,1,0.5,0.5,0.8333333333333334,0.14807963845120334,0.24714302792019785
pearson,2,1,0.5,0.5,0.7777777777777778,0.11757020962609106,0.2342687442221517
cosine,2,2,0.5555555555555556,0.5555555555555556,0.9444444444444444,0.14782299145964664,0.24106809060620865
euclidean,2,2,0.5,0.5,0.8333333333333334,0.14409851751903302,0.21411903465679039
pearson,2,2,0.6111111111111112,0.6111111111111112,1.0,0.12922039977881836,0.14440178014679256
cosine,2,3,0.6111111111111112,0.6111111111111112,0.9444444444444444,0.15248377335699312,0.2276515265419422
euclidean,2,3,0.4444444444444444,0.4444444444444444,0.7777777777777778,0.12999245352089653,0.18668354791529143
pearson,2,3,0.6111111111111112,0.6111111111111112,0.8888888888888888,0.1240004610110536,0.22775132835551773
cosine,2,4,0.6111111111111112,0.6111111111111112,0.9444444444444444,0.10285067479896298,0.15471058008015484
euclidean,2,4,0.5555555555555556,0.5555555555555556,0.8888888888888888,0.10081681763083435,0.15251569556754863
pearson,2,4,0.6111111111111112,0.6111111111111112,0.8888888888888888,0.12828986396763523,0.1723535771185943
cosine,2,5,0.5555555555555556,0.5555555555555556,1.0,0.12651241513711697,0.1812972685488905
euclidean,2,5,0.5,0.5,0.8333333333333334,0.12320133800820987,0.1813336670395582
pearson,2,5,0.5,0.5,0.8888888888888888,0.12259356162091953,0.2207105846677865
cosine,2,6,0.5555555555555556,0.5555555555555556,0.9444444444444444,0.183498548790018,0.31571447012961956
euclidean,2,6,0.5555555555555556,0.5555555555555556,0.8888888888888888,0.1431506564252819,0.21146514575161215
pearson,2,6,0.7777777777777778,0.7777777777777778,0.8888888888888888,0.11660011077559587,0.22606455573445178
cosine,2,7,0.6111111111111112,0.6111111111111112,1.0,0.06627483873859392,0.08706951317789192
euclidean,2,7,0.5555555555555556,0.5555555555555556,0.9444444444444444,0.09128215834624571,0.11431868202823371
pearson,2,7,0.5555555555555556,0.5555555555555556,1.0,0.07970010386213862,0.1004076304161436
cosine,2,8,0.5,0.5,0.8888888888888888,0.18601330257435375,0.27868042236378554
euclidean,2,8,0.4444444444444444,0.4444444444444444,0.7222222222222222,0.17354774389493186,0.22445066614255058
pearson,2,8,0.5,0.5,0.8888888888888888,0.12512806650079147,0.19867410038996047
cosine,2,9,0.6111111111111112,0.6111111111111112,0.8888888888888888,0.1391786663017095,0.2456339698425446
euclidean,2,9,0.5555555555555556,0.5555555555555556,0.8333333333333334,0.14092223612191954,0.24713775285800202
pearson,2,9,0.5555555555555556,0.5555555555555556,0.8888888888888888,0.1157712330498346,0.22197344378045797
