distance,k,i,precision,recall,mrr,mae,rmse
cosine,3,0,0.5555555555555556,0.5555555555555556,0.75,0.25681412349930427,0.40024917082572253
euclidean,3,0,0.5555555555555556,0.5555555555555556,0.6666666666666666,0.2615022270226135,0.4077413699377563
pearson,3,0,0.5,0.5,0.6666666666666666,0.2394120261012859,0.4017540270218264
cosine,3,1,0.38888888888888884,0.38888888888888884,0.5833333333333334,0.24150939069578142,0.4123857831063335
euclidean,3,1,0.4444444444444444,0.4444444444444444,0.5833333333333334,0.2294276655699868,0.39668919847347944
pearson,3,1,0.4444444444444444,0.4444444444444444,0.6666666666666666,0.24644475306727254,0.4248358587918634
cosine,3,2,0.4444444444444444,0.4444444444444444,0.75,0.2210384633937989,0.34573060509394493
euclidean,3,2,0.3888888888888889,0.3888888888888889,0.7222222222222222,0.20646237210642165,0.32913274700042444
pearson,3,2,0.38888888888888884,0.38888888888888884,0.8333333333333334,0.20224307677957115,0.30132092955012557
cosine,3,3,0.6666666666666666,0.6666666666666666,0.75,0.29655389183137526,0.4523515719917818
euclidean,3,3,0.611111111111111,0.611111111111111,0.75,0.30009019788558466,0.4510107818201272
pearson,3,3,0.6666666666666666,0.6666666666666666,0.75,0.30458369382962236,0.4531529220775269
cosine,3,4,0.38888888888888884,0.38888888888888884,0.8333333333333334,0.1946691329476478,0.2884192173286389
euclidean,3,4,0.38888888888888884,0.38888888888888884,0.8055555555555555,0.16407870169628533,0.2528562771840017
pearson,3,4,0.3333333333333333,0.3333333333333333,0.8333333333333334,0.16061191626409022,0.26549950363560976
cosine,3,5,0.27777777777777773,0.27777777777777773,0.75,0.22865606610161973,0.39058721035744753
euclidean,3,5,0.2222222222222222,0.2222222222222222,0.5833333333333334,0.20742079410086614,0.3632168438512155
pearson,3,5,0.4444444444444444,0.4444444444444444,0.8333333333333334,0.16053116501077866,0.2906493296220966
cosine,3,6,0.5555555555555555,0.5555555555555555,0.75,0.23201393053352176,0.3950922242480756
euclidean,3,6,0.38888888888888884,0.38888888888888884,0.75,0.24574232947494695,0.4115458896687646
pearson,3,6,0.5555555555555556,0.5555555555555556,0.8333333333333334,0.17664862879913257,0.3376274977956761
cosine,3,7,0.38888888888888884,0.38888888888888884,0.8055555555555555,0.23857094807768675,0.337893824627924
euclidean,3,7,0.4444444444444445,0.4444444444444445,0.6944444444444443,0.22956911192377838,0.3219862837684706
pearson,3,7,0.3333333333333333,0.3333333333333333,0.8333333333333334,0.22254794611272538,0.33966041012552584
cosine,3,8,0.3333333333333333,0.3333333333333333,0.8333333333333334,0.16735401188259064,0.3603358051587376
euclidean,3,8,0.4444444444444444,0.4444444444444444,0.5833333333333334,0.18979226427640467,0.36993185685729685
pearson,3,8,0.27777777777777773,0.27777777777777773,0.6666666666666666,0.1626004192141794,0.37042857103368376
cosine,3,9,0.5555555555555555,0.5555555555555555,0.75,0.2946937947660056,0.4002367489866679
euclidean,3,9,0.3888888888888889,0.3888888888888889,0.6388888888888888,0.2924524436315488,0.39787097355358697
pearson,3,9,0.38888888888888884,0.38888888888888884,0.8333333333333334,0.2972783108360481,0.4393457095850188
