distance,k,i,precision,recall,mrr,mae,rmse
cosine,2,0,0.5,0.5,1.0,0.1390528264563434,0.1806570197894676
euclidean,2,0,0.625,0.625,0.875,0.14443420759714068,0.17357050976555913
pearson,2,0,0.5,0.5,1.0,0.1058038503334255,0.12711005703918424
cosine,2,1,0.625,0.625,0.875,0.20114476642043283,0.3045798345207569
euclidean,2,1,0.5,0.5,0.875,0.20736310410403225,0.3072060871456796
pearson,2,1,0.375,0.375,0.75,0.17447177745431017,0.3330303879216079
cosine,2,2,0.5,0.5,0.875,0.1819165920698877,0.30973557674286206
euclidean,2,2,0.375,0.375,0.75,0.15324867683809903,0.20866451964113544
pearson,2,2,0.625,0.625,1.0,0.1156512622106031,0.1321559952920557
cosine,2,3,0.5,0.5,0.75,0.1966500907545124,0.3227203892367938
euclidean,2,3,0.375,0.375,0.5,0.21640282461271748,0.3364255948569021
pearson,2,3,0.625,0.625,0.75,0.19364170575233156,0.3412649363059143
cosine,2,4,0.5,0.5,0.875,0.15899212463643136,0.28638220192298475
euclidean,2,4,0.375,0.375,0.75,0.14953422727716012,0.18826314329177343
pearson,2,4,0.625,0.625,1.0,0.09272738812386838,0.11102329218261663
cosine,2,5,0.5,0.5,0.75,0.17993088580178124,0.32631397746702895
euclidean,2,5,0.125,0.125,0.125,0.2025533177370078,0.34105410308544415
pearson,2,5,0.5,0.5,0.75,0.1519508560338254,0.3273753572714502
cosine,2,6,0.625,0.625,1.0,0.16923279010238074,0.1961181598682237
euclidean,2,6,0.5,0.5,0.875,0.1657056998824328,0.1976132657245379
pearson,2,6,0.75,0.75,1.0,0.09376800280995214,0.11573726644978259
cosine,2,7,0.5,0.5,0.875,0.289857994930023,0.4143653443278207
euclidean,2,7,0.5,0.5,0.875,0.3215437843098937,0.420726683881803
pearson,2,7,0.625,0.625,0.625,0.12619116933527405,0.1437490574652476
cosine,2,8,0.625,0.625,1.0,0.10331954858741299,0.1235877347525177
euclidean,2,8,0.625,0.625,0.875,0.10804293358783186,0.12395678099285637
pearson,2,8,0.625,0.625,1.0,0.11074596854932858,0.1331008240140442
cosine,2,9,0.625,0.625,1.0,0.12695909193681698,0.13496890658523297
euclidean,2,9,0.375,0.375,0.75,0.13717898634648923,0.14436202276677512
pearson,2,9,0.625,0.625,1.0,0.12961466684184095,0.14061400966382537
