distance,k,i,precision,recall,mrr,mae,rmse
cosine,1,0,0.7777777777777778,0.7777777777777778,0.7777777777777778,0.12684228377455162,0.24392330967340975
euclidean,1,0,0.6666666666666666,0.6666666666666666,0.6666666666666666,0.13255977095898774,0.2521282543188454
pearson,1,0,0.7777777777777778,0.7777777777777778,0.7777777777777778,0.11311154579977147,0.2395951547590468
cosine,1,1,0.8888888888888888,0.8888888888888888,0.8888888888888888,0.16292594706066194,0.22106799278981992
euclidean,1,1,0.7777777777777778,0.7777777777777778,0.7777777777777778,0.1546245549308017,0.20995118821726053
pearson,1,1,0.7777777777777778,0.7777777777777778,0.7777777777777778,0.14716095095628962,0.21706817456552344
cosine,1,2,0.7777777777777778,0.7777777777777778,0.7777777777777778,0.20857645930787408,0.30243394572391713
euclidean,1,2,0.8888888888888888,0.8888888888888888,0.8888888888888888,0.20760326053495667,0.30398068013256924
pearson,1,2,0.7777777777777778,0.7777777777777778,0.7777777777777778,0.15873785790284642,0.2993417102432017
cosine,1,3,0.8888888888888888,0.8888888888888888,0.8888888888888888,0.1697256836019637,0.22041755598346832
euclidean,1,3,0.6666666666666666,0.6666666666666666,0.6666666666666666,0.1676833354525139,0.2206094769160793
pearson,1,3,0.7777777777777778,0.7777777777777778,0.7777777777777778,0.11229209686635398,0.2541911302948439
cosine,1,4,0.7777777777777778,0.7777777777777778,0.7777777777777778,0.18178627308695675,0.25534838657187914
euclidean,1,4,0.6666666666666666,0.6666666666666666,0.6666666666666666,0.16218730792404848,0.21419786374284652
pearson,1,4,0.7777777777777778,0.7777777777777778,0.7777777777777778,0.12794266542716842,0.23913593460228147
cosine,1,5,0.7777777777777778,0.7777777777777778,0.7777777777777778,0.22782953047753696,0.3238863522780846
euclidean,1,5,0.7777777777777778,0.7777777777777778,0.7777777777777778,0.2366380073624752,0.3124903651429047
pearson,1,5,1.0,1.0,1.0,0.09991645311632426,0.12807900494034083
cosine,1,6,0.7777777777777778,0.7777777777777778,0.7777777777777778,0.1779685484767609,0.28476217250832125
euclidean,1,6,0.6666666666666666,0.6666666666666666,0.6666666666666666,0.1712697009654231,0.24510143285323727
pearson,1,6,0.8888888888888888,0.8888888888888888,0.8888888888888888,0.13589413519047067,0.19283179530537312
cosine,1,7,0.8888888888888888,0.8888888888888888,0.8888888888888888,0.15788177661027822,0.23625015546816824
euclidean,1,7,0.6666666666666666,0.6666666666666666,0.6666666666666666,0.14419304330946625,0.20790652772266371
pearson,1,7,0.7777777777777778,0.7777777777777778,0.7777777777777778,0.13717653986199008,0.20050869398784285
cosine,1,8,0.6666666666666666,0.6666666666666666,0.6666666666666666,0.16596354095454893,0.2807879811033177
euclidean,1,8,0.6666666666666666,0.6666666666666666,0.6666666666666666,0.15078871970593083,0.22444284369485662
pearson,1,8,0.7777777777777778,0.7777777777777778,0.7777777777777778,0.13559656033517437,0.2637791330109115
cosine,1,9,0.6666666666666666,0.6666666666666666,0.6666666666666666,0.19542346984566009,0.36062512458706814
euclidean,1,9,0.6666666666666666,0.6666666666666666,0.6666666666666666,0.19438671749334407,0.3512250646843439
pearson,1,9,0.7777777777777778,0.7777777777777778,0.7777777777777778,0.13057834099923626,0.28770062446194533
