distance,k,i,precision,recall,mrr,mae,rmse
cosine,2,0,0.75,0.75,1.0,0.4215445070441029,0.518568337257177
euclidean,2,0,0.75,0.75,1.0,0.4177305795725352,0.5176370875137611
pearson,2,0,0.5,0.5,0.5,0.4227390180878551,0.565989155278277
cosine,2,1,0.625,0.625,1.0,0.3530644295146502,0.4539568487278698
euclidean,2,1,0.625,0.625,1.0,0.3671439964789395,0.4580572467822331
pearson,2,1,0.625,0.625,1.0,0.22502768549280178,0.24697892803070653
cosine,2,2,0.5,0.5,1.0,0.4287842336059716,0.528885078674823
euclidean,2,2,0.5,0.5,1.0,0.4273347932447586,0.5280428328963418
pearson,2,2,0.375,0.375,0.75,0.4493909191583609,0.5475852305230194
cosine,2,3,0.625,0.625,1.0,0.36865105644767693,0.4342267741362315
euclidean,2,3,0.625,0.625,1.0,0.3721883829793079,0.43922449011274056
pearson,2,3,0.75,0.75,1.0,0.25212255444813586,0.3398891222011891
cosine,2,4,0.75,0.75,1.0,0.38752847275545144,0.5080051413892369
euclidean,2,4,0.75,0.75,1.0,0.383733137062518,0.5074240773667236
pearson,2,4,0.375,0.375,0.5,0.5343669250645993,0.6029147486143724
cosine,2,5,0.375,0.375,0.75,0.219767441860465,0.2659592616695378
euclidean,2,5,0.5,0.5,0.75,0.2185112630003526,0.2655068819609248
pearson,2,5,0.375,0.375,0.75,0.219767441860465,0.2659592616695378
cosine,2,6,0.5,0.5,1.0,0.3276169476540908,0.48281705454091867
euclidean,2,6,0.5,0.5,1.0,0.32896468725932526,0.48302840154024357
pearson,2,6,0.375,0.375,0.75,0.2557452205110076,0.4597433515075463
cosine,2,7,0.5,0.5,1.0,0.5893573945761476,0.6871641730949619
euclidean,2,7,0.625,0.625,1.0,0.5857178575472426,0.6861574540507362
pearson,2,7,0.5,0.5,1.0,0.6702379755904202,0.7842580354587958
cosine,2,8,0.625,0.625,1.0,0.48042280747386795,0.5549363902064821
euclidean,2,8,0.625,0.625,1.0,0.4704906562589928,0.5484199906061049
pearson,2,8,0.5,0.5,0.75,0.5135658914728681,0.6333972575028649
cosine,2,9,0.625,0.625,0.75,0.4259785765965754,0.501974623702719
euclidean,2,9,0.5,0.5,0.75,0.4141764964611309,0.4943050143683255
pearson,2,9,0.625,0.625,0.75,0.4530084902177925,0.5642850837181461
