distance,k,i,precision,recall,mrr,mae,rmse
cosine,3,0,0.47619047619047616,0.47619047619047616,1.0,0.13355651481432915,0.22774576253319728
euclidean,3,0,0.42857142857142855,0.42857142857142855,1.0,0.11236952022690523,0.17154574952422585
pearson,3,0,0.47619047619047616,0.47619047619047616,1.0,0.1188958237310229,0.13559995205421696
cosine,3,1,0.5238095238095238,0.5238095238095238,1.0,0.13954495457938385,0.2825671914748784
euclidean,3,1,0.42857142857142855,0.42857142857142855,1.0,0.14054602732218624,0.2889424140726938
pearson,3,1,0.42857142857142855,0.42857142857142855,0.7142857142857143,0.14586579013067788,0.31944972559013857
cosine,3,2,0.4761904761904762,0.4761904761904762,1.0,0.17057912641065368,0.2851457449683201
euclidean,3,2,0.5714285714285714,0.5714285714285714,1.0,0.12990703778320764,0.17003208317579946
pearson,3,2,0.47619047619047616,0.47619047619047616,1.0,0.10032035115242774,0.1268969370500253
cosine,3,3,0.5714285714285714,0.5714285714285714,1.0,0.18929698743329,0.29050986026125614
euclidean,3,3,0.5238095238095238,0.5238095238095238,1.0,0.16479911946171816,0.23056303321836394
pearson,3,3,0.5238095238095238,0.5238095238095238,0.8571428571428571,0.16755872751817852,0.26870913745888847
cosine,3,4,0.42857142857142855,0.42857142857142855,1.0,0.2123859650585437,0.3617173549008669
euclidean,3,4,0.47619047619047616,0.47619047619047616,1.0,0.2091775315570123,0.3566131936128984
pearson,3,4,0.2857142857142857,0.2857142857142857,0.7142857142857143,0.1585225539755268,0.32334466148794866
cosine,3,5,0.2857142857142857,0.2857142857142857,0.6428571428571429,0.20875854246530923,0.32885781231279876
euclidean,3,5,0.23809523809523808,0.23809523809523808,0.42857142857142855,0.19698122083931086,0.32735457783367117
pearson,3,5,0.2857142857142857,0.2857142857142857,0.619047619047619,0.18846055369538114,0.3249433980348878
cosine,3,6,0.5714285714285714,0.5714285714285714,1.0,0.14061426590661327,0.22459317794313188
euclidean,3,6,0.5714285714285714,0.5714285714285714,1.0,0.1220305687514392,0.18357257325863982
pearson,3,6,0.5238095238095238,0.5238095238095238,1.0,0.1349715830424333,0.16073156580489767
cosine,3,7,0.42857142857142855,0.42857142857142855,0.9285714285714286,0.17625153369165183,0.20718154605305186
euclidean,3,7,0.5714285714285714,0.5714285714285714,1.0,0.13477913190932242,0.1601543488748029
pearson,3,7,0.38095238095238093,0.38095238095238093,1.0,0.11890184542780095,0.13938880905223233
cosine,3,8,0.5714285714285714,0.5714285714285714,1.0,0.22919796687619365,0.36244983247473783
euclidean,3,8,0.5714285714285714,0.5714285714285714,1.0,0.198358467937088,0.2914594191048669
pearson,3,8,0.47619047619047616,0.47619047619047616,0.8571428571428571,0.11587268580406447,0.1643184808295808
cosine,3,9,0.5714285714285714,0.5714285714285714,1.0,0.14994363171206637,0.22863152479081236
euclidean,3,9,0.42857142857142855,0.42857142857142855,1.0,0.15173678018950257,0.2268686210908796
pearson,3,9,0.47619047619047616,0.47619047619047616,0.8571428571428571,0.15462388146288172,0.2578047448423194
