distance,k,i,precision,recall,mrr,mae,rmse
cosine,1,0,0.8571428571428571,0.8571428571428571,0.8571428571428571,0.42000000000000004,0.4586345811344208
euclidean,1,0,0.8571428571428571,0.8571428571428571,0.8571428571428571,0.42000000000000004,0.4586345811344208
pearson,1,0,0.8571428571428571,0.8571428571428571,0.8571428571428571,0.72,0.7618042261712293
cosine,1,1,0.8571428571428571,0.8571428571428571,0.8571428571428571,0.5399999999999998,0.5511603920618549
euclidean,1,1,0.8571428571428571,0.8571428571428571,0.8571428571428571,0.5389610389610388,0.5500927991412201
pearson,1,1,0.42857142857142855,0.42857142857142855,0.42857142857142855,0.7999999999999998,0.8432740427115677
cosine,1,2,0.7142857142857143,0.7142857142857143,0.7142857142857143,0.5099999999999998,0.5128051635879547
euclidean,1,2,0.7142857142857143,0.7142857142857143,0.7142857142857143,0.5097087378640774,0.5124930942179744
pearson,1,2,0.5714285714285714,0.5714285714285714,0.5714285714285714,0.5999999999999999,0.6344045521608976
cosine,1,3,1.0,1.0,1.0,0.5999999999999999,0.5999999999999999
euclidean,1,3,1.0,1.0,1.0,0.5980392156862744,0.5980392156862744
pearson,1,3,0.2857142857142857,0.2857142857142857,0.2857142857142857,0.9999999999999998,0.9999999999999998
cosine,1,4,0.8571428571428571,0.8571428571428571,0.8571428571428571,0.41999999999999993,0.4586345811344208
euclidean,1,4,0.8571428571428571,0.8571428571428571,0.8571428571428571,0.41999999999999993,0.4586345811344208
pearson,1,4,0.42857142857142855,0.42857142857142855,0.42857142857142855,0.72,0.7618042261712293
cosine,1,5,0.7142857142857143,0.7142857142857143,0.7142857142857143,0.5399999999999998,0.5511603920618549
euclidean,1,5,0.8571428571428571,0.8571428571428571,0.8571428571428571,0.538961038961039,0.55009279914122
pearson,1,5,0.8571428571428571,0.8571428571428571,0.8571428571428571,0.7999999999999998,0.8432740427115677
cosine,1,6,0.7142857142857143,0.7142857142857143,0.7142857142857143,0.42000000000000004,0.43270609875669025
euclidean,1,6,0.7142857142857143,0.7142857142857143,0.7142857142857143,0.42000000000000004,0.43270609875669025
pearson,1,6,0.7142857142857143,0.7142857142857143,0.7142857142857143,0.7199999999999999,0.7982697338000697
cosine,1,7,0.7142857142857143,0.7142857142857143,0.7142857142857143,0.5999999999999999,0.5999999999999999
euclidean,1,7,0.7142857142857143,0.7142857142857143,0.7142857142857143,0.5980392156862744,0.5980392156862744
pearson,1,7,0.7142857142857143,0.7142857142857143,0.7142857142857143,0.9999999999999998,0.9999999999999998
cosine,1,8,0.7142857142857143,0.7142857142857143,0.7142857142857143,0.42000000000000004,0.44993826737058545
euclidean,1,8,0.7142857142857143,0.7142857142857143,0.7142857142857143,0.41999999999999993,0.44993826737058545
pearson,1,8,0.7142857142857143,0.7142857142857143,0.7142857142857143,0.7199999999999999,0.7566005844859256
cosine,1,9,0.7142857142857143,0.7142857142857143,0.7142857142857143,0.51,0.5128051635879547
euclidean,1,9,0.7142857142857143,0.7142857142857143,0.7142857142857143,0.5097087378640776,0.5124930942179744
pearson,1,9,0.7142857142857143,0.7142857142857143,0.7142857142857143,0.5999999999999999,0.6344045521608975
