distance,k,i,precision,recall,mrr,mae,rmse
cosine,1,0,0.6666666666666666,0.6666666666666666,0.6666666666666666,0.4383872820636176,0.5277101694879429
euclidean,1,0,0.6666666666666666,0.6666666666666666,0.6666666666666666,0.4381624130137374,0.5275221493775427
pearson,1,0,0.6666666666666666,0.6666666666666666,0.6666666666666666,0.42547425474254724,0.5173100308002911
cosine,1,1,0.6666666666666666,0.6666666666666666,0.6666666666666666,0.21635708167410675,0.41468373434999006
euclidean,1,1,0.6666666666666666,0.6666666666666666,0.6666666666666666,0.21551174216926594,0.4145634014116028
pearson,1,1,0.6666666666666666,0.6666666666666666,0.6666666666666666,0.2223577235772357,0.4158333924442139
cosine,1,2,1.0,1.0,1.0,0.17615176151761505,0.19360919916081337
euclidean,1,2,0.6666666666666666,0.6666666666666666,0.6666666666666666,0.17096674871086162,0.18862728842603935
pearson,1,2,1.0,1.0,1.0,0.23184281842818424,0.2548450897808335
cosine,1,3,1.0,1.0,1.0,0.18802052310694273,0.3371897129248281
euclidean,1,3,1.0,1.0,1.0,0.17411885391341328,0.32205616243480795
pearson,1,3,0.6666666666666666,0.6666666666666666,0.6666666666666666,0.27845528455284546,0.4385866155206978
cosine,1,4,0.6666666666666666,0.6666666666666666,0.6666666666666666,0.18751655644340956,0.41013039210140684
euclidean,1,4,0.6666666666666666,0.6666666666666666,0.6666666666666666,0.1878734770823819,0.41006702976123255
pearson,1,4,0.6666666666666666,0.6666666666666666,0.6666666666666666,0.18841463414634144,0.40996987986846717
cosine,1,5,0.3333333333333333,0.3333333333333333,0.3333333333333333,0.41108194759586764,0.549678978957833
euclidean,1,5,0.3333333333333333,0.3333333333333333,0.3333333333333333,0.4056058866800303,0.5456951648979471
pearson,1,5,0.3333333333333333,0.3333333333333333,0.3333333333333333,0.31788617886178855,0.5066717283736433
cosine,1,6,1.0,1.0,1.0,0.13086326031247209,0.17880895150430556
euclidean,1,6,1.0,1.0,1.0,0.1293212163983889,0.17716618617329086
pearson,1,6,1.0,1.0,1.0,0.17073170731707318,0.23582421633212067
cosine,1,7,1.0,1.0,1.0,0.09247967479674794,0.10816407864588515
euclidean,1,7,0.6666666666666666,0.6666666666666666,0.6666666666666666,0.09123526971285413,0.10651270335733681
pearson,1,7,1.0,1.0,1.0,0.18069105691056905,0.1955265537490147
cosine,1,8,1.0,1.0,1.0,0.10112224836205363,0.13865919274783825
euclidean,1,8,1.0,1.0,1.0,0.10177486608808128,0.1627224954131432
pearson,1,8,1.0,1.0,1.0,0.13211382113821132,0.15700479499492354
cosine,1,9,1.0,1.0,1.0,0.19167255454584853,0.22934649886384847
euclidean,1,9,1.0,1.0,1.0,0.20334182630613615,0.25031623544796844
pearson,1,9,1.0,1.0,1.0,0.16361788617886178,0.191298426027167
