distance,k,i,precision,recall,mrr,mae,rmse
cosine,2,0,0.7777777777777778,0.7777777777777778,0.8333333333333334,0.18736063445824833,0.23848582089928222
euclidean,2,0,0.7222222222222222,0.7222222222222222,0.8333333333333334,0.1748444325317519,0.21546525161318839
pearson,2,0,0.7777777777777778,0.7777777777777778,0.8888888888888888,0.17312181353248254,0.2079331725193092
cosine,2,1,0.7222222222222222,0.7222222222222222,0.8888888888888888,0.24731327132323339,0.29237594575155185
euclidean,2,1,0.6666666666666666,0.6666666666666666,0.7777777777777778,0.2362885293908184,0.27886600687275476
pearson,2,1,0.7222222222222222,0.7222222222222222,0.8888888888888888,0.20484847464239497,0.2606045504143302
cosine,2,2,0.6666666666666666,0.6666666666666666,0.7777777777777778,0.23153759758404602,0.36049067707381943
euclidean,2,2,0.7222222222222222,0.7222222222222222,0.7777777777777778,0.19726866756066364,0.26841553766258713
pearson,2,2,0.7222222222222222,0.7222222222222222,0.8888888888888888,0.11976378067886034,0.25607895641746975
cosine,2,3,0.7777777777777778,0.7777777777777778,0.8888888888888888,0.20610378902545234,0.2895637670644138
euclidean,2,3,0.7222222222222222,0.7222222222222222,0.8333333333333334,0.21478990966113748,0.2970038410762844
pearson,2,3,0.7222222222222222,0.7222222222222222,0.8888888888888888,0.16601668897134947,0.29033751303188926
cosine,2,4,0.7222222222222222,0.7222222222222222,0.8333333333333334,0.2728849939569907,0.38694977964323063
euclidean,2,4,0.6666666666666666,0.6666666666666666,0.7777777777777778,0.2577204366329004,0.3655325987636972
pearson,2,4,0.5555555555555556,0.5555555555555556,0.6666666666666666,0.2248687888950834,0.39847214018008636
cosine,2,5,0.8333333333333334,0.8333333333333334,1.0,0.16332344297420306,0.2443214647799671
euclidean,2,5,0.6666666666666666,0.6666666666666666,0.8333333333333334,0.15986002914364036,0.21671808830360859
pearson,2,5,0.7777777777777778,0.7777777777777778,1.0,0.16307714411939198,0.26289662168937983
cosine,2,6,0.7777777777777778,0.7777777777777778,0.8333333333333334,0.19613041710990187,0.3419092592733326
euclidean,2,6,0.6666666666666666,0.6666666666666666,0.7222222222222222,0.17952527080977773,0.336423768347977
pearson,2,6,0.7222222222222222,0.7222222222222222,0.7777777777777778,0.136971424374357,0.3308638276363267
cosine,2,7,0.6111111111111112,0.6111111111111112,0.7777777777777778,0.2669685690680362,0.3433828545319202
euclidean,2,7,0.6111111111111112,0.6111111111111112,0.7222222222222222,0.26112197099958456,0.33218483865578075
pearson,2,7,0.7222222222222222,0.7222222222222222,0.8888888888888888,0.20114190662203452,0.30560507296745676
cosine,2,8,0.7222222222222222,0.7222222222222222,0.8888888888888888,0.22496270186132789,0.34677560945081465
euclidean,2,8,0.6666666666666666,0.6666666666666666,0.7777777777777778,0.18454176034946745,0.2575787336743623
pearson,2,8,0.7777777777777778,0.7777777777777778,0.8888888888888888,0.15480367085997107,0.2765409242395408
cosine,2,9,0.8333333333333334,0.8333333333333334,0.8888888888888888,0.22954656000450385,0.3465023960157367
euclidean,2,9,0.7777777777777778,0.7777777777777778,0.8333333333333334,0.22160778109521448,0.31878574804095344
pearson,2,9,0.7222222222222222,0.7222222222222222,0.8888888888888888,0.19132455301011164,0.32154862771043424
