distance,k,i,precision,recall,mrr,mae,rmse
cosine,3,0,0.3333333333333333,0.3333333333333333,0.6666666666666666,0.5117945326278658,0.5455946576276514
euclidean,3,0,0.2222222222222222,0.2222222222222222,0.3333333333333333,0.43295945593974383,0.44839986570460433
pearson,3,0,0.4444444444444444,0.4444444444444444,1.0,0.3822751322751322,0.40004037648212387
cosine,3,1,0.7777777777777777,0.7777777777777777,1.0,0.4014550264550264,0.5366671257106048
euclidean,3,1,0.7777777777777777,0.7777777777777777,1.0,0.400695876599491,0.5364147423133877
pearson,3,1,0.6666666666666666,0.6666666666666666,0.6666666666666666,0.3955026455026454,0.5348006449087346
cosine,3,2,0.6666666666666666,0.6666666666666666,1.0,0.2228835978835979,0.31836016647694354
euclidean,3,2,0.3333333333333333,0.3333333333333333,0.6666666666666666,0.2396759661520082,0.2791532356019074
pearson,3,2,0.5555555555555555,0.5555555555555555,1.0,0.2923280423280423,0.3200566230942683
cosine,3,3,0.4444444444444444,0.4444444444444444,0.8333333333333334,0.4502841327822693,0.5773158927673477
euclidean,3,3,0.5555555555555555,0.5555555555555555,1.0,0.45431083965472696,0.5470124992210095
pearson,3,3,0.5555555555555555,0.5555555555555555,1.0,0.4351851851851851,0.4407640827930334
cosine,3,4,0.3333333333333333,0.3333333333333333,0.6666666666666666,0.3928213374152295,0.40699637159140134
euclidean,3,4,0.5555555555555555,0.5555555555555555,1.0,0.40164085355118584,0.40947296778273684
pearson,3,4,0.4444444444444444,0.4444444444444444,1.0,0.34259259259259256,0.3991159641157833
cosine,3,5,0.5555555555555555,0.5555555555555555,1.0,0.4618055555555556,0.5909576583441967
euclidean,3,5,0.5555555555555555,0.5555555555555555,1.0,0.46425706033376124,0.5933026818050512
pearson,3,5,0.2222222222222222,0.2222222222222222,0.3333333333333333,0.49999999999999983,0.6308400618805603
cosine,3,6,0.4444444444444444,0.4444444444444444,1.0,0.7083333333333333,0.8014743359029726
euclidean,3,6,0.4444444444444444,0.4444444444444444,1.0,0.7083333333333333,0.8014743359029726
pearson,3,6,0.4444444444444444,0.4444444444444444,1.0,0.7708333333333333,0.867027168611867
cosine,3,7,0.4444444444444444,0.4444444444444444,1.0,0.4683586862076108,0.5972955698657347
euclidean,3,7,0.4444444444444444,0.4444444444444444,1.0,0.46307194960212206,0.592165137091815
pearson,3,7,0.2222222222222222,0.2222222222222222,0.3333333333333333,0.4999999999999999,0.6308400618805603
cosine,3,8,0.3333333333333333,0.3333333333333333,0.5,0.5296000925565678,0.5516504770695463
euclidean,3,8,0.3333333333333333,0.3333333333333333,0.5,0.5409894755003449,0.5636115961287756
pearson,3,8,0.3333333333333333,0.3333333333333333,0.6666666666666666,0.38888888888888873,0.43368495531156337
cosine,3,9,0.3333333333333333,0.3333333333333333,0.6666666666666666,0.30291005291005296,0.5055688105821207
euclidean,3,9,0.3333333333333333,0.3333333333333333,0.6666666666666666,0.30291005291005296,0.5055688105821207
pearson,3,9,0.3333333333333333,0.3333333333333333,0.6666666666666666,0.30291005291005285,0.5055688105821206
