distance,k,i,precision,recall,mrr,mae,rmse
cosine,1,0,0.75,0.75,0.75,0.38888888888888884,0.41943524640393043
euclidean,1,0,0.75,0.75,0.75,0.38888888888888884,0.41943524640393043
pearson,1,0,0.25,0.25,0.25,0.7777777777777777,0.8388704928078609
cosine,1,1,1.0,1.0,1.0,0.38888888888888884,0.41943524640393043
euclidean,1,1,1.0,1.0,1.0,0.38888888888888884,0.41943524640393043
pearson,1,1,0.25,0.25,0.25,0.7777777777777777,0.8388704928078609
cosine,1,2,0.5,0.5,0.5,0.5555555555555555,0.5669933698743587
euclidean,1,2,0.5,0.5,0.5,0.5526315789473683,0.5635676489309106
pearson,1,2,0.5,0.5,0.5,0.6666666666666665,0.7118052168020873
cosine,1,3,0.75,0.75,0.75,0.27777777777777773,0.3294214906749687
euclidean,1,3,0.75,0.75,0.75,0.27777777777777773,0.3294214906749687
pearson,1,3,0.5,0.5,0.5,0.44444444444444436,0.598764159346999
cosine,1,4,1.0,1.0,1.0,0.38888888888888884,0.41943524640393043
euclidean,1,4,1.0,1.0,1.0,0.38888888888888884,0.41943524640393043
pearson,1,4,0.25,0.25,0.25,0.7777777777777777,0.8388704928078609
cosine,1,5,0.75,0.75,0.75,0.38888888888888884,0.4203173404306163
euclidean,1,5,0.75,0.75,0.75,0.38888888888888884,0.4203173404306163
pearson,1,5,0.5,0.5,0.5,0.44444444444444436,0.4521553322083511
cosine,1,6,0.75,0.75,0.75,0.3888888888888888,0.41943524640393043
euclidean,1,6,0.75,0.75,0.75,0.3888888888888888,0.41943524640393043
pearson,1,6,0.25,0.25,0.25,0.7777777777777777,0.8388704928078609
cosine,1,7,1.0,1.0,1.0,0.38888888888888884,0.41943524640393043
euclidean,1,7,1.0,1.0,1.0,0.38888888888888884,0.41943524640393043
pearson,1,7,0.25,0.25,0.25,0.7777777777777777,0.8388704928078609
cosine,1,8,0.75,0.75,0.75,0.5555555555555555,0.5669933698743587
euclidean,1,8,0.75,0.75,0.75,0.5526315789473683,0.5635676489309106
pearson,1,8,0.5,0.5,0.5,0.6666666666666665,0.7118052168020873
cosine,1,9,1.0,1.0,1.0,0.38888888888888884,0.41943524640393043
euclidean,1,9,1.0,1.0,1.0,0.38888888888888884,0.41943524640393043
pearson,1,9,0.25,0.25,0.25,0.7777777777777777,0.8388704928078609
