distance,k,i,precision,recall,mrr,mae,rmse
cosine,1,0,1.0,1.0,1.0,0.2070225561346503,0.2532827393447329
euclidean,1,0,1.0,1.0,1.0,0.1651654434861015,0.2234484407380122
pearson,1,0,0.5,0.5,0.5,0.364705882352941,0.405779786883473
cosine,1,1,1.0,1.0,1.0,0.521035226142484,0.550558133590253
euclidean,1,1,0.75,0.75,0.75,0.49851698065015243,0.5278194999398779
pearson,1,1,1.0,1.0,1.0,0.3946078431372547,0.4096599451558923
cosine,1,2,1.0,1.0,1.0,0.22694833302657993,0.2604961184823543
euclidean,1,2,1.0,1.0,1.0,0.20549701039682575,0.24030107747735494
pearson,1,2,0.75,0.75,0.75,0.1411764705882353,0.2018751008036666
cosine,1,3,0.75,0.75,0.75,0.5320743137894853,0.5831178627635547
euclidean,1,3,0.75,0.75,0.75,0.44380458063389955,0.4739110082619466
pearson,1,3,0.75,0.75,0.75,0.38795518207282903,0.43195261846455835
cosine,1,4,1.0,1.0,1.0,0.2989541135645319,0.3618036561445891
euclidean,1,4,1.0,1.0,1.0,0.31899888151662203,0.3787801305408904
pearson,1,4,0.75,0.75,0.75,0.4784313725490195,0.5751151197800449
cosine,1,5,0.25,0.25,0.25,0.4408963585434174,0.5916918584773918
euclidean,1,5,0.25,0.25,0.25,0.4408963585434174,0.5916918584773918
pearson,1,5,0.25,0.25,0.25,0.3878618113912231,0.5451215173261359
cosine,1,6,1.0,1.0,1.0,0.1163535323137562,0.15388227794465736
euclidean,1,6,1.0,1.0,1.0,0.16582097535965967,0.19076728245086402
pearson,1,6,0.5,0.5,0.5,0.28403361344537814,0.33187544565172544
cosine,1,7,1.0,1.0,1.0,0.1757748260594559,0.234870967455336
euclidean,1,7,0.75,0.75,0.75,0.14407125834529705,0.20434245688859573
pearson,1,7,1.0,1.0,1.0,0.25350140056022397,0.28713124227282405
cosine,1,8,0.75,0.75,0.75,0.3185362527921395,0.440185714070524
euclidean,1,8,0.75,0.75,0.75,0.3409017752178324,0.4686708303636146
pearson,1,8,1.0,1.0,1.0,0.3153361344537814,0.3592790851354679
cosine,1,9,0.75,0.75,0.75,0.49907913658668746,0.6116937643122576
euclidean,1,9,0.75,0.75,0.75,0.497515335667947,0.6110729909530482
pearson,1,9,0.5,0.5,0.5,0.5092436974789915,0.6536395209437169
