distance,k,i,precision,recall,mrr,mae,rmse
cosine,2,0,0.5,0.5,1.0,0.2548780487804878,0.27897546510913357
euclidean,2,0,0.5,0.5,0.8333333333333334,0.24316655400406748,0.27086123722702377
pearson,2,0,0.5,0.5,0.6666666666666666,0.23455284552845526,0.3329908512253778
cosine,2,1,0.5,0.5,0.6666666666666666,0.28404290229256574,0.3421008374620772
euclidean,2,1,0.5,0.5,1.0,0.28258038928876483,0.30545900540390886
pearson,2,1,0.3333333333333333,0.3333333333333333,0.6666666666666666,0.3678861788617886,0.39971464307514504
cosine,2,2,0.5,0.5,0.8333333333333334,0.31711984477164296,0.40832235351255053
euclidean,2,2,0.5,0.5,1.0,0.30120704466124304,0.3687661233186747
pearson,2,2,0.6666666666666666,0.6666666666666666,1.0,0.32994579945799446,0.3349015427530915
cosine,2,3,0.3333333333333333,0.3333333333333333,0.6666666666666666,0.30494136778328157,0.4512668490240088
euclidean,2,3,0.3333333333333333,0.3333333333333333,0.6666666666666666,0.3049240171856154,0.45128618607927024
pearson,2,3,0.16666666666666666,0.16666666666666666,0.3333333333333333,0.37195121951219506,0.5192363480037209
cosine,2,4,0.16666666666666666,0.16666666666666666,0.3333333333333333,0.3449864498644987,0.5193414650479729
euclidean,2,4,0.16666666666666666,0.16666666666666666,0.3333333333333333,0.3449864498644987,0.5193414650479729
pearson,2,4,0.16666666666666666,0.16666666666666666,0.3333333333333333,0.34498644986449856,0.5193414650479727
cosine,2,5,0.3333333333333333,0.3333333333333333,0.6666666666666666,0.3007926466582128,0.4019527195483926
euclidean,2,5,0.3333333333333333,0.3333333333333333,0.6666666666666666,0.26506089804612537,0.38287585098815896
pearson,2,5,0.3333333333333333,0.3333333333333333,0.6666666666666666,0.27845528455284546,0.4385866155206978
cosine,2,6,0.3333333333333333,0.3333333333333333,0.6666666666666666,0.26538415477545924,0.42609246894011665
euclidean,2,6,0.3333333333333333,0.3333333333333333,0.6666666666666666,0.2650372290593144,0.4259684968528568
pearson,2,6,0.3333333333333333,0.3333333333333333,0.6666666666666666,0.2538617886178861,0.4228700422611489
cosine,2,7,0.5,0.5,0.8333333333333334,0.20399728997289968,0.4114279367026376
euclidean,2,7,0.5,0.5,0.8333333333333334,0.20399728997289968,0.4114279367026376
pearson,2,7,0.3333333333333333,0.3333333333333333,0.6666666666666666,0.23997289972899727,0.330400292416484
cosine,2,8,0.3333333333333333,0.3333333333333333,0.6666666666666666,0.1959539057838464,0.4130166700904301
euclidean,2,8,0.3333333333333333,0.3333333333333333,0.6666666666666666,0.19328319228658497,0.41208886280216805
pearson,2,8,0.3333333333333333,0.3333333333333333,0.6666666666666666,0.18780487804878043,0.4105055090405091
cosine,2,9,0.3333333333333333,0.3333333333333333,0.6666666666666666,0.3213408301027448,0.44395525012887216
euclidean,2,9,0.3333333333333333,0.3333333333333333,0.6666666666666666,0.32243022228065943,0.4446290744741255
pearson,2,9,0.3333333333333333,0.3333333333333333,0.6666666666666666,0.31537940379403784,0.4405359842541653
