distance,k,i,precision,recall,mrr,mae,rmse
cosine,3,0,0.4074074074074074,0.4074074074074074,1.0,0.4309870448800394,0.4963949187128453
euclidean,3,0,0.4074074074074074,0.4074074074074074,1.0,0.4281839907441823,0.4905667928335869
pearson,3,0,0.3703703703703704,0.3703703703703704,0.7777777777777778,0.6027981127607923,0.7060957254504654
cosine,3,1,0.4444444444444444,0.4444444444444444,1.0,0.2697369910424218,0.33186281471178036
euclidean,3,1,0.48148148148148145,0.48148148148148145,1.0,0.27623371718875817,0.33775047870806496
pearson,3,1,0.2962962962962963,0.2962962962962963,0.6666666666666666,0.4640598878891798,0.6117230009434657
cosine,3,2,0.4074074074074074,0.4074074074074074,1.0,0.33260370162588615,0.43862458477294436
euclidean,3,2,0.4074074074074074,0.4074074074074074,1.0,0.3108318014971589,0.42598573432803144
pearson,3,2,0.3703703703703704,0.3703703703703704,0.8888888888888888,0.4508900169488826,0.6267397360179834
cosine,3,3,0.4074074074074074,0.4074074074074074,1.0,0.33413838273050794,0.3717164340451465
euclidean,3,3,0.4074074074074074,0.4074074074074074,1.0,0.33437228180599604,0.3691567763864543
pearson,3,3,0.3703703703703704,0.3703703703703704,0.8888888888888888,0.35235382995734527,0.43865673715767317
cosine,3,4,0.4074074074074074,0.4074074074074074,1.0,0.38426159643341135,0.47095374606914625
euclidean,3,4,0.3703703703703704,0.3703703703703704,1.0,0.38365073243523473,0.46827506715178696
pearson,3,4,0.3333333333333333,0.3333333333333333,0.8888888888888888,0.49249467857147966,0.6431273289996013
cosine,3,5,0.3703703703703704,0.3703703703703704,1.0,0.19589626829342333,0.26604053282753665
euclidean,3,5,0.4074074074074074,0.4074074074074074,1.0,0.18359138263006589,0.24951164653300062
pearson,3,5,0.2962962962962963,0.2962962962962963,0.6666666666666666,0.34840927597826715,0.5191587652479853
cosine,3,6,0.48148148148148145,0.48148148148148145,1.0,0.30711520215766763,0.3482249821376301
euclidean,3,6,0.48148148148148145,0.48148148148148145,1.0,0.29610281034440966,0.3377515600293465
pearson,3,6,0.37037037037037035,0.37037037037037035,0.6666666666666666,0.4257215007215006,0.5294638100197373
cosine,3,7,0.3703703703703704,0.3703703703703704,1.0,0.18652847512589119,0.260126570804429
euclidean,3,7,0.3703703703703704,0.3703703703703704,1.0,0.1856181752579576,0.2596713083421817
pearson,3,7,0.2962962962962963,0.2962962962962963,0.7777777777777778,0.3128676023633232,0.4323250748851556
cosine,3,8,0.3703703703703704,0.3703703703703704,1.0,0.20800124189604274,0.2949163468091581
euclidean,3,8,0.3703703703703704,0.3703703703703704,1.0,0.18054203987576461,0.24957483343635561
pearson,3,8,0.25925925925925924,0.25925925925925924,0.6666666666666666,0.3787764179906224,0.5663066765332783
cosine,3,9,0.4444444444444444,0.4444444444444444,1.0,0.22560561360879558,0.27273852321474257
euclidean,3,9,0.4074074074074074,0.4074074074074074,1.0,0.21542461826928988,0.2541655499602967
pearson,3,9,0.3703703703703704,0.3703703703703704,0.8888888888888888,0.2715476471200838,0.3897294385270802
