distance,k,i,precision,recall,mrr,mae,rmse
cosine,1,0,0.4444444444444444,0.4444444444444444,0.4444444444444444,0.2819492315143656,0.42409653857752966
euclidean,1,0,0.3333333333333333,0.3333333333333333,0.3333333333333333,0.24188158294600004,0.35944996626052417
pearson,1,0,0.3333333333333333,0.3333333333333333,0.3333333333333333,0.2953242835595777,0.45644542037502767
cosine,1,1,0.4444444444444444,0.4444444444444444,0.4444444444444444,0.23446664446223806,0.37635725959809124
euclidean,1,1,0.5555555555555556,0.5555555555555556,0.5555555555555556,0.23836348654221087,0.36126788971342033
pearson,1,1,0.4444444444444444,0.4444444444444444,0.4444444444444444,0.22208913147265666,0.3818772957913717
cosine,1,2,0.5555555555555556,0.5555555555555556,0.5555555555555556,0.2558725659018992,0.386537412786467
euclidean,1,2,0.5555555555555556,0.5555555555555556,0.5555555555555556,0.24105345318403817,0.34840114502647684
pearson,1,2,0.6666666666666666,0.6666666666666666,0.6666666666666666,0.21735294117647055,0.34144667049058963
cosine,1,3,0.6666666666666666,0.6666666666666666,0.6666666666666666,0.31640955757854095,0.3615791797104061
euclidean,1,3,0.6666666666666666,0.6666666666666666,0.6666666666666666,0.31914341019102654,0.36557699142566247
pearson,1,3,0.8888888888888888,0.8888888888888888,0.8888888888888888,0.1879040340701742,0.23945385657636578
cosine,1,4,0.4444444444444444,0.4444444444444444,0.4444444444444444,0.2255903003711317,0.3241269050069608
euclidean,1,4,0.3333333333333333,0.3333333333333333,0.3333333333333333,0.20699874589495298,0.2887765151629838
pearson,1,4,0.4444444444444444,0.4444444444444444,0.4444444444444444,0.229813662644545,0.35884094524440946
cosine,1,5,0.6666666666666666,0.6666666666666666,0.6666666666666666,0.2848708995299101,0.37203555506438746
euclidean,1,5,0.7777777777777778,0.7777777777777778,0.7777777777777778,0.285424855448656,0.37135299334181543
pearson,1,5,0.8888888888888888,0.8888888888888888,0.8888888888888888,0.23179386366049065,0.32640782224333115
cosine,1,6,0.6666666666666666,0.6666666666666666,0.6666666666666666,0.2737405028183901,0.37952567783777846
euclidean,1,6,0.7777777777777778,0.7777777777777778,0.7777777777777778,0.2710456932673807,0.3771176380283208
pearson,1,6,0.5555555555555556,0.5555555555555556,0.5555555555555556,0.2691915208228941,0.4099709112901847
cosine,1,7,0.7777777777777778,0.7777777777777778,0.7777777777777778,0.1720730225154785,0.2381090082426371
euclidean,1,7,0.7777777777777778,0.7777777777777778,0.7777777777777778,0.17722161131671488,0.23596408271109856
pearson,1,7,0.8888888888888888,0.8888888888888888,0.8888888888888888,0.16547403801353353,0.22118246752007126
cosine,1,8,0.6666666666666666,0.6666666666666666,0.6666666666666666,0.2171487846271333,0.3189742377610294
euclidean,1,8,0.4444444444444444,0.4444444444444444,0.4444444444444444,0.2370224740722526,0.3113386001809523
pearson,1,8,0.6666666666666666,0.6666666666666666,0.6666666666666666,0.17347913524384118,0.29170239671976117
cosine,1,9,0.4444444444444444,0.4444444444444444,0.4444444444444444,0.18750128646952588,0.32566573704712404
euclidean,1,9,0.5555555555555556,0.5555555555555556,0.5555555555555556,0.19140736835999378,0.3287196978136246
pearson,1,9,0.4444444444444444,0.4444444444444444,0.4444444444444444,0.20126005530417299,0.33685294013578954
