distance,k,i,precision,recall,mrr,mae,rmse
cosine,1,0,0.5714285714285714,0.5714285714285714,0.5714285714285714,0.2538344545691061,0.3669309950648064
euclidean,1,0,0.42857142857142855,0.42857142857142855,0.42857142857142855,0.27717127150164306,0.37393346661689375
pearson,1,0,0.8571428571428571,0.8571428571428571,0.8571428571428571,0.23692475814534733,0.30479005289269323
cosine,1,1,0.5714285714285714,0.5714285714285714,0.5714285714285714,0.1907065430673735,0.30470285758409343
euclidean,1,1,0.42857142857142855,0.42857142857142855,0.42857142857142855,0.21287257506631146,0.31221544772050097
pearson,1,1,0.7142857142857143,0.7142857142857143,0.7142857142857143,0.1457378868788304,0.22464915729919682
cosine,1,2,0.42857142857142855,0.42857142857142855,0.42857142857142855,0.2333438355036525,0.36778577715536365
euclidean,1,2,0.42857142857142855,0.42857142857142855,0.42857142857142855,0.24054428219130503,0.36818543071706533
pearson,1,2,0.42857142857142855,0.42857142857142855,0.42857142857142855,0.248095238095238,0.44136418427358365
cosine,1,3,0.5714285714285714,0.5714285714285714,0.5714285714285714,0.2461000444744834,0.3677976448332544
euclidean,1,3,0.42857142857142855,0.42857142857142855,0.42857142857142855,0.2537537834165911,0.3702138268184805
pearson,1,3,0.7142857142857143,0.7142857142857143,0.7142857142857143,0.2036076353897572,0.33182692382601825
cosine,1,4,0.7142857142857143,0.7142857142857143,0.7142857142857143,0.1788040734733468,0.22950369184559685
euclidean,1,4,0.42857142857142855,0.42857142857142855,0.42857142857142855,0.17402638529642137,0.2204262238214142
pearson,1,4,0.8571428571428571,0.8571428571428571,0.8571428571428571,0.15006588414070307,0.21959903428057623
cosine,1,5,0.7142857142857143,0.7142857142857143,0.7142857142857143,0.2151215731428092,0.30673984538565474
euclidean,1,5,0.5714285714285714,0.5714285714285714,0.5714285714285714,0.214597455769742,0.305610288946066
pearson,1,5,0.5714285714285714,0.5714285714285714,0.5714285714285714,0.24972222222222218,0.34437278669074867
cosine,1,6,0.42857142857142855,0.42857142857142855,0.42857142857142855,0.3350223668734946,0.40906795741577817
euclidean,1,6,0.5714285714285714,0.5714285714285714,0.5714285714285714,0.29954352454232996,0.3599150495027737
pearson,1,6,0.5714285714285714,0.5714285714285714,0.5714285714285714,0.2547819240995405,0.3626589344646185
cosine,1,7,0.42857142857142855,0.42857142857142855,0.42857142857142855,0.21803788363178828,0.3205277399035353
euclidean,1,7,0.42857142857142855,0.42857142857142855,0.42857142857142855,0.2355527967313224,0.3228796000321463
pearson,1,7,0.8571428571428571,0.8571428571428571,0.8571428571428571,0.1445539941443142,0.20861551058218292
cosine,1,8,0.5714285714285714,0.5714285714285714,0.5714285714285714,0.21826077330358634,0.28245840752146933
euclidean,1,8,0.42857142857142855,0.42857142857142855,0.42857142857142855,0.22529965289390305,0.28308289433540745
pearson,1,8,0.5714285714285714,0.5714285714285714,0.5714285714285714,0.18556084656084654,0.2514657551936354
cosine,1,9,0.7142857142857143,0.7142857142857143,0.7142857142857143,0.28279853975133684,0.34179150103562767
euclidean,1,9,0.42857142857142855,0.42857142857142855,0.42857142857142855,0.286214786734966,0.3428678553005613
pearson,1,9,0.7142857142857143,0.7142857142857143,0.7142857142857143,0.297773454430267,0.376539240154582
