distance,k,i,precision,recall,mrr,mae,rmse
cosine,1,0,0.4444444444444444,0.4444444444444444,0.4444444444444444,0.2972498052297285,0.394569225149383
euclidean,1,0,0.4444444444444444,0.4444444444444444,0.4444444444444444,0.2966916219605869,0.39671076038830344
pearson,1,0,0.5555555555555556,0.5555555555555556,0.5555555555555556,0.2204047156251201,0.3537638807483413
cosine,1,1,0.4444444444444444,0.4444444444444444,0.4444444444444444,0.2930397969047731,0.44549679161257255
euclidean,1,1,0.4444444444444444,0.4444444444444444,0.4444444444444444,0.30814082988218233,0.44148091037470777
pearson,1,1,0.6666666666666666,0.6666666666666666,0.6666666666666666,0.18359242434267387,0.3339017358074135
cosine,1,2,0.3333333333333333,0.3333333333333333,0.3333333333333333,0.26478654411836855,0.35856175023736425
euclidean,1,2,0.4444444444444444,0.4444444444444444,0.4444444444444444,0.2766333155230253,0.3681540415718206
pearson,1,2,0.6666666666666666,0.6666666666666666,0.6666666666666666,0.2308823529411764,0.3554394567365184
cosine,1,3,0.4444444444444444,0.4444444444444444,0.4444444444444444,0.2609116356553616,0.3512311165902182
euclidean,1,3,0.4444444444444444,0.4444444444444444,0.4444444444444444,0.24295826954821495,0.31666307412167766
pearson,1,3,0.4444444444444444,0.4444444444444444,0.4444444444444444,0.1977311984371381,0.3213380069524522
cosine,1,4,0.5555555555555556,0.5555555555555556,0.5555555555555556,0.28735830654891975,0.40564351673388627
euclidean,1,4,0.6666666666666666,0.6666666666666666,0.6666666666666666,0.29249549429589905,0.40197501613314357
pearson,1,4,0.8888888888888888,0.8888888888888888,0.8888888888888888,0.19697923822956073,0.32865335134175433
cosine,1,5,0.4444444444444444,0.4444444444444444,0.4444444444444444,0.2480747468311506,0.3559281126851769
euclidean,1,5,0.3333333333333333,0.3333333333333333,0.3333333333333333,0.2594513338399125,0.3600307872765728
pearson,1,5,0.5555555555555556,0.5555555555555556,0.5555555555555556,0.2035083717834248,0.3481823764385081
cosine,1,6,0.6666666666666666,0.6666666666666666,0.6666666666666666,0.2531296575047384,0.3493102396043327
euclidean,1,6,0.5555555555555556,0.5555555555555556,0.5555555555555556,0.2881877910549857,0.3662567581324905
pearson,1,6,0.5555555555555556,0.5555555555555556,0.5555555555555556,0.2429640538049488,0.35522409235142244
cosine,1,7,0.7777777777777778,0.7777777777777778,0.7777777777777778,0.19015948033805163,0.293417190034371
euclidean,1,7,0.6666666666666666,0.6666666666666666,0.6666666666666666,0.1702690586558378,0.21857500842093494
pearson,1,7,0.8888888888888888,0.8888888888888888,0.8888888888888888,0.13481646776244482,0.21425067192999783
cosine,1,8,0.6666666666666666,0.6666666666666666,0.6666666666666666,0.2885463705601268,0.4454557102008745
euclidean,1,8,0.5555555555555556,0.5555555555555556,0.5555555555555556,0.28641359116976395,0.4411546749711653
pearson,1,8,0.4444444444444444,0.4444444444444444,0.4444444444444444,0.29467570614315003,0.48364276607547046
cosine,1,9,0.6666666666666666,0.6666666666666666,0.6666666666666666,0.27761865371485855,0.38338996401903735
euclidean,1,9,0.4444444444444444,0.4444444444444444,0.4444444444444444,0.2605634664750583,0.35575142776289026
pearson,1,9,0.5555555555555556,0.5555555555555556,0.5555555555555556,0.25980392156862736,0.4035064050058774
