distance,k,i,precision,recall,mrr,mae,rmse
cosine,2,0,0.6,0.6,0.8,0.19530877899688226,0.39182829618085857
euclidean,2,0,0.5,0.5,0.8,0.19311268633152193,0.3706654644113088
pearson,2,0,0.5,0.5,0.7,0.19691988886844725,0.37389989687865866
cosine,2,1,0.5,0.5,0.8,0.18461181810521757,0.3147376227107903
euclidean,2,1,0.5,0.5,0.8,0.19163688773056617,0.2997201157519026
pearson,2,1,0.4,0.4,0.6,0.17129619610304347,0.3580887694196646
cosine,2,2,0.5,0.5,1.0,0.1514408062933081,0.20484554246701658
euclidean,2,2,0.5,0.5,0.8,0.1614478044735431,0.21821974701326263
pearson,2,2,0.4,0.4,0.8,0.1631566990252996,0.2299602705132882
cosine,2,3,0.4,0.4,0.7,0.19925976055540376,0.34638558541459746
euclidean,2,3,0.5,0.5,0.8,0.2014532122681925,0.3403367963687447
pearson,2,3,0.4,0.4,0.7,0.21330170149692532,0.4016080495832612
cosine,2,4,0.7,0.7,0.9,0.25394796843259504,0.36095600230321917
euclidean,2,4,0.6,0.6,0.8,0.2496909902490879,0.3554275819663202
pearson,2,4,0.5,0.5,0.6,0.24720674236467297,0.39247772862104946
cosine,2,5,0.5,0.5,0.9,0.1598481205745281,0.22450920419152182
euclidean,2,5,0.5,0.5,0.8,0.1866828932295824,0.27102070830767344
pearson,2,5,0.4,0.4,0.8,0.15059115021052605,0.2341740115164016
cosine,2,6,0.5,0.5,1.0,0.15257031660487955,0.18824349566923929
euclidean,2,6,0.5,0.5,0.8,0.16842284921556697,0.23067433494924902
pearson,2,6,0.5,0.5,1.0,0.14320827081191656,0.17205654245849064
cosine,2,7,0.6,0.6,0.9,0.2053495103335088,0.32997891722359457
euclidean,2,7,0.6,0.6,0.8,0.21031374743019046,0.3324605057749264
pearson,2,7,0.4,0.4,0.6,0.16778410197589108,0.3575485195934693
cosine,2,8,0.8,0.8,0.8,0.2037632052378251,0.33356124315280933
euclidean,2,8,0.5,0.5,1.0,0.1788958819933686,0.30459194322155425
pearson,2,8,0.6,0.6,1.0,0.23624066728578044,0.34773952833581107
cosine,2,9,0.7,0.7,1.0,0.16922356210100675,0.20431890076305267
euclidean,2,9,0.5,0.5,1.0,0.15254205375847565,0.18738285658514955
pearson,2,9,0.6,0.6,0.8,0.13525833627901485,0.23015379563246674
