distance,k,i,precision,recall,mrr,mae,rmse
cosine,2,0,0.5,0.5,0.5,0.4190476190476191,0.5594317384564818
euclidean,2,0,0.5,0.5,0.5,0.4190476190476191,0.5594317384564818
pearson,2,0,0.5,0.5,0.5,0.4190476190476191,0.5594317384564818
cosine,2,1,0.75,0.75,1.0,0.4246031746031747,0.5986016080078631
euclidean,2,1,0.75,0.75,1.0,0.4246031746031747,0.5986016080078631
pearson,2,1,0.5,0.5,0.5,0.33333333333333326,0.5773502691896256
cosine,2,2,0.75,0.75,1.0,0.32857142857142857,0.39483628456611897
euclidean,2,2,0.75,0.75,1.0,0.32857142857142857,0.39483628456611897
pearson,2,2,0.75,0.75,1.0,0.22539682539682535,0.24697719009314167
cosine,2,3,0.75,0.75,1.0,0.48328042328042314,0.5079159056668345
euclidean,2,3,0.75,0.75,1.0,0.48328042328042314,0.5079159056668345
pearson,2,3,0.75,0.75,1.0,0.41555555555555546,0.42011156420579593
cosine,2,4,0.75,0.75,1.0,0.51005291005291,0.5548037240787201
euclidean,2,4,0.75,0.75,1.0,0.51005291005291,0.5548037240787201
pearson,2,4,0.75,0.75,1.0,0.39153439153439146,0.420510114258665
cosine,2,5,0.75,0.75,0.75,0.4761904761904762,0.5942404337654021
euclidean,2,5,0.75,0.75,0.75,0.4761904761904762,0.5942404337654021
pearson,2,5,0.5,0.5,1.0,0.38095238095238093,0.3825166297473323
cosine,2,6,0.5,0.5,0.75,0.42857142857142855,0.5645117088136925
euclidean,2,6,0.5,0.5,0.75,0.42857142857142855,0.5645117088136925
pearson,2,6,0.75,0.75,1.0,0.36507936507936517,0.397535871920184
cosine,2,7,0.75,0.75,1.0,0.51005291005291,0.5548037240787201
euclidean,2,7,0.75,0.75,1.0,0.51005291005291,0.5548037240787201
pearson,2,7,0.75,0.75,1.0,0.39153439153439146,0.42051011425866497
cosine,2,8,0.25,0.25,0.5,0.30158730158730146,0.30875362052280614
euclidean,2,8,0.25,0.25,0.5,0.30158730158730146,0.30875362052280614
pearson,2,8,0.25,0.25,0.5,0.30158730158730146,0.30875362052280614
cosine,2,9,0.5,0.5,0.5,0.49523809523809526,0.6125421299160954
euclidean,2,9,0.5,0.5,0.5,0.49523809523809526,0.6125421299160954
pearson,2,9,0.5,0.5,0.5,0.4952380952380952,0.6125421299160952
