distance,k,i,precision,recall,mrr,mae,rmse
cosine,3,0,0.3333333333333333,0.3333333333333333,1.0,0.2706582633053222,0.46608997160519006
euclidean,3,0,0.3333333333333333,0.3333333333333333,1.0,0.27063918606122167,0.4660872075948967
pearson,3,0,0.25,0.25,0.75,0.2704097964570815,0.46605427688852014
cosine,3,1,0.3333333333333333,0.3333333333333333,1.0,0.17704140546878858,0.20944816392564128
euclidean,3,1,0.41666666666666663,0.41666666666666663,1.0,0.17673225361111944,0.21961663097653722
pearson,3,1,0.5,0.5,1.0,0.21643323996265168,0.25708307804046643
cosine,3,2,0.25,0.25,0.5,0.4439669030451636,0.5567310064025964
euclidean,3,2,0.25,0.25,0.5,0.4553654709978832,0.566652393345137
pearson,3,2,0.3333333333333333,0.3333333333333333,0.75,0.4095238095238094,0.5400092381841841
cosine,3,3,0.49999999999999994,0.49999999999999994,1.0,0.43254513927923705,0.5026276472250847
euclidean,3,3,0.49999999999999994,0.49999999999999994,1.0,0.3979272977231658,0.4904813062880105
pearson,3,3,0.3333333333333333,0.3333333333333333,0.75,0.357563025210084,0.41287900162267094
cosine,3,4,0.3333333333333333,0.3333333333333333,1.0,0.3251585845162703,0.4813569096068627
euclidean,3,4,0.3333333333333333,0.3333333333333333,1.0,0.31645831421358955,0.4764043795343732
pearson,3,4,0.25,0.25,0.75,0.3019607843137254,0.4832448314152784
cosine,3,5,0.5833333333333333,0.5833333333333333,1.0,0.4757703081232493,0.5964100343140075
euclidean,3,5,0.41666666666666663,0.41666666666666663,1.0,0.4757703081232493,0.5964100343140075
pearson,3,5,0.3333333333333333,0.3333333333333333,0.5,0.5238095238095237,0.6903940837881688
cosine,3,6,0.6666666666666666,0.6666666666666666,0.875,0.37225244951156544,0.44613496501049893
euclidean,3,6,0.5,0.5,0.625,0.39310900449261926,0.4722702941231865
pearson,3,6,0.41666666666666663,0.41666666666666663,1.0,0.38076563958916887,0.42020593251934335
cosine,3,7,0.41666666666666663,0.41666666666666663,0.75,0.29257703081232506,0.4583367304015014
euclidean,3,7,0.41666666666666663,0.41666666666666663,0.75,0.2577989106950096,0.39710229262120245
pearson,3,7,0.41666666666666663,0.41666666666666663,0.75,0.3617647058823529,0.5171464082206925
cosine,3,8,0.49999999999999994,0.49999999999999994,1.0,0.3424181290801574,0.4253162453176109
euclidean,3,8,0.49999999999999994,0.49999999999999994,1.0,0.3557586976045801,0.45040697878704317
pearson,3,8,0.41666666666666663,0.41666666666666663,0.75,0.4026143790849671,0.4756383536889419
cosine,3,9,0.5833333333333333,0.5833333333333333,1.0,0.4948179271708682,0.5941581074103627
euclidean,3,9,0.5833333333333333,0.5833333333333333,1.0,0.48205411592994674,0.5917699111789493
pearson,3,9,0.41666666666666663,0.41666666666666663,0.5,0.5428571428571427,0.6851187890446742
