distance,k,i,precision,recall,mrr,mae,rmse
cosine,3,0,0.5185185185185186,0.5185185185185186,1.0,0.15310018199704686,0.30473454258905824
euclidean,3,0,0.4444444444444444,0.4444444444444444,1.0,0.1503892144318945,0.303014076193522
pearson,3,0,0.5185185185185185,0.5185185185185185,0.7777777777777778,0.1282746572730705,0.2854693931709908
cosine,3,1,0.5555555555555555,0.5555555555555555,0.9444444444444444,0.18855666936092672,0.29468823110728964
euclidean,3,1,0.5925925925925926,0.5925925925925926,0.9444444444444444,0.1838670731405644,0.26996784388564926
pearson,3,1,0.3333333333333333,0.3333333333333333,0.8888888888888888,0.11198005126037407,0.221050364826806
cosine,3,2,0.48148148148148145,0.48148148148148145,1.0,0.14589332512551867,0.25374862868106735
euclidean,3,2,0.5185185185185185,0.5185185185185185,1.0,0.14159704622115235,0.2560694500105994
pearson,3,2,0.4074074074074074,0.4074074074074074,0.7777777777777778,0.1486218465685706,0.29685937067689183
cosine,3,3,0.5185185185185185,0.5185185185185185,0.9444444444444444,0.17333242165805732,0.32166255247650827
euclidean,3,3,0.4074074074074074,0.4074074074074074,1.0,0.17417187763997102,0.31976568122774957
pearson,3,3,0.4074074074074074,0.4074074074074074,0.6666666666666666,0.16056940710072068,0.3453503878794526
cosine,3,4,0.5555555555555556,0.5555555555555556,1.0,0.2596982554482041,0.3493555229286397
euclidean,3,4,0.5555555555555556,0.5555555555555556,1.0,0.21922549583962858,0.3241630214481396
pearson,3,4,0.4444444444444444,0.4444444444444444,0.7777777777777778,0.20690821704466925,0.3447675854358049
cosine,3,5,0.5185185185185185,0.5185185185185185,1.0,0.1987757165564082,0.3003962892741535
euclidean,3,5,0.5185185185185185,0.5185185185185185,1.0,0.19759852629367866,0.28518439220834385
pearson,3,5,0.4074074074074074,0.4074074074074074,1.0,0.09362814260481185,0.15212683866427323
cosine,3,6,0.48148148148148145,0.48148148148148145,0.7777777777777778,0.18869544957423856,0.3335728069402127
euclidean,3,6,0.4444444444444444,0.4444444444444444,0.7777777777777778,0.17833519597859376,0.32676268123335683
pearson,3,6,0.4074074074074074,0.4074074074074074,0.5555555555555556,0.20311488129364882,0.3715060397896911
cosine,3,7,0.5555555555555555,0.5555555555555555,1.0,0.1143088048052247,0.13732549233618918
euclidean,3,7,0.5185185185185185,0.5185185185185185,1.0,0.1154323413255604,0.13815335973703416
pearson,3,7,0.48148148148148145,0.48148148148148145,1.0,0.10419361777547288,0.15318700022571255
cosine,3,8,0.48148148148148145,0.48148148148148145,1.0,0.21734047975134435,0.39455033455706695
euclidean,3,8,0.48148148148148145,0.48148148148148145,1.0,0.21471250692245217,0.3908508521397333
pearson,3,8,0.2962962962962963,0.2962962962962963,0.4444444444444444,0.22405499345070487,0.4145334145309622
cosine,3,9,0.5555555555555556,0.5555555555555556,1.0,0.2007696502052324,0.3088942750253864
euclidean,3,9,0.4074074074074074,0.4074074074074074,0.9444444444444444,0.20166267019803627,0.3141256435074379
pearson,3,9,0.4444444444444444,0.4444444444444444,0.7777777777777778,0.1832823940318917,0.3222820040540352
