distance,k,i,precision,recall,mrr,mae,rmse
cosine,1,0,0.6666666666666666,0.6666666666666666,0.6666666666666666,0.18567063246114573,0.3109446355525783
euclidean,1,0,0.6666666666666666,0.6666666666666666,0.6666666666666666,0.18545241247964256,0.3092608874242976
pearson,1,0,0.7777777777777778,0.7777777777777778,0.7777777777777778,0.1198156509018948,0.24207162157326906
cosine,1,1,0.8888888888888888,0.8888888888888888,0.8888888888888888,0.12661560666807178,0.1688952774430742
euclidean,1,1,0.7777777777777778,0.7777777777777778,0.7777777777777778,0.12976120538973207,0.18794240907266033
pearson,1,1,0.8888888888888888,0.8888888888888888,0.8888888888888888,0.13824979545515134,0.203288468065972
cosine,1,2,0.7777777777777778,0.7777777777777778,0.7777777777777778,0.16972887298046366,0.21831189731323752
euclidean,1,2,0.6666666666666666,0.6666666666666666,0.6666666666666666,0.1728838514929807,0.23226195874379194
pearson,1,2,0.8888888888888888,0.8888888888888888,0.8888888888888888,0.14265558714991913,0.23880946340772122
cosine,1,3,0.7777777777777778,0.7777777777777778,0.7777777777777778,0.18067005331673264,0.28602104212866963
euclidean,1,3,0.6666666666666666,0.6666666666666666,0.6666666666666666,0.16636182445636485,0.27574890088071924
pearson,1,3,0.6666666666666666,0.6666666666666666,0.6666666666666666,0.17142241890640764,0.28982892512132147
cosine,1,4,0.6666666666666666,0.6666666666666666,0.6666666666666666,0.15541107623980036,0.27699755738583026
euclidean,1,4,0.6666666666666666,0.6666666666666666,0.6666666666666666,0.16249725967896836,0.27506951271464836
pearson,1,4,0.7777777777777778,0.7777777777777778,0.7777777777777778,0.14479674492340844,0.25545652727966084
cosine,1,5,0.8888888888888888,0.8888888888888888,0.8888888888888888,0.15458975366103275,0.22065015888939918
euclidean,1,5,0.7777777777777778,0.7777777777777778,0.7777777777777778,0.171719196348352,0.23324812240775367
pearson,1,5,0.7777777777777778,0.7777777777777778,0.7777777777777778,0.1371912538184066,0.25555245311780195
cosine,1,6,0.8888888888888888,0.8888888888888888,0.8888888888888888,0.13602109760780773,0.2433863518946125
euclidean,1,6,0.6666666666666666,0.6666666666666666,0.6666666666666666,0.1474788810643346,0.24610450958476215
pearson,1,6,0.8888888888888888,0.8888888888888888,0.8888888888888888,0.12358905257392047,0.22971165887938813
cosine,1,7,0.7777777777777778,0.7777777777777778,0.7777777777777778,0.15403794904359133,0.27656749327948305
euclidean,1,7,0.6666666666666666,0.6666666666666666,0.6666666666666666,0.1517153164881894,0.2724163150747822
pearson,1,7,0.5555555555555556,0.5555555555555556,0.5555555555555556,0.1505508754957077,0.32054192988491764
cosine,1,8,1.0,1.0,1.0,0.10065471080123539,0.13948897973954688
euclidean,1,8,0.7777777777777778,0.7777777777777778,0.7777777777777778,0.11575739058918842,0.14435816744607288
pearson,1,8,0.8888888888888888,0.8888888888888888,0.8888888888888888,0.09914369008955715,0.13577574772190285
cosine,1,9,0.7777777777777778,0.7777777777777778,0.7777777777777778,0.17513847703746588,0.27795996037640974
euclidean,1,9,0.7777777777777778,0.7777777777777778,0.7777777777777778,0.16810238426904742,0.27719662749045115
pearson,1,9,0.5555555555555556,0.5555555555555556,0.5555555555555556,0.19872857183651327,0.34634628406790097
