distance,k,i,precision,recall,mrr,mae,rmse
cosine,1,0,0.5,0.5,0.5,0.5407298326925117,0.6130855092034991
euclidean,1,0,0.5,0.5,0.5,0.5389135364505627,0.6144906715765489
pearson,1,0,0.5,0.5,0.5,0.6205357142857142,0.7382692287246114
cosine,1,1,0.5,0.5,0.5,0.5182291666666682,0.6232352672196971
euclidean,1,1,0.5,0.5,0.5,0.567092004259862,0.6667000456519039
pearson,1,1,0.25,0.25,0.25,0.691220238095238,0.8021661543953157
cosine,1,2,0.75,0.75,0.75,0.27306375471192085,0.3504104737141247
euclidean,1,2,0.75,0.75,0.75,0.27306844146872833,0.35041166388892764
pearson,1,2,1.0,1.0,1.0,0.30208333333333326,0.35660922434632675
cosine,1,3,0.75,0.75,0.75,0.19791666666666663,0.24026172072230817
euclidean,1,3,0.75,0.75,0.75,0.19791666666666663,0.24026172072230817
pearson,1,3,0.75,0.75,0.75,0.19791666666666663,0.24026172072230817
cosine,1,4,0.75,0.75,0.75,0.5014880952380952,0.5037284808005346
euclidean,1,4,0.75,0.75,0.75,0.5014880952380952,0.5037284808005346
pearson,1,4,0.5,0.5,0.5,0.6026785714285714,0.6400297446053517
cosine,1,5,0.75,0.75,0.75,0.45238095238095233,0.45397881186385247
euclidean,1,5,0.75,0.75,0.75,0.4578383264462809,0.4588777602505477
pearson,1,5,0.5,0.5,0.5,0.6339285714285714,0.7417971919464186
cosine,1,6,0.75,0.75,0.75,0.5334821428571429,0.5619653307372977
euclidean,1,6,0.75,0.75,0.75,0.5276693995040173,0.5571855110426519
pearson,1,6,0.5,0.5,0.5,0.6845238095238095,0.7604035619968554
cosine,1,7,0.5,0.5,0.5,0.5182291666666681,0.6232352672196971
euclidean,1,7,0.5,0.5,0.5,0.567092004259862,0.6667000456519039
pearson,1,7,0.25,0.25,0.25,0.6912202380952379,0.8021661543953157
cosine,1,8,0.75,0.75,0.75,0.5412946428571428,0.5762806118929452
euclidean,1,8,0.75,0.75,0.75,0.5354836249640238,0.5714525512928386
pearson,1,8,0.5,0.5,0.5,0.6912202380952381,0.7762396023198961
cosine,1,9,0.75,0.75,0.75,0.6324404761904762,0.6343572145167188
euclidean,1,9,0.75,0.75,0.75,0.6258993560279474,0.6277158442504274
pearson,1,9,0.25,0.25,0.25,0.8928571428571428,0.9062390041556704
