distance,k,i,precision,recall,mrr,mae,rmse
cosine,2,0,0.375,0.375,0.75,0.25,0.33666035116107124
euclidean,2,0,0.5,0.5,0.875,0.21647324306898774,0.2749863390549224
pearson,2,0,0.5,0.5,0.75,0.3842592592592592,0.500942184989777
cosine,2,1,0.375,0.375,0.75,0.3055555555555557,0.5088382097790403
euclidean,2,1,0.375,0.375,0.75,0.3055555555555557,0.5088382097790403
pearson,2,1,0.25,0.25,0.5,0.46759259259259256,0.6568855518717758
cosine,2,2,0.375,0.375,0.75,0.4041394531866884,0.54585576269303
euclidean,2,2,0.375,0.375,0.75,0.4039147480865524,0.5457380152512541
pearson,2,2,0.25,0.25,0.5,0.5069444444444444,0.6650733274340488
cosine,2,3,0.375,0.375,0.625,0.6414411970010216,0.7316902913718415
euclidean,2,3,0.25,0.25,0.375,0.6361111111111111,0.7257723760506006
pearson,2,3,0.25,0.25,0.5,0.5925925925925926,0.7028503597906794
cosine,2,4,0.5,0.5,0.75,0.4814814814814815,0.5921584057525734
euclidean,2,4,0.5,0.5,0.75,0.4675925925925926,0.5849477952624846
pearson,2,4,0.25,0.25,0.5,0.5138888888888888,0.6681439393806835
cosine,2,5,0.375,0.375,0.75,0.7222222222222222,0.7430519499162548
euclidean,2,5,0.375,0.375,0.75,0.7102338473130433,0.7320031128050242
pearson,2,5,0.25,0.25,0.375,0.9305555555555556,0.93316613728774
cosine,2,6,0.5,0.5,0.875,0.5478395061728395,0.610218046786798
euclidean,2,6,0.5,0.5,0.875,0.5643227562127746,0.6199515623455846
pearson,2,6,0.5,0.5,0.75,0.7152777777777777,0.7485840543451036
cosine,2,7,0.5,0.5,0.625,0.7995131475303918,0.8136209587191716
euclidean,2,7,0.5,0.5,0.625,0.7911686920033829,0.8063106285867682
pearson,2,7,0.5,0.5,0.75,0.8541666666666665,0.8907315969346644
cosine,2,8,0.5,0.5,1.0,0.2314814814814815,0.3262493134712568
euclidean,2,8,0.5,0.5,1.0,0.21759259259259262,0.2692359508990503
pearson,2,8,0.5,0.5,0.75,0.38888888888888895,0.5088382097790403
cosine,2,9,0.375,0.375,0.75,0.4530904276303108,0.5182115220071143
euclidean,2,9,0.375,0.375,0.75,0.44953703703703707,0.5131091849356186
pearson,2,9,0.25,0.25,0.5,0.5162037037037037,0.6154970277920523
