distance,k,i,precision,recall,mrr,mae,rmse
cosine,3,0,0.6666666666666666,0.6666666666666666,1.0,0.18784705231087725,0.32981387413430735
euclidean,3,0,0.5833333333333333,0.5833333333333333,0.8333333333333334,0.1714785473288157,0.23916548262949017
pearson,3,0,0.5,0.5,1.0,0.16527178758162053,0.1894219671612299
cosine,3,1,0.5,0.5,0.875,0.24356435631747242,0.35764368009123904
euclidean,3,1,0.41666666666666663,0.41666666666666663,0.75,0.26857515328591286,0.37306625617595274
pearson,3,1,0.41666666666666663,0.41666666666666663,0.625,0.26120280461653367,0.36836295395462826
cosine,3,2,0.5833333333333333,0.5833333333333333,0.875,0.2526700240623788,0.3547574323927332
euclidean,3,2,0.41666666666666663,0.41666666666666663,0.5833333333333333,0.25371985845626915,0.3559253618335924
pearson,3,2,0.49999999999999994,0.49999999999999994,0.75,0.23361162646876918,0.36519686538749097
cosine,3,3,0.6666666666666666,0.6666666666666666,1.0,0.1793288974231774,0.2934167151587316
euclidean,3,3,0.5,0.5,0.75,0.16191796327646443,0.22383521544084928
pearson,3,3,0.7499999999999999,0.7499999999999999,1.0,0.1788894778690696,0.21614835373584695
cosine,3,4,0.6666666666666666,0.6666666666666666,1.0,0.17159185857181758,0.19197997741416908
euclidean,3,4,0.5,0.5,0.75,0.1817284701835125,0.20085568273254245
pearson,3,4,0.49999999999999994,0.49999999999999994,1.0,0.18920399328562587,0.2157750796795601
cosine,3,5,0.5833333333333333,0.5833333333333333,1.0,0.2659105542642738,0.3745255673040383
euclidean,3,5,0.41666666666666663,0.41666666666666663,0.75,0.19681540879663464,0.26538547988374783
pearson,3,5,0.6666666666666666,0.6666666666666666,1.0,0.18448184468592624,0.21599154525728045
cosine,3,6,0.5833333333333334,0.5833333333333334,0.875,0.21931686070611028,0.2828990289457772
euclidean,3,6,0.5833333333333334,0.5833333333333334,0.875,0.22441719785009748,0.2807132477751623
pearson,3,6,0.5,0.5,0.625,0.21882996409898076,0.28465628151055045
cosine,3,7,0.41666666666666663,0.41666666666666663,0.5833333333333333,0.27585199803951393,0.38757336308586776
euclidean,3,7,0.3333333333333333,0.3333333333333333,0.5,0.27116288884764583,0.3868485076120553
pearson,3,7,0.5833333333333333,0.5833333333333333,0.625,0.21187223413568487,0.3566904820057163
cosine,3,8,0.6666666666666666,0.6666666666666666,1.0,0.23610344506682496,0.3362668020126326
euclidean,3,8,0.5,0.5,0.75,0.1564045168243249,0.20840328025222263
pearson,3,8,0.5833333333333333,0.5833333333333333,1.0,0.15829518348071217,0.18426008434802307
cosine,3,9,0.41666666666666663,0.41666666666666663,1.0,0.17191755001277653,0.20133172612061218
euclidean,3,9,0.5,0.5,0.875,0.1868614969596387,0.21201188993411074
pearson,3,9,0.41666666666666663,0.41666666666666663,1.0,0.16449446760207426,0.18638169508218638
