distance,k,i,precision,recall,mrr,mae,rmse
cosine,3,0,0.4444444444444444,0.4444444444444444,1.0,0.38020883346911827,0.5297385380927921
euclidean,3,0,0.4444444444444444,0.4444444444444444,1.0,0.3800855239184626,0.5296830883036707
pearson,3,0,0.2222222222222222,0.2222222222222222,0.3333333333333333,0.3678861788617886,0.5204641265253558
cosine,3,1,0.5555555555555555,0.5555555555555555,1.0,0.30010978479800293,0.5036559523278116
euclidean,3,1,0.5555555555555555,0.5555555555555555,1.0,0.29922975633916815,0.5024049323565447
pearson,3,1,0.2222222222222222,0.2222222222222222,0.3333333333333333,0.3471544715447154,0.578342006516976
cosine,3,2,0.4444444444444444,0.4444444444444444,1.0,0.4212871815842664,0.5046380429866776
euclidean,3,2,0.4444444444444444,0.4444444444444444,1.0,0.42114824157131486,0.5045984946513183
pearson,3,2,0.3333333333333333,0.3333333333333333,1.0,0.3733062330623305,0.4141373425222222
cosine,3,3,0.4444444444444444,0.4444444444444444,1.0,0.30225245586041577,0.4519176800635427
euclidean,3,3,0.4444444444444444,0.4444444444444444,1.0,0.3029234531213347,0.4524438299397742
pearson,3,3,0.2222222222222222,0.2222222222222222,0.3333333333333333,0.3678861788617886,0.5204641265253558
cosine,3,4,0.4444444444444444,0.4444444444444444,1.0,0.3171044546821092,0.4452985868734728
euclidean,3,4,0.4444444444444444,0.4444444444444444,1.0,0.31316950687322953,0.44301382756788754
pearson,3,4,0.2222222222222222,0.2222222222222222,0.6666666666666666,0.3008130081300813,0.3789001690319038
cosine,3,5,0.4444444444444444,0.4444444444444444,1.0,0.25983078937235876,0.4302277092561111
euclidean,3,5,0.4444444444444444,0.4444444444444444,1.0,0.25525893225226054,0.4285901608565809
pearson,3,5,0.3333333333333333,0.3333333333333333,0.6666666666666666,0.24593495934959342,0.426144049288037
cosine,3,6,0.4444444444444444,0.4444444444444444,1.0,0.23030587523552745,0.4278333409388411
euclidean,3,6,0.4444444444444444,0.4444444444444444,1.0,0.22576387137578915,0.4246895754942961
pearson,3,6,0.1111111111111111,0.1111111111111111,0.3333333333333333,0.28997289972899726,0.49832822506412855
cosine,3,7,0.3333333333333333,0.3333333333333333,1.0,0.15447154471544705,0.17333716571672036
euclidean,3,7,0.4444444444444444,0.4444444444444444,1.0,0.14475490475834543,0.17023821844416506
pearson,3,7,0.3333333333333333,0.3333333333333333,1.0,0.1829268292682927,0.19853260684640217
cosine,3,8,0.4444444444444444,0.4444444444444444,1.0,0.16578761582007392,0.2111172030238319
euclidean,3,8,0.4444444444444444,0.4444444444444444,1.0,0.1727103189504924,0.2129341736261369
pearson,3,8,0.3333333333333333,0.3333333333333333,1.0,0.2182926829268292,0.24686781354401563
cosine,3,9,0.4444444444444444,0.4444444444444444,0.6666666666666666,0.23818521588998312,0.3680099310524661
euclidean,3,9,0.4444444444444444,0.4444444444444444,0.6666666666666666,0.2526888022947616,0.39502205047818933
pearson,3,9,0.2222222222222222,0.2222222222222222,0.6666666666666666,0.265040650406504,0.4313626845424913
