distance,k,i,precision,recall,mrr,mae,rmse
cosine,2,0,0.5,0.5,1.0,0.5347222222222221,0.6484622254900566
euclidean,2,0,0.5,0.5,1.0,0.5347222222222221,0.6484622254900566
pearson,2,0,0.3333333333333333,0.3333333333333333,0.6666666666666666,0.34722222222222204,0.5290352142225666
cosine,2,1,0.5,0.5,1.0,0.3136574074074074,0.3168084342614703
euclidean,2,1,0.6666666666666666,0.6666666666666666,1.0,0.3136574074074074,0.3168084342614703
pearson,2,1,0.5,0.5,1.0,0.3136574074074074,0.3168084342614703
cosine,2,2,0.6666666666666666,0.6666666666666666,1.0,0.5580566961264661,0.5962671108599185
euclidean,2,2,0.6666666666666666,0.6666666666666666,1.0,0.560911696060474,0.5971662528281124
pearson,2,2,0.6666666666666666,0.6666666666666666,1.0,0.34259259259259256,0.3991159641157833
cosine,2,3,0.3333333333333333,0.3333333333333333,0.6666666666666666,0.42592592592592593,0.5586334492221613
euclidean,2,3,0.3333333333333333,0.3333333333333333,0.6666666666666666,0.3776128515450123,0.49511306648248393
pearson,2,3,0.5,0.5,0.6666666666666666,0.3734567901234567,0.5331203850134913
cosine,2,4,0.5,0.5,0.8333333333333334,0.27546296296296285,0.3970835249525616
euclidean,2,4,0.5,0.5,0.8333333333333334,0.2689974457215836,0.3853215846181951
pearson,2,4,0.8333333333333334,0.8333333333333334,1.0,0.3888888888888889,0.414086662499961
cosine,2,5,0.5,0.5,0.5,0.6135952617827662,0.6354680021326471
euclidean,2,5,0.5,0.5,0.5,0.6071039194781207,0.6289797992552945
pearson,2,5,0.6666666666666666,0.6666666666666666,0.6666666666666666,0.5833333333333331,0.6346477588219922
cosine,2,6,0.6666666666666666,0.6666666666666666,0.6666666666666666,0.5524677672221178,0.6795308598579031
euclidean,2,6,0.6666666666666666,0.6666666666666666,0.6666666666666666,0.5364950806843156,0.6753238574874036
pearson,2,6,0.5,0.5,1.0,0.30555555555555547,0.3093202423794456
cosine,2,7,0.6666666666666666,0.6666666666666666,0.8333333333333334,0.2870370370370363,0.41013397389537204
euclidean,2,7,0.3333333333333333,0.3333333333333333,0.6666666666666666,0.37281029162974655,0.4063242586718219
pearson,2,7,0.5,0.5,1.0,0.4351851851851851,0.4407640827930334
cosine,2,8,0.5,0.5,0.6666666666666666,0.32340045040284016,0.48478893347961965
euclidean,2,8,0.5,0.5,0.6666666666666666,0.35238300315819693,0.494519032886038
pearson,2,8,0.5,0.5,0.6666666666666666,0.3734567901234567,0.5331203850134913
cosine,2,9,0.5,0.5,1.0,0.4201008733762792,0.5618122465724842
euclidean,2,9,0.5,0.5,1.0,0.41645255260290054,0.55903155005085
pearson,2,9,0.3333333333333333,0.3333333333333333,0.6666666666666666,0.2685185185185185,0.5013698655807733
