distance,k,i,precision,recall,mrr,mae,rmse
cosine,3,0,0.4444444444444444,0.4444444444444444,1.0,0.2311907427437288,0.26812837486299307
euclidean,3,0,0.4444444444444444,0.4444444444444444,1.0,0.21300087138047308,0.24482790690872827
pearson,3,0,0.2962962962962963,0.2962962962962963,0.7777777777777778,0.3073660589589216,0.40550466314211153
cosine,3,1,0.3703703703703704,0.3703703703703704,1.0,0.19701333590318074,0.24842747730798753
euclidean,3,1,0.3703703703703704,0.3703703703703704,1.0,0.17883704640213036,0.22931077175954587
pearson,3,1,0.4074074074074074,0.4074074074074074,1.0,0.276118022912816,0.34133979301377476
cosine,3,2,0.4074074074074074,0.4074074074074074,1.0,0.3854136265279848,0.5021353409984847
euclidean,3,2,0.4074074074074074,0.4074074074074074,1.0,0.38346394592454175,0.49868729440984344
pearson,3,2,0.2962962962962963,0.2962962962962963,0.7777777777777778,0.5979076479076478,0.7296588609850209
cosine,3,3,0.3703703703703704,0.3703703703703704,1.0,0.2999392626896261,0.41008935500113625
euclidean,3,3,0.4074074074074074,0.4074074074074074,1.0,0.2828806301752163,0.38460720911195656
pearson,3,3,0.3333333333333333,0.3333333333333333,0.7777777777777778,0.47036275579519876,0.6172074851833041
cosine,3,4,0.4074074074074074,0.4074074074074074,1.0,0.25675648488820424,0.3173324968764545
euclidean,3,4,0.4444444444444444,0.4444444444444444,1.0,0.25205135991672156,0.31604773476523296
pearson,3,4,0.3333333333333333,0.3333333333333333,0.6666666666666666,0.3701839826839826,0.543634424685897
cosine,3,5,0.4074074074074074,0.4074074074074074,1.0,0.24140850773405792,0.2903206716977822
euclidean,3,5,0.3703703703703704,0.3703703703703704,1.0,0.24774102985137275,0.2895172669857539
pearson,3,5,0.2962962962962963,0.2962962962962963,0.6666666666666666,0.3604596627407652,0.5096466901056826
cosine,3,6,0.3703703703703704,0.3703703703703704,1.0,0.23787212244720168,0.2889029678323238
euclidean,3,6,0.3703703703703704,0.3703703703703704,1.0,0.23969241376908748,0.28876928193775087
pearson,3,6,0.2962962962962963,0.2962962962962963,0.6666666666666666,0.3472213237955726,0.510612925365926
cosine,3,7,0.3703703703703704,0.3703703703703704,1.0,0.24756990390693653,0.3220083427055425
euclidean,3,7,0.3703703703703704,0.3703703703703704,1.0,0.2444084782261332,0.3144160096652537
pearson,3,7,0.2592592592592593,0.2592592592592593,0.7777777777777778,0.3065584415584416,0.4800604057796048
cosine,3,8,0.4444444444444444,0.4444444444444444,1.0,0.32652719789871987,0.3674111135138438
euclidean,3,8,0.48148148148148145,0.48148148148148145,1.0,0.3212208549400719,0.35755259157540553
pearson,3,8,0.3703703703703704,0.3703703703703704,0.8333333333333334,0.3536560834870689,0.44657018598607645
cosine,3,9,0.48148148148148145,0.48148148148148145,1.0,0.31731058774343074,0.3548659065980433
euclidean,3,9,0.5185185185185185,0.5185185185185185,1.0,0.30790930882127393,0.3425120491805816
pearson,3,9,0.3333333333333333,0.3333333333333333,0.6666666666666666,0.3955987419095235,0.5229642825698045
