distance,k,i,precision,recall,mrr,mae,rmse
cosine,1,0,0.7142857142857143,0.7142857142857143,0.7142857142857143,0.10366055372923055,0.16948227938525584
euclidean,1,0,0.5714285714285714,0.5714285714285714,0.5714285714285714,0.10861905254139873,0.1732247973144029
pearson,1,0,0.8571428571428571,0.8571428571428571,0.8571428571428571,0.07340026504423033,0.09446613902982852
cosine,1,1,0.5714285714285714,0.5714285714285714,0.5714285714285714,0.18562953548299346,0.35459559462284906
euclidean,1,1,0.5714285714285714,0.5714285714285714,0.5714285714285714,0.18714697975313674,0.35602116747808166
pearson,1,1,0.42857142857142855,0.42857142857142855,0.42857142857142855,0.17855959423782672,0.38557754473619504
cosine,1,2,0.7142857142857143,0.7142857142857143,0.7142857142857143,0.17643811544428975,0.2927276379932944
euclidean,1,2,0.5714285714285714,0.5714285714285714,0.5714285714285714,0.16677447900207656,0.292126134540841
pearson,1,2,0.7142857142857143,0.7142857142857143,0.7142857142857143,0.186188099694026,0.3286963012218118
cosine,1,3,0.7142857142857143,0.7142857142857143,0.7142857142857143,0.18090690603669946,0.30086967817368826
euclidean,1,3,0.42857142857142855,0.42857142857142855,0.42857142857142855,0.17300108597497915,0.3005261598071024
pearson,1,3,0.5714285714285714,0.5714285714285714,0.5714285714285714,0.1428611834783285,0.3170989034561815
cosine,1,4,0.7142857142857143,0.7142857142857143,0.7142857142857143,0.1568455407217413,0.2624418823362628
euclidean,1,4,0.5714285714285714,0.5714285714285714,0.5714285714285714,0.14717377298279066,0.2571839561186855
pearson,1,4,0.7142857142857143,0.7142857142857143,0.7142857142857143,0.1508784864404337,0.26098547182110365
cosine,1,5,0.8571428571428571,0.8571428571428571,0.8571428571428571,0.12418185987399792,0.15717563692459913
euclidean,1,5,0.5714285714285714,0.5714285714285714,0.5714285714285714,0.11113291927806615,0.1307853728004375
pearson,1,5,0.8571428571428571,0.8571428571428571,0.8571428571428571,0.12136570723651467,0.1378650825610471
cosine,1,6,0.7142857142857143,0.7142857142857143,0.7142857142857143,0.1727691414035831,0.2968222891522222
euclidean,1,6,0.5714285714285714,0.5714285714285714,0.5714285714285714,0.1716070348861179,0.30093550564227145
pearson,1,6,0.5714285714285714,0.5714285714285714,0.5714285714285714,0.17043546145373736,0.3274673937270007
cosine,1,7,0.8571428571428571,0.8571428571428571,0.8571428571428571,0.16658475310023266,0.2342239551318823
euclidean,1,7,0.5714285714285714,0.5714285714285714,0.5714285714285714,0.16719998857301982,0.2328938869175612
pearson,1,7,0.5714285714285714,0.5714285714285714,0.5714285714285714,0.16318368082951065,0.26344192982091486
cosine,1,8,0.7142857142857143,0.7142857142857143,0.7142857142857143,0.1875755806914602,0.25227422266498095
euclidean,1,8,0.5714285714285714,0.5714285714285714,0.5714285714285714,0.17648261083424954,0.23004343500020494
pearson,1,8,0.8571428571428571,0.8571428571428571,0.8571428571428571,0.10528769197357409,0.12490923752785021
cosine,1,9,0.8571428571428571,0.8571428571428571,0.8571428571428571,0.19940333336461422,0.3120545228664325
euclidean,1,9,0.8571428571428571,0.8571428571428571,0.8571428571428571,0.1904456329771572,0.30787937480254146
pearson,1,9,0.42857142857142855,0.42857142857142855,0.42857142857142855,0.18437667900523572,0.33638168839246757
