distance,k,i,precision,recall,mrr,mae,rmse
cosine,3,0,0.4074074074074074,0.4074074074074074,1.0,0.21210163505501906,0.2684635399268666
euclidean,3,0,0.37037037037037035,0.37037037037037035,1.0,0.21319594957237725,0.2701524628582432
pearson,3,0,0.25925925925925924,0.25925925925925924,0.6666666666666666,0.33792688792688785,0.5284565886664583
cosine,3,1,0.3333333333333333,0.3333333333333333,1.0,0.17275895117231013,0.25660674559711244
euclidean,3,1,0.3333333333333333,0.3333333333333333,1.0,0.17383216536643709,0.2522604309490982
pearson,3,1,0.2592592592592593,0.2592592592592593,0.7777777777777778,0.267910244726222,0.42335126778870635
cosine,3,2,0.48148148148148145,0.48148148148148145,1.0,0.35992004417622286,0.4073835608079219
euclidean,3,2,0.48148148148148145,0.48148148148148145,1.0,0.34922096603195596,0.3945639790600785
pearson,3,2,0.4074074074074074,0.4074074074074074,0.8888888888888888,0.38662337662337654,0.47257502766417897
cosine,3,3,0.5185185185185185,0.5185185185185185,1.0,0.24607360939924072,0.2674133626086395
euclidean,3,3,0.5185185185185185,0.5185185185185185,1.0,0.24772528099253008,0.271286932261863
pearson,3,3,0.2222222222222222,0.2222222222222222,0.6666666666666666,0.3203463203463202,0.5062493398963962
cosine,3,4,0.3703703703703704,0.3703703703703704,1.0,0.271955598364687,0.2992122953525225
euclidean,3,4,0.4074074074074074,0.4074074074074074,1.0,0.2792709168975683,0.30892584684643143
pearson,3,4,0.3333333333333333,0.3333333333333333,0.7777777777777778,0.33441558441558433,0.46773576016407503
cosine,3,5,0.3333333333333333,0.3333333333333333,1.0,0.133873033661037,0.19069975240831016
euclidean,3,5,0.3333333333333333,0.3333333333333333,1.0,0.12525156389494604,0.18799837715368536
pearson,3,5,0.3333333333333333,0.3333333333333333,0.8888888888888888,0.18313227060946363,0.32838273590693356
cosine,3,6,0.4074074074074074,0.4074074074074074,1.0,0.4591464497789991,0.5378370826430281
euclidean,3,6,0.4074074074074074,0.4074074074074074,1.0,0.4576358758846212,0.5355285194865711
pearson,3,6,0.3333333333333333,0.3333333333333333,0.8888888888888888,0.5653030303030302,0.6840832913432029
cosine,3,7,0.5185185185185185,0.5185185185185185,1.0,0.26539259774148255,0.33725985229658284
euclidean,3,7,0.5555555555555555,0.5555555555555555,1.0,0.2552383644007467,0.3247249964936777
pearson,3,7,0.2592592592592593,0.2592592592592593,0.5555555555555556,0.4823593073593073,0.6514743321121317
cosine,3,8,0.3703703703703704,0.3703703703703704,1.0,0.22679824989961797,0.28965977700101525
euclidean,3,8,0.3703703703703704,0.3703703703703704,1.0,0.22095603815864961,0.2847765126420638
pearson,3,8,0.3333333333333333,0.3333333333333333,0.8888888888888888,0.2860380626123115,0.40660569348952613
cosine,3,9,0.3703703703703704,0.3703703703703704,1.0,0.1641488984355799,0.21224192748374568
euclidean,3,9,0.3703703703703704,0.3703703703703704,1.0,0.15171781320697583,0.1935895719852967
pearson,3,9,0.2962962962962963,0.2962962962962963,0.7777777777777778,0.29545454545454536,0.4721282358844436
