distance,k,i,precision,recall,mrr,mae,rmse
cosine,2,0,0.5,0.5,0.9166666666666666,0.1160093733594158,0.19389474839515294
euclidean,2,0,0.5,0.5,0.75,0.1301511996136256,0.22492736708807443
pearson,2,0,0.5,0.5,1.0,0.14215596963423047,0.2787722131613016
cosine,2,1,0.5833333333333334,0.5833333333333334,0.8333333333333334,0.20726800572064719,0.28653326582826727
euclidean,2,1,0.4166666666666667,0.4166666666666667,0.6666666666666666,0.20869652155147272,0.2948977677484527
pearson,2,1,0.6666666666666666,0.6666666666666666,0.9166666666666666,0.16148142661714662,0.2495308384860999
cosine,2,2,0.5833333333333334,0.5833333333333334,0.75,0.2300497393346462,0.3334063975176809
euclidean,2,2,0.5,0.5,0.6666666666666666,0.2299731171627391,0.3290956773525667
pearson,2,2,0.5833333333333334,0.5833333333333334,0.8333333333333334,0.1984214024061582,0.3232392119164271
cosine,2,3,0.6666666666666666,0.6666666666666666,0.9166666666666666,0.15273978816015282,0.2567722684855726
euclidean,2,3,0.4166666666666667,0.4166666666666667,0.6666666666666666,0.17371558508484758,0.2949816063820858
pearson,2,3,0.75,0.75,0.9166666666666666,0.18874763508082604,0.32434347612203085
cosine,2,4,0.5833333333333334,0.5833333333333334,0.8333333333333334,0.21209856976938812,0.31263771220209086
euclidean,2,4,0.4166666666666667,0.4166666666666667,0.5833333333333334,0.17421919647894732,0.27217445192943635
pearson,2,4,0.5,0.5,1.0,0.16279095979450647,0.19480947062527815
cosine,2,5,0.75,0.75,1.0,0.24404259588900942,0.3105862090935035
euclidean,2,5,0.75,0.75,0.9166666666666666,0.265765562321979,0.31112775283470234
pearson,2,5,0.8333333333333334,0.8333333333333334,1.0,0.22457205464958507,0.286861758213238
cosine,2,6,0.6666666666666666,0.6666666666666666,0.8333333333333334,0.22054580791086212,0.3522337463111988
euclidean,2,6,0.4166666666666667,0.4166666666666667,0.5833333333333334,0.20839169845036676,0.3380817830886072
pearson,2,6,0.5833333333333334,0.5833333333333334,0.8333333333333334,0.21573909831830151,0.35064378280198166
cosine,2,7,0.6666666666666666,0.6666666666666666,0.9166666666666666,0.17413416882358806,0.2828943736947872
euclidean,2,7,0.4166666666666667,0.4166666666666667,0.6666666666666666,0.19018441606769923,0.29891739057282746
pearson,2,7,0.5833333333333334,0.5833333333333334,0.75,0.17318990628496525,0.35535405511710333
cosine,2,8,0.5,0.5,0.6666666666666666,0.17570055492980047,0.3218440850479497
euclidean,2,8,0.5,0.5,0.5833333333333334,0.17825393791408414,0.32344359107478377
pearson,2,8,0.3333333333333333,0.3333333333333333,0.6666666666666666,0.154050566114965,0.3189561318949438
cosine,2,9,0.5,0.5,0.8333333333333334,0.14109300306549552,0.2967947948519009
euclidean,2,9,0.5,0.5,0.5833333333333334,0.14785392393268434,0.30166987110937526
pearson,2,9,0.5,0.5,0.8333333333333334,0.1360234446868452,0.2841535074891001
