distance,k,i,precision,recall,mrr,mae,rmse
cosine,1,0,0.6666666666666666,0.6666666666666666,0.6666666666666666,0.2268639614763348,0.3406467616448106
euclidean,1,0,0.6666666666666666,0.6666666666666666,0.6666666666666666,0.2224141481206471,0.33033399527213575
pearson,1,0,0.6666666666666666,0.6666666666666666,0.6666666666666666,0.17866984326087387,0.3189804676354236
cosine,1,1,0.8888888888888888,0.8888888888888888,0.8888888888888888,0.15976022433538845,0.2699548790278572
euclidean,1,1,0.8888888888888888,0.8888888888888888,0.8888888888888888,0.14572075501093515,0.26220690466755364
pearson,1,1,0.5555555555555556,0.5555555555555556,0.5555555555555556,0.1619976899516604,0.30427645937319286
cosine,1,2,1.0,1.0,1.0,0.15620292440779976,0.2331824318147708
euclidean,1,2,0.7777777777777778,0.7777777777777778,0.7777777777777778,0.13513789488963232,0.17963414202251884
pearson,1,2,1.0,1.0,1.0,0.1478362373750267,0.19321961276888738
cosine,1,3,0.5555555555555556,0.5555555555555556,0.5555555555555556,0.22456507289700572,0.32476802129121574
euclidean,1,3,0.6666666666666666,0.6666666666666666,0.6666666666666666,0.19184287921432136,0.26331212354707356
pearson,1,3,0.7777777777777778,0.7777777777777778,0.7777777777777778,0.13938653373770704,0.2572864574801654
cosine,1,4,0.7777777777777778,0.7777777777777778,0.7777777777777778,0.1695213447325812,0.2806206706830323
euclidean,1,4,0.6666666666666666,0.6666666666666666,0.6666666666666666,0.17240372476277172,0.2700363485872415
pearson,1,4,0.7777777777777778,0.7777777777777778,0.7777777777777778,0.1332319335999927,0.243471112762193
cosine,1,5,0.7777777777777778,0.7777777777777778,0.7777777777777778,0.1524786345138605,0.2640218148677718
euclidean,1,5,0.6666666666666666,0.6666666666666666,0.6666666666666666,0.13968626374522583,0.24660891623327186
pearson,1,5,0.7777777777777778,0.7777777777777778,0.7777777777777778,0.14332009253546213,0.24670111970013495
cosine,1,6,0.7777777777777778,0.7777777777777778,0.7777777777777778,0.18224833088315517,0.28305731915294396
euclidean,1,6,0.6666666666666666,0.6666666666666666,0.6666666666666666,0.15680822598715538,0.22401296550962713
pearson,1,6,0.7777777777777778,0.7777777777777778,0.7777777777777778,0.12740245535622868,0.1847911807959609
cosine,1,7,0.8888888888888888,0.8888888888888888,0.8888888888888888,0.1531878450263694,0.24514116383204668
euclidean,1,7,0.6666666666666666,0.6666666666666666,0.6666666666666666,0.12274120468950198,0.16434263545519734
pearson,1,7,1.0,1.0,1.0,0.12055146548416804,0.1452382633875328
cosine,1,8,0.8888888888888888,0.8888888888888888,0.8888888888888888,0.17044392018457247,0.27084109480721574
euclidean,1,8,0.7777777777777778,0.7777777777777778,0.7777777777777778,0.1638998287402417,0.26675726041043435
pearson,1,8,0.7777777777777778,0.7777777777777778,0.7777777777777778,0.156479719708581,0.30127194051028255
cosine,1,9,0.6666666666666666,0.6666666666666666,0.6666666666666666,0.16801455290001105,0.24059137101681954
euclidean,1,9,0.5555555555555556,0.5555555555555556,0.5555555555555556,0.1528338376057621,0.2210861376494381
pearson,1,9,0.8888888888888888,0.8888888888888888,0.8888888888888888,0.09529892936151158,0.1624186274459118
