distance,k,i,precision,recall,mrr,mae,rmse
cosine,3,0,0.5555555555555555,0.5555555555555555,0.6666666666666666,0.4976851851851852,0.6045346190452144
euclidean,3,0,0.4444444444444444,0.4444444444444444,0.6666666666666666,0.4976851851851852,0.6045346190452144
pearson,3,0,0.4444444444444444,0.4444444444444444,0.6666666666666666,0.46759259259259256,0.6015312536422089
cosine,3,1,0.3333333333333333,0.3333333333333333,1.0,0.5300925925925926,0.6518577703855889
euclidean,3,1,0.3333333333333333,0.3333333333333333,1.0,0.5300925925925926,0.6518577703855889
pearson,3,1,0.2222222222222222,0.2222222222222222,0.6666666666666666,0.3425925925925925,0.5331918536625172
cosine,3,2,0.6666666666666666,0.6666666666666666,1.0,0.5624999999999999,0.6291358357801801
euclidean,3,2,0.6666666666666666,0.6666666666666666,1.0,0.5624999999999999,0.6291358357801801
pearson,3,2,0.5555555555555555,0.5555555555555555,0.6666666666666666,0.486111111111111,0.6103039001023257
cosine,3,3,0.3333333333333333,0.3333333333333333,0.6666666666666666,0.22052068348080012,0.29922941216739785
euclidean,3,3,0.4444444444444444,0.4444444444444444,1.0,0.09631781983145413,0.1372951949227551
pearson,3,3,0.5555555555555555,0.5555555555555555,1.0,0.28703703703703703,0.3048532895028579
cosine,3,4,0.3333333333333333,0.3333333333333333,0.8333333333333334,0.42343717888742904,0.44785799767306855
euclidean,3,4,0.4444444444444444,0.4444444444444444,0.8333333333333334,0.41028913597959493,0.4285254953214894
pearson,3,4,0.3333333333333333,0.3333333333333333,1.0,0.2881944444444443,0.30389384009779247
cosine,3,5,0.3333333333333333,0.3333333333333333,0.5,0.9097222222222219,0.9156899491587736
euclidean,3,5,0.3333333333333333,0.3333333333333333,0.6666666666666666,0.9184362934362933,0.924376103306461
pearson,3,5,0.5555555555555555,0.5555555555555555,1.0,0.833333333333333,0.8819171036881966
cosine,3,6,0.4444444444444444,0.4444444444444444,0.6666666666666666,0.3691549855550689,0.4324424322861781
euclidean,3,6,0.4444444444444444,0.4444444444444444,0.6666666666666666,0.36477230458579085,0.43013453969281973
pearson,3,6,0.3333333333333333,0.3333333333333333,0.6666666666666666,0.324074074074074,0.4169751944147296
cosine,3,7,0.4444444444444444,0.4444444444444444,1.0,0.48611111111111094,0.5964141820439968
euclidean,3,7,0.4444444444444444,0.4444444444444444,1.0,0.4929456092806541,0.603111709736273
pearson,3,7,0.4444444444444444,0.4444444444444444,1.0,0.28703703703703703,0.3048532895028579
cosine,3,8,0.4444444444444444,0.4444444444444444,0.6666666666666666,0.5879629629629628,0.7246516593749317
euclidean,3,8,0.4444444444444444,0.4444444444444444,0.6666666666666666,0.5879629629629628,0.7246516593749317
pearson,3,8,0.4444444444444444,0.4444444444444444,1.0,0.33796296296296285,0.33856491294041136
cosine,3,9,0.4444444444444444,0.4444444444444444,0.5,0.7290574863384287,0.8046944132296896
euclidean,3,9,0.3333333333333333,0.3333333333333333,0.5,0.7304485146421396,0.8049865214026034
pearson,3,9,0.3333333333333333,0.3333333333333333,0.6666666666666666,0.3425925925925925,0.5249273252984579
