distance,k,i,precision,recall,mrr,mae,rmse
cosine,2,0,0.5,0.5,1.0,0.16904461271792665,0.21843115599737828
euclidean,2,0,0.5,0.5,1.0,0.16798941798941808,0.2127348510471009
pearson,2,0,0.375,0.375,0.625,0.3988095238095237,0.5043742896265442
cosine,2,1,0.5,0.5,1.0,0.1844930818266788,0.22851682472687376
euclidean,2,1,0.5,0.5,1.0,0.18422965310117823,0.22837566460426173
pearson,2,1,0.5,0.5,0.875,0.20833333333333323,0.2763853991962832
cosine,2,2,0.5,0.5,1.0,0.40118746986078374,0.47180376347115305
euclidean,2,2,0.5,0.5,1.0,0.39673289673289674,0.46369058226281495
pearson,2,2,0.5,0.5,0.875,0.6130952380952379,0.684601444872851
cosine,2,3,0.5,0.5,0.75,0.425595238095238,0.4499661425912599
euclidean,2,3,0.625,0.625,1.0,0.418803203175795,0.4417651654944185
pearson,2,3,0.375,0.375,0.625,0.5982142857142856,0.6219312416881427
cosine,2,4,0.625,0.625,1.0,0.24999999999999994,0.2964261809044936
euclidean,2,4,0.625,0.625,1.0,0.24999999999999994,0.2964261809044936
pearson,2,4,0.375,0.375,0.625,0.37499999999999983,0.5285231638195977
cosine,2,5,0.625,0.625,1.0,0.35119047619047616,0.3829930462415574
euclidean,2,5,0.625,0.625,1.0,0.35119047619047616,0.3829930462415574
pearson,2,5,0.125,0.125,0.25,0.7499999999999998,0.7905694150420947
cosine,2,6,0.5,0.5,0.75,0.41189574291568454,0.460141949880081
euclidean,2,6,0.5,0.5,0.75,0.41894257703081234,0.46855739157118426
pearson,2,6,0.375,0.375,0.5,0.5267857142857142,0.6234675089320032
cosine,2,7,0.625,0.625,1.0,0.4001998740437752,0.46776631201650287
euclidean,2,7,0.625,0.625,1.0,0.391144134319186,0.4568662641973234
pearson,2,7,0.25,0.25,0.5,0.6249999999999999,0.7499999999999999
cosine,2,8,0.625,0.625,1.0,0.26488095238095233,0.2743912040860978
euclidean,2,8,0.625,0.625,1.0,0.26488095238095233,0.2743912040860978
pearson,2,8,0.25,0.25,0.375,0.5982142857142856,0.7154009151432188
cosine,2,9,0.5,0.5,1.0,0.47420939735552503,0.5480039387922662
euclidean,2,9,0.5,0.5,1.0,0.46786731173883683,0.5393026017807055
pearson,2,9,0.375,0.375,0.75,0.6666666666666664,0.7546154281781179
