distance,k,i,precision,recall,mrr,mae,rmse
cosine,2,0,0.6428571428571429,0.6428571428571429,1.0,0.24457787641993564,0.3313301044741765
euclidean,2,0,0.5,0.5,0.7857142857142857,0.24981140244596226,0.33584443819787324
pearson,2,0,0.5714285714285714,0.5714285714285714,0.8571428571428571,0.24972222222222223,0.3447516071534992
cosine,2,1,0.6428571428571429,0.6428571428571429,0.7857142857142857,0.35598481005254373,0.4619075152627059
euclidean,2,1,0.5714285714285714,0.5714285714285714,0.7142857142857143,0.3608778538270577,0.45842903525587664
pearson,2,1,0.5714285714285714,0.5714285714285714,0.7142857142857143,0.3683862433862433,0.482481993644998
cosine,2,2,0.7142857142857143,0.7142857142857143,0.9285714285714286,0.2785996712329002,0.333034665011657
euclidean,2,2,0.5714285714285714,0.5714285714285714,0.7857142857142857,0.2768646266539905,0.3295266116754737
pearson,2,2,0.7142857142857143,0.7142857142857143,1.0,0.26237364598048635,0.3150474141150532
cosine,2,3,0.7142857142857143,0.7142857142857143,0.8571428571428571,0.20297674546524472,0.28700302492801527
euclidean,2,3,0.6428571428571429,0.6428571428571429,0.7857142857142857,0.18800389165709439,0.2353891588417857
pearson,2,3,0.8571428571428571,0.8571428571428571,1.0,0.09771782243226493,0.1326334800941021
cosine,2,4,0.7142857142857143,0.7142857142857143,0.9285714285714286,0.2295535185260218,0.3122316026538268
euclidean,2,4,0.5714285714285714,0.5714285714285714,0.7857142857142857,0.22113008389878405,0.2833392302317672
pearson,2,4,0.6428571428571429,0.6428571428571429,0.8571428571428571,0.23732792058355584,0.3488799922936036
cosine,2,5,0.5714285714285714,0.5714285714285714,0.8571428571428571,0.2060709211613538,0.2701224177248103
euclidean,2,5,0.5,0.5,0.7857142857142857,0.2031513486908648,0.2673260796737862
pearson,2,5,0.5714285714285714,0.5714285714285714,0.7142857142857143,0.19808631818943034,0.2828550254944226
cosine,2,6,0.6428571428571429,0.6428571428571429,0.8571428571428571,0.18612162480364283,0.2865882253897916
euclidean,2,6,0.6428571428571429,0.6428571428571429,0.7857142857142857,0.13898429869108336,0.22081990557684533
pearson,2,6,0.6428571428571429,0.6428571428571429,0.8571428571428571,0.12319047619047616,0.25957084909359246
cosine,2,7,0.6428571428571429,0.6428571428571429,0.7857142857142857,0.38170228980037524,0.4746826938636278
euclidean,2,7,0.6428571428571429,0.6428571428571429,0.7857142857142857,0.29564949504640653,0.33501947389806674
pearson,2,7,0.7142857142857143,0.7142857142857143,0.8571428571428571,0.23566137566137554,0.3268054746453422
cosine,2,8,0.7857142857142857,0.7857142857142857,1.0,0.2343468789446618,0.30874620575517897
euclidean,2,8,0.5,0.5,0.7857142857142857,0.24694549348527067,0.3210815071109656
pearson,2,8,0.6428571428571429,0.6428571428571429,0.8571428571428571,0.258830205439992,0.3598323382040001
cosine,2,9,0.5714285714285714,0.5714285714285714,0.7142857142857143,0.2524993053245932,0.3942269093167052
euclidean,2,9,0.5714285714285714,0.5714285714285714,0.7142857142857143,0.24189917180215698,0.3829371478934779
pearson,2,9,0.42857142857142855,0.42857142857142855,0.5714285714285714,0.27055973552773305,0.4326124385886369
