distance,k,i,precision,recall,mrr,mae,rmse
cosine,3,0,0.25,0.25,0.75,0.4530904276303108,0.5182115220071143
euclidean,3,0,0.41666666666666663,0.41666666666666663,0.75,0.44953703703703707,0.5131091849356186
pearson,3,0,0.16666666666666666,0.16666666666666666,0.5,0.5162037037037037,0.6154970277920523
cosine,3,1,0.5833333333333334,0.5833333333333334,1.0,0.5367527786111694,0.6361996528624878
euclidean,3,1,0.5833333333333334,0.5833333333333334,1.0,0.5030863112471167,0.6034141107301109
pearson,3,1,0.5833333333333334,0.5833333333333334,1.0,0.736111111111111,0.7822293244627068
cosine,3,2,0.3333333333333333,0.3333333333333333,1.0,0.3194444444444445,0.5099322152968283
euclidean,3,2,0.25,0.25,0.75,0.3194444444444445,0.5099322152968283
pearson,3,2,0.25,0.25,0.75,0.3194444444444444,0.5099322152968282
cosine,3,3,0.5833333333333333,0.5833333333333333,1.0,0.5262345679012345,0.5976517340892342
euclidean,3,3,0.5833333333333333,0.5833333333333333,1.0,0.5333825625831659,0.596828483267527
pearson,3,3,0.5,0.5,0.75,0.6041666666666665,0.6468406123441676
cosine,3,4,0.41666666666666663,0.41666666666666663,0.75,0.7037383465664103,0.7454873616842348
euclidean,3,4,0.41666666666666663,0.41666666666666663,0.75,0.6791302820433781,0.7261985411889211
pearson,3,4,0.41666666666666663,0.41666666666666663,0.75,0.8009259259259258,0.8719941511992217
cosine,3,5,0.3333333333333333,0.3333333333333333,1.0,0.48611111111111105,0.6092142277628141
euclidean,3,5,0.3333333333333333,0.3333333333333333,1.0,0.48611111111111105,0.6092142277628141
pearson,3,5,0.25,0.25,0.75,0.3194444444444444,0.5099322152968282
cosine,3,6,0.5833333333333333,0.5833333333333333,1.0,0.3935185185185185,0.5371168523064138
euclidean,3,6,0.5833333333333333,0.5833333333333333,1.0,0.3935185185185185,0.5371168523064138
pearson,3,6,0.25,0.25,0.5,0.5972222222222222,0.7084997383815282
cosine,3,7,0.41666666666666663,0.41666666666666663,0.75,0.3964918365476981,0.5703266408446914
euclidean,3,7,0.41666666666666663,0.41666666666666663,0.75,0.34315885974120264,0.46355628325456094
pearson,3,7,0.3333333333333333,0.3333333333333333,0.75,0.43055555555555547,0.5699523480189774
cosine,3,8,0.41666666666666663,0.41666666666666663,0.75,0.6414411970010216,0.7316902913718415
euclidean,3,8,0.3333333333333333,0.3333333333333333,0.5,0.6361111111111111,0.7257723760506006
pearson,3,8,0.25,0.25,0.5,0.5925925925925926,0.7028503597906793
cosine,3,9,0.41666666666666663,0.41666666666666663,1.0,0.4329093435909155,0.5663687350218443
euclidean,3,9,0.41666666666666663,0.41666666666666663,1.0,0.42078359869885296,0.5608926745602424
pearson,3,9,0.16666666666666666,0.16666666666666666,0.5,0.5277777777777777,0.709285851933539
