distance,k,i,precision,recall,mrr,mae,rmse
cosine,2,0,0.625,0.625,1.0,0.29916462117668474,0.4775571917325773
euclidean,2,0,0.625,0.625,1.0,0.3092633249314638,0.4784179621858455
pearson,2,0,0.375,0.375,0.75,0.3211951447245564,0.47873473564177327
cosine,2,1,0.5,0.5,1.0,0.6973389355742295,0.7889043202074311
euclidean,2,1,0.5,0.5,1.0,0.697581017111531,0.7894778368019534
pearson,2,1,0.5,0.5,0.75,0.7999999999999998,0.8944271909999156
cosine,2,2,0.5,0.5,1.0,0.26524585498034425,0.4611682455544653
euclidean,2,2,0.375,0.375,0.75,0.2678757489238291,0.46214372006204535
pearson,2,2,0.375,0.375,0.75,0.25822049135449554,0.4584956806168923
cosine,2,3,0.5,0.5,1.0,0.1672126006669837,0.2045513200326328
euclidean,2,3,0.625,0.625,1.0,0.18365956172306297,0.21452859516913667
pearson,2,3,0.5,0.5,1.0,0.22577030812324922,0.2538134328587796
cosine,2,4,0.75,0.75,0.875,0.44220209107422825,0.4828935094576609
euclidean,2,4,0.625,0.625,1.0,0.4287231064407086,0.4750755136073561
pearson,2,4,0.5,0.5,0.625,0.526423902894491,0.6200874837398807
cosine,2,5,0.375,0.375,0.75,0.32287581699346396,0.45489732289019724
euclidean,2,5,0.5,0.5,0.75,0.3055136124456645,0.42093181713750494
pearson,2,5,0.375,0.375,0.75,0.3428571428571427,0.4948716593053934
cosine,2,6,0.75,0.75,1.0,0.5026143790849671,0.6002232068229922
euclidean,2,6,0.625,0.625,1.0,0.4730357261602302,0.5672158937517805
pearson,2,6,0.625,0.625,0.875,0.49897292250233416,0.5231641028668652
cosine,2,7,0.5,0.5,1.0,0.3027007560385159,0.3467452018340351
euclidean,2,7,0.625,0.625,1.0,0.23350407210211732,0.26450739625847886
pearson,2,7,0.5,0.5,1.0,0.28795518207282905,0.33922279887160034
cosine,2,8,0.375,0.375,0.75,0.28122483327437814,0.28925124572541494
euclidean,2,8,0.625,0.625,1.0,0.2742530795374702,0.29395332788084927
pearson,2,8,0.5,0.5,0.75,0.38599439775910355,0.4128266190373118
cosine,2,9,0.5,0.5,1.0,0.3186274509803922,0.48467974578939216
euclidean,2,9,0.5,0.5,1.0,0.3186274509803922,0.48467974578939216
pearson,2,9,0.375,0.375,0.75,0.3186274509803921,0.48467974578939205
