distance,k,i,precision,recall,mrr,mae,rmse
cosine,1,0,0.8888888888888888,0.8888888888888888,0.8888888888888888,0.18260182674590905,0.2642490659174574
euclidean,1,0,0.8888888888888888,0.8888888888888888,0.8888888888888888,0.18690026559355866,0.2596390772801089
pearson,1,0,0.7777777777777778,0.7777777777777778,0.7777777777777778,0.2502506615919108,0.34968014960852817
cosine,1,1,0.8888888888888888,0.8888888888888888,0.8888888888888888,0.41556514771602066,0.5002245906011968
euclidean,1,1,0.8888888888888888,0.8888888888888888,0.8888888888888888,0.410299233462972,0.49267007873471663
pearson,1,1,0.4444444444444444,0.4444444444444444,0.4444444444444444,0.6173340548340547,0.7193643929082374
cosine,1,2,0.8888888888888888,0.8888888888888888,0.8888888888888888,0.24364354769359184,0.2757775607334234
euclidean,1,2,0.8888888888888888,0.8888888888888888,0.8888888888888888,0.23718991384613816,0.27477561342706347
pearson,1,2,0.6666666666666666,0.6666666666666666,0.6666666666666666,0.3139650012295752,0.4637247494486743
cosine,1,3,0.8888888888888888,0.8888888888888888,0.8888888888888888,0.16528652816658204,0.2536326602513263
euclidean,1,3,0.8888888888888888,0.8888888888888888,0.8888888888888888,0.1714345554922701,0.2545503620851156
pearson,1,3,0.6666666666666666,0.6666666666666666,0.6666666666666666,0.30296195595128944,0.48376008926429526
cosine,1,4,0.8888888888888888,0.8888888888888888,0.8888888888888888,0.3193570490882778,0.4062474794450687
euclidean,1,4,0.8888888888888888,0.8888888888888888,0.8888888888888888,0.2968164484357177,0.37802529767392196
pearson,1,4,0.7777777777777778,0.7777777777777778,0.7777777777777778,0.40373939008958926,0.5369459688763272
cosine,1,5,0.8888888888888888,0.8888888888888888,0.8888888888888888,0.2570453197377614,0.3004130888598508
euclidean,1,5,0.8888888888888888,0.8888888888888888,0.8888888888888888,0.2531904365114422,0.2941702973614994
pearson,1,5,0.6666666666666666,0.6666666666666666,0.6666666666666666,0.37665138407926724,0.4946948364688771
cosine,1,6,0.8888888888888888,0.8888888888888888,0.8888888888888888,0.2911411793895071,0.3309333220502252
euclidean,1,6,0.8888888888888888,0.8888888888888888,0.8888888888888888,0.28275842740655516,0.3221602451404647
pearson,1,6,0.7777777777777778,0.7777777777777778,0.7777777777777778,0.3151441131980546,0.41084899421328597
cosine,1,7,0.7777777777777778,0.7777777777777778,0.7777777777777778,0.2593889138701319,0.3406108079112084
euclidean,1,7,0.7777777777777778,0.7777777777777778,0.7777777777777778,0.25985393221238784,0.34134768471075155
pearson,1,7,0.7777777777777778,0.7777777777777778,0.7777777777777778,0.2706104542994097,0.3492581509538426
cosine,1,8,0.8888888888888888,0.8888888888888888,0.8888888888888888,0.22599725312532995,0.26781327642575636
euclidean,1,8,0.8888888888888888,0.8888888888888888,0.8888888888888888,0.23617997152040496,0.27854919171173287
pearson,1,8,0.5555555555555556,0.5555555555555556,0.5555555555555556,0.3578643578643578,0.530959633656735
cosine,1,9,0.8888888888888888,0.8888888888888888,0.8888888888888888,0.314798264951066,0.40043020261885864
euclidean,1,9,0.8888888888888888,0.8888888888888888,0.8888888888888888,0.30223323562705073,0.3931961735697047
pearson,1,9,0.6666666666666666,0.6666666666666666,0.6666666666666666,0.43055424172179874,0.5944422912072421
