distance,k,i,precision,recall,mrr,mae,rmse
cosine,3,0,0.619047619047619,0.619047619047619,0.9047619047619048,0.21877822181248596,0.2978734293349013
euclidean,3,0,0.6666666666666666,0.6666666666666666,0.7857142857142857,0.2112590881884088,0.28023045372016536
pearson,3,0,0.42857142857142855,0.42857142857142855,0.8571428571428571,0.16105102246412153,0.2875492183810965
cosine,3,1,0.38095238095238093,0.38095238095238093,0.7857142857142857,0.26179537517218926,0.40701841098345043
euclidean,3,1,0.33333333333333337,0.33333333333333337,0.7857142857142857,0.2738312883584301,0.41696895532243244
pearson,3,1,0.33333333333333337,0.33333333333333337,0.5714285714285714,0.27376568457327494,0.42427237655848304
cosine,3,2,0.6666666666666666,0.6666666666666666,1.0,0.23441848088974512,0.2891216867116535
euclidean,3,2,0.5238095238095238,0.5238095238095238,0.8571428571428571,0.23548406659045776,0.2817659308314619
pearson,3,2,0.5714285714285714,0.5714285714285714,1.0,0.20819095108388197,0.2653285670259258
cosine,3,3,0.5714285714285714,0.5714285714285714,0.9047619047619048,0.198144439450647,0.2662804415400038
euclidean,3,3,0.619047619047619,0.619047619047619,0.8571428571428571,0.18895398290834772,0.2649931755679494
pearson,3,3,0.47619047619047616,0.47619047619047616,0.8571428571428571,0.1446480092299235,0.27754599775927163
cosine,3,4,0.42857142857142855,0.42857142857142855,0.7857142857142857,0.22817828409403473,0.3487188112328786
euclidean,3,4,0.38095238095238093,0.38095238095238093,0.7142857142857143,0.2224270551914941,0.3472719322967963
pearson,3,4,0.42857142857142855,0.42857142857142855,0.8571428571428571,0.1693444464076011,0.30719397185152797
cosine,3,5,0.42857142857142855,0.42857142857142855,0.7857142857142857,0.26024911561744846,0.4063003461358458
euclidean,3,5,0.47619047619047616,0.47619047619047616,0.7857142857142857,0.23730643627974554,0.366371578294609
pearson,3,5,0.5714285714285714,0.5714285714285714,0.7142857142857143,0.23543288538439258,0.40002658834882565
cosine,3,6,0.5714285714285714,0.5714285714285714,0.8571428571428571,0.25368155373444545,0.31374739608509616
euclidean,3,6,0.42857142857142855,0.42857142857142855,0.7857142857142857,0.25713357885165344,0.33105116255381334
pearson,3,6,0.47619047619047616,0.47619047619047616,0.8571428571428571,0.24754238205414783,0.3130388457036637
cosine,3,7,0.5714285714285714,0.5714285714285714,0.9285714285714286,0.25473227243368335,0.3827622621087511
euclidean,3,7,0.47619047619047616,0.47619047619047616,0.8333333333333333,0.26990683348274175,0.3907532207049178
pearson,3,7,0.47619047619047616,0.47619047619047616,0.7142857142857143,0.27843915343915343,0.43383577234508347
cosine,3,8,0.47619047619047616,0.47619047619047616,0.7142857142857143,0.28045156974484986,0.4019490044615631
euclidean,3,8,0.4285714285714285,0.4285714285714285,0.7857142857142857,0.2861631589024775,0.3941983691915887
pearson,3,8,0.38095238095238093,0.38095238095238093,0.6428571428571429,0.2188095848874822,0.40918569357309403
cosine,3,9,0.42857142857142855,0.42857142857142855,0.7619047619047619,0.3114163112001185,0.4324014643016134
euclidean,3,9,0.47619047619047616,0.47619047619047616,0.8333333333333333,0.3155844460746524,0.4288957853315072
pearson,3,9,0.4285714285714285,0.4285714285714285,0.5714285714285714,0.25695980981008576,0.4523752295360384
