distance,k,i,precision,recall,mrr,mae,rmse
cosine,2,0,0.5,0.5,0.5,0.6526124338624336,0.7052185287117964
euclidean,2,0,0.5,0.5,0.5,0.6541243831627579,0.706116332496644
pearson,2,0,0.3333333333333333,0.3333333333333333,0.6666666666666666,0.2962962962962962,0.33023249074309274
cosine,2,1,0.5,0.5,0.8333333333333334,0.3294088008081199,0.4154622764109677
euclidean,2,1,0.5,0.5,0.8333333333333334,0.32325318262727465,0.3992707154689083
pearson,2,1,0.5,0.5,1.0,0.32407407407407396,0.370833044342607
cosine,2,2,0.6666666666666666,0.6666666666666666,1.0,0.30257936507936506,0.3743567357781384
euclidean,2,2,0.3333333333333333,0.3333333333333333,0.6666666666666666,0.30257936507936506,0.3743567357781384
pearson,2,2,0.5,0.5,0.6666666666666666,0.42857142857142844,0.46014638309732586
cosine,2,3,0.6666666666666666,0.6666666666666666,1.0,0.4642857142857142,0.5632201334956216
euclidean,2,3,0.6666666666666666,0.6666666666666666,1.0,0.46412485175216434,0.5631164484500181
pearson,2,3,0.5,0.5,0.6666666666666666,0.3734567901234567,0.5331203850134913
cosine,2,4,0.6666666666666666,0.6666666666666666,0.6666666666666666,0.6785714285714284,0.7221350025827249
euclidean,2,4,0.6666666666666666,0.6666666666666666,0.6666666666666666,0.6785714285714284,0.7221350025827249
pearson,2,4,0.6666666666666666,0.6666666666666666,0.6666666666666666,0.3452380952380951,0.37721379804178223
cosine,2,5,0.6666666666666666,0.6666666666666666,1.0,0.4049272486772487,0.5475728172661977
euclidean,2,5,0.6666666666666666,0.6666666666666666,1.0,0.406039815143525,0.5480837098562422
pearson,2,5,0.3333333333333333,0.3333333333333333,0.3333333333333333,0.46296296296296285,0.5755655654785203
cosine,2,6,0.5,0.5,0.8333333333333334,0.5238095238095237,0.5440995714604002
euclidean,2,6,0.3333333333333333,0.3333333333333333,0.6666666666666666,0.5238095238095237,0.5440995714604002
pearson,2,6,0.5,0.5,1.0,0.35846560846560843,0.40120161889636863
cosine,2,7,0.6666666666666666,0.6666666666666666,1.0,0.40939153439153436,0.5138527119840788
euclidean,2,7,0.6666666666666666,0.6666666666666666,1.0,0.40939153439153436,0.5138527119840788
pearson,2,7,0.6666666666666666,0.6666666666666666,1.0,0.3029100529100529,0.3613859740408032
cosine,2,8,0.6666666666666666,0.6666666666666666,1.0,0.40828924162257485,0.499746038791842
euclidean,2,8,0.6666666666666666,0.6666666666666666,1.0,0.40828924162257485,0.49974603879184204
pearson,2,8,0.6666666666666666,0.6666666666666666,1.0,0.32054673721340377,0.3732591840751326
cosine,2,9,0.3333333333333333,0.3333333333333333,0.3333333333333333,0.5912698412698411,0.6389039510970009
euclidean,2,9,0.6666666666666666,0.6666666666666666,0.6666666666666666,0.5926885949231316,0.6397458932737748
pearson,2,9,0.5,0.5,1.0,0.4166666666666665,0.4249182927993986
