distance,k,i,precision,recall,mrr,mae,rmse
cosine,2,0,0.75,0.75,1.0,0.3115079365079365,0.3757740866247092
euclidean,2,0,0.75,0.75,1.0,0.3115079365079365,0.3757740866247092
pearson,2,0,0.375,0.375,0.5,0.5111607142857142,0.6953545977281179
cosine,2,1,0.5,0.5,0.5,0.8891369047619047,0.8986974169284551
euclidean,2,1,0.5,0.5,0.5,0.8891369047619047,0.8986974169284551
pearson,2,1,0.5,0.5,0.5,0.9933035714285714,0.9933712858139153
cosine,2,2,0.5,0.5,1.0,0.24999827852144474,0.3338573104561587
euclidean,2,2,0.5,0.5,1.0,0.25000664222328495,0.3338607558558608
pearson,2,2,0.375,0.375,0.75,0.33333333333333315,0.3830161731427131
cosine,2,3,0.625,0.625,1.0,0.22246434073944338,0.29262186962536585
euclidean,2,3,0.625,0.625,1.0,0.21936337558264046,0.28251951857591023
pearson,2,3,0.375,0.375,0.75,0.4166666666666665,0.5651941652604389
cosine,2,4,0.5,0.5,1.0,0.5513392857142856,0.5815778142597219
euclidean,2,4,0.5,0.5,1.0,0.5461119023029047,0.5771269939125978
pearson,2,4,0.625,0.625,1.0,0.7023809523809522,0.7785682430399371
cosine,2,5,0.5,0.5,0.75,0.4017857142857141,0.44297773415735414
euclidean,2,5,0.5,0.5,0.75,0.3845531452276486,0.4205017983401391
pearson,2,5,0.375,0.375,0.75,0.6249999999999998,0.6614378277661475
cosine,2,6,0.5,0.5,1.0,0.40178571428571425,0.4055380338991344
euclidean,2,6,0.5,0.5,1.0,0.4149159663865546,0.41707335888584873
pearson,2,6,0.375,0.375,0.75,0.5089285714285714,0.6022981603654387
cosine,2,7,0.5,0.5,1.0,0.5059523809523809,0.5151131461028555
euclidean,2,7,0.5,0.5,1.0,0.5139708890109356,0.5215890246128709
pearson,2,7,0.375,0.375,0.75,0.6026785714285713,0.6400297446053517
cosine,2,8,0.5,0.5,1.0,0.2425595238095239,0.2669047220806224
euclidean,2,8,0.5,0.5,1.0,0.2425595238095239,0.2669047220806224
pearson,2,8,0.625,0.625,1.0,0.3839285714285714,0.4265671137711162
cosine,2,9,0.75,0.75,1.0,0.3115079365079365,0.3757740866247092
euclidean,2,9,0.75,0.75,1.0,0.3115079365079365,0.3757740866247092
pearson,2,9,0.375,0.375,0.5,0.5111607142857142,0.6953545977281179
