distance,k,i,precision,recall,mrr,mae,rmse
cosine,1,0,1.0,1.0,1.0,0.4027777777777778,0.4724037414379296
euclidean,1,0,1.0,1.0,1.0,0.37603744628606506,0.43175244101690097
pearson,1,0,0.75,0.75,0.75,0.5972222222222222,0.663508465827653
cosine,1,1,0.75,0.75,0.75,0.3819444444444445,0.5359383717104094
euclidean,1,1,0.75,0.75,0.75,0.3819444444444445,0.5359383717104094
pearson,1,1,0.5,0.5,0.5,0.5902777777777777,0.7056047664378076
cosine,1,2,0.75,0.75,0.75,0.3628472222222222,0.4114693212316256
euclidean,1,2,0.75,0.75,0.75,0.3628472222222222,0.4114693212316256
pearson,1,2,0.75,0.75,0.75,0.3628472222222222,0.4114693212316256
cosine,1,3,0.75,0.75,0.75,0.2530864197530864,0.48800581175437946
euclidean,1,3,0.75,0.75,0.75,0.25285584410451,0.48754499291983144
pearson,1,3,1.0,1.0,1.0,0.48611111111111105,0.486705985220423
cosine,1,4,0.75,0.75,0.75,0.5354258120051774,0.65072076753417
euclidean,1,4,0.75,0.75,0.75,0.5348021117803595,0.6500355469931786
pearson,1,4,0.25,0.25,0.25,0.7499999999999998,0.8660254037844385
cosine,1,5,0.5,0.5,0.5,0.6203703703703703,0.6896749796124472
euclidean,1,5,0.75,0.75,0.75,0.602923764161352,0.666269024613365
pearson,1,5,0.5,0.5,0.5,0.6805555555555556,0.7879080147964743
cosine,1,6,0.75,0.75,0.75,0.34259259259259256,0.5198029359397204
euclidean,1,6,0.75,0.75,0.75,0.3441420569452121,0.5224709574410277
pearson,1,6,1.0,1.0,1.0,0.48611111111111105,0.486705985220423
cosine,1,7,1.0,1.0,1.0,0.5046296296296294,0.591941192904615
euclidean,1,7,1.0,1.0,1.0,0.4750568634140792,0.5479265239252991
pearson,1,7,0.75,0.75,0.75,0.6759259259259258,0.7568842710254001
cosine,1,8,0.75,0.75,0.75,0.632716049382716,0.6761971663902263
euclidean,1,8,0.75,0.75,0.75,0.6327343789655346,0.6762153220442414
pearson,1,8,0.5,0.5,0.5,0.7152777777777777,0.7485840543451036
cosine,1,9,0.25,0.25,0.25,0.7548671229269477,0.7769403362255946
euclidean,1,9,0.25,0.25,0.25,0.7435428495824475,0.7679294866326881
pearson,1,9,0.5,0.5,0.5,0.8055555555555556,0.826619041506135
