distance,k,i,precision,recall,mrr,mae,rmse
cosine,3,0,0.6296296296296297,0.6296296296296297,1.0,0.2570511102909099,0.37784005802146636
euclidean,3,0,0.5185185185185185,0.5185185185185185,0.9259259259259258,0.24539012138392322,0.357485901350037
pearson,3,0,0.5185185185185185,0.5185185185185185,0.6666666666666666,0.2536426945911729,0.40899358424858456
cosine,3,1,0.5925925925925926,0.5925925925925926,1.0,0.2629753034348638,0.405044033831033
euclidean,3,1,0.5555555555555556,0.5555555555555556,0.9259259259259258,0.27960801782223504,0.40796580553283024
pearson,3,1,0.5185185185185186,0.5185185185185186,0.7777777777777778,0.20732792068522238,0.3993764844340384
cosine,3,2,0.6296296296296297,0.6296296296296297,0.8333333333333334,0.21802494533482553,0.32831305755417645
euclidean,3,2,0.5555555555555555,0.5555555555555555,0.7777777777777778,0.2264358087862579,0.31600249085971277
pearson,3,2,0.5925925925925926,0.5925925925925926,0.8888888888888888,0.17069048945981571,0.29963530429856705
cosine,3,3,0.5185185185185185,0.5185185185185185,0.9259259259259258,0.2718279696973397,0.3736907202893411
euclidean,3,3,0.5925925925925926,0.5925925925925926,0.9259259259259258,0.25223223462489663,0.3484386650675595
pearson,3,3,0.4074074074074074,0.4074074074074074,0.6666666666666666,0.2698717948717948,0.39947323017136555
cosine,3,4,0.5555555555555556,0.5555555555555556,0.8888888888888888,0.24333836125388497,0.4058413022428613
euclidean,3,4,0.6296296296296297,0.6296296296296297,0.8888888888888888,0.23077703252660633,0.3310266118106071
pearson,3,4,0.5925925925925926,0.5925925925925926,0.8888888888888888,0.23991795016608725,0.333260391045138
cosine,3,5,0.8888888888888888,0.8888888888888888,1.0,0.20578259475208846,0.3124291297442383
euclidean,3,5,0.7407407407407407,0.7407407407407407,0.8888888888888888,0.21380013448909338,0.3067459249748181
pearson,3,5,0.6296296296296297,0.6296296296296297,0.8888888888888888,0.17106122899918133,0.31272777572797217
cosine,3,6,0.7777777777777778,0.7777777777777778,0.8888888888888888,0.2354868618328861,0.3015112711433426
euclidean,3,6,0.7777777777777778,0.7777777777777778,0.8888888888888888,0.21952346506676804,0.27771454189176814
pearson,3,6,0.5925925925925926,0.5925925925925926,0.8888888888888888,0.1895424836601307,0.2881207486415812
cosine,3,7,0.6666666666666666,0.6666666666666666,0.7222222222222222,0.2254080049070037,0.33451141584933386
euclidean,3,7,0.7037037037037037,0.7037037037037037,0.7777777777777778,0.20831243826247547,0.3022949522784728
pearson,3,7,0.48148148148148145,0.48148148148148145,0.7777777777777778,0.18960251855806015,0.3255053373325922
cosine,3,8,0.5925925925925926,0.5925925925925926,0.9259259259259258,0.21585321771379715,0.3329379002630893
euclidean,3,8,0.6296296296296297,0.6296296296296297,0.9259259259259258,0.21951626509726965,0.334788686666024
pearson,3,8,0.40740740740740733,0.40740740740740733,0.7777777777777778,0.2487909229015211,0.3907632937839519
cosine,3,9,0.6296296296296297,0.6296296296296297,0.9444444444444444,0.29040057004901193,0.40336013990828035
euclidean,3,9,0.5925925925925926,0.5925925925925926,0.9259259259259258,0.29519516455569256,0.40067859489923646
pearson,3,9,0.4444444444444444,0.4444444444444444,0.6666666666666666,0.2742603687768403,0.422797789774822
