distance,k,i,precision,recall,mrr,mae,rmse
cosine,3,0,0.3333333333333333,0.3333333333333333,1.0,0.23756613756613743,0.26967470738616334
euclidean,3,0,0.16666666666666666,0.16666666666666666,0.5,0.23756613756613743,0.26967470738616334
pearson,3,0,0.3333333333333333,0.3333333333333333,1.0,0.2936507936507935,0.34550345576284247
cosine,3,1,0.6666666666666666,0.6666666666666666,1.0,0.6158730158730158,0.6324555320336758
euclidean,3,1,0.6666666666666666,0.6666666666666666,1.0,0.6158730158730158,0.6324555320336758
pearson,3,1,0.5,0.5,1.0,0.26666666666666666,0.2787511291240024
cosine,3,2,0.6666666666666666,0.6666666666666666,1.0,0.4153439153439152,0.46940223302643364
euclidean,3,2,0.6666666666666666,0.6666666666666666,1.0,0.4153439153439152,0.46940223302643364
pearson,3,2,0.6666666666666666,0.6666666666666666,1.0,0.4153439153439152,0.46940223302643364
cosine,3,3,0.6666666666666666,0.6666666666666666,1.0,0.3523809523809523,0.41676869499125835
euclidean,3,3,0.6666666666666666,0.6666666666666666,1.0,0.3523809523809523,0.41676869499125835
pearson,3,3,0.5,0.5,1.0,0.273015873015873,0.28091202292862144
cosine,3,4,0.6666666666666666,0.6666666666666666,1.0,0.9293650793650792,0.9347181579328943
euclidean,3,4,0.6666666666666666,0.6666666666666666,1.0,0.9293650793650792,0.9347181579328943
pearson,3,4,0.5,0.5,1.0,0.9999999999999997,0.9999999999999998
cosine,3,5,0.3333333333333333,0.3333333333333333,1.0,0.5555555555555557,0.6195846266648288
euclidean,3,5,0.3333333333333333,0.3333333333333333,1.0,0.5555555555555557,0.6195846266648288
pearson,3,5,0.5,0.5,1.0,0.373015873015873,0.3736704826844497
cosine,3,6,0.3333333333333333,0.3333333333333333,1.0,0.4476190476190475,0.5192901719567337
euclidean,3,6,0.3333333333333333,0.3333333333333333,1.0,0.4476190476190475,0.5192901719567337
pearson,3,6,0.3333333333333333,0.3333333333333333,1.0,0.22539682539682535,0.23192513192372707
cosine,3,7,0.5,0.5,1.0,0.4973544973544974,0.614075815553615
euclidean,3,7,0.5,0.5,1.0,0.4973544973544974,0.614075815553615
pearson,3,7,0.3333333333333333,0.3333333333333333,0.5,0.39153439153439146,0.5860848256528248
cosine,3,8,0.6666666666666666,0.6666666666666666,1.0,0.9293650793650791,0.9347181579328943
euclidean,3,8,0.6666666666666666,0.6666666666666666,1.0,0.9293650793650791,0.9347181579328943
pearson,3,8,0.5,0.5,1.0,0.9999999999999997,0.9999999999999998
cosine,3,9,0.6666666666666666,0.6666666666666666,1.0,0.6158730158730158,0.6324555320336758
euclidean,3,9,0.6666666666666666,0.6666666666666666,1.0,0.6158730158730158,0.6324555320336758
pearson,3,9,0.5,0.5,1.0,0.26666666666666666,0.2787511291240024
