distance,k,i,precision,recall,mrr,mae,rmse
cosine,3,0,0.4,0.4,0.8,0.2158392735697828,0.3795880287494833
euclidean,3,0,0.4,0.4,0.7,0.19261298664181833,0.3562950344450824
pearson,3,0,0.3333333333333333,0.3333333333333333,0.8,0.21732954740109767,0.3815564383702709
cosine,3,1,0.3333333333333333,0.3333333333333333,0.6,0.2521983521334515,0.3854984646566226
euclidean,3,1,0.3333333333333333,0.3333333333333333,0.6,0.2552642446173679,0.38465005964691823
pearson,3,1,0.26666666666666666,0.26666666666666666,0.6,0.27386074260032744,0.42481862510026813
cosine,3,2,0.4666666666666666,0.4666666666666666,0.8,0.28097835182488773,0.38526391791692594
euclidean,3,2,0.5333333333333333,0.5333333333333333,0.9,0.254196957139105,0.34275940390624166
pearson,3,2,0.4666666666666666,0.4666666666666666,1.0,0.18739706751887578,0.2790640210274656
cosine,3,3,0.3333333333333333,0.3333333333333333,1.0,0.1539414206773895,0.2428609113206227
euclidean,3,3,0.3333333333333333,0.3333333333333333,0.8,0.1606066761971052,0.26253428218753777
pearson,3,3,0.26666666666666666,0.26666666666666666,0.8,0.18243040526045926,0.3340886737515372
cosine,3,4,0.4,0.4,0.5,0.27811511494950897,0.41754634650507183
euclidean,3,4,0.5333333333333333,0.5333333333333333,0.8,0.254863349993824,0.3853635911339458
pearson,3,4,0.4,0.4,0.6,0.36095535068039225,0.5360033109070755
cosine,3,5,0.4666666666666666,0.4666666666666666,0.9,0.12766807022775473,0.22029472084552099
euclidean,3,5,0.5333333333333333,0.5333333333333333,1.0,0.12506859775587972,0.19897903463111366
pearson,3,5,0.5333333333333333,0.5333333333333333,0.9,0.14793074891344737,0.25778309138913924
cosine,3,6,0.4666666666666666,0.4666666666666666,0.9,0.08201697587222041,0.19924459421128693
euclidean,3,6,0.3333333333333333,0.3333333333333333,0.8,0.08180686251437834,0.19739158382725722
pearson,3,6,0.5333333333333333,0.5333333333333333,0.9,0.13203449904803816,0.21890685574414157
cosine,3,7,0.5333333333333333,0.5333333333333333,1.0,0.1726609360700414,0.23357748403583217
euclidean,3,7,0.5333333333333333,0.5333333333333333,1.0,0.1469886348118906,0.23939277870959239
pearson,3,7,0.5333333333333333,0.5333333333333333,1.0,0.18514996750997595,0.26753466545076937
cosine,3,8,0.39999999999999997,0.39999999999999997,1.0,0.161904613960415,0.2625575126168167
euclidean,3,8,0.3333333333333333,0.3333333333333333,0.8,0.17100568654161266,0.27769473631735103
pearson,3,8,0.4666666666666666,0.4666666666666666,1.0,0.0692546755067051,0.09225926955158555
cosine,3,9,0.5333333333333333,0.5333333333333333,1.0,0.11715542229788208,0.19494743396749423
euclidean,3,9,0.5333333333333333,0.5333333333333333,1.0,0.1339252596410261,0.21220127161047472
pearson,3,9,0.4,0.4,0.8,0.13633672627764434,0.2431651022135938
