distance,k,i,precision,recall,mrr,mae,rmse
cosine,2,0,0.5555555555555556,0.5555555555555556,1.0,0.14056732749824835,0.23441454518075003
euclidean,2,0,0.5555555555555556,0.5555555555555556,0.9444444444444444,0.13982830423867443,0.23300965467110096
pearson,2,0,0.5,0.5,0.8888888888888888,0.11934649058329315,0.2553833908705435
cosine,2,1,0.5,0.5,0.8888888888888888,0.15085315126981846,0.2724375790854231
euclidean,2,1,0.5555555555555556,0.5555555555555556,0.8888888888888888,0.15242651375231822,0.2692259804040672
pearson,2,1,0.4444444444444444,0.4444444444444444,0.6111111111111112,0.16145975838923388,0.34093044706329484
cosine,2,2,0.5555555555555556,0.5555555555555556,0.8333333333333334,0.16483735616167952,0.2777241634889812
euclidean,2,2,0.5,0.5,0.8333333333333334,0.1569952440625443,0.27675770414036915
pearson,2,2,0.5555555555555556,0.5555555555555556,0.7777777777777778,0.14061799852198117,0.26299805394812853
cosine,2,3,0.5555555555555556,0.5555555555555556,0.8888888888888888,0.14787504881149832,0.25319470474689004
euclidean,2,3,0.5,0.5,0.8333333333333334,0.14846739272004966,0.25646974596577793
pearson,2,3,0.4444444444444444,0.4444444444444444,0.6666666666666666,0.14062862735778095,0.2902608839208898
cosine,2,4,0.5555555555555556,0.5555555555555556,0.8333333333333334,0.15397670698692498,0.26431960913996255
euclidean,2,4,0.5,0.5,0.8333333333333334,0.15259790604617457,0.2659891624627778
pearson,2,4,0.5555555555555556,0.5555555555555556,0.7777777777777778,0.1367269126373558,0.255750971012517
cosine,2,5,0.5555555555555556,0.5555555555555556,0.8888888888888888,0.18596205935763166,0.34119278484180643
euclidean,2,5,0.5555555555555556,0.5555555555555556,0.8333333333333334,0.18048369884452223,0.3326161596782231
pearson,2,5,0.4444444444444444,0.4444444444444444,0.6666666666666666,0.2074782792602155,0.37609479175140076
cosine,2,6,0.5555555555555556,0.5555555555555556,0.9444444444444444,0.18399323740770449,0.29738061937928084
euclidean,2,6,0.5,0.5,0.8888888888888888,0.1848568002253381,0.2904730178400489
pearson,2,6,0.3888888888888889,0.3888888888888889,0.6666666666666666,0.19972636293915916,0.3448014302587854
cosine,2,7,0.6666666666666666,0.6666666666666666,0.8888888888888888,0.16166059139276998,0.2797915311682404
euclidean,2,7,0.5,0.5,0.8333333333333334,0.158552800876987,0.26735233326435054
pearson,2,7,0.6111111111111112,0.6111111111111112,0.7777777777777778,0.1287843842307815,0.2887589239155412
cosine,2,8,0.4444444444444444,0.4444444444444444,0.8333333333333334,0.156622387398245,0.2641801484304823
euclidean,2,8,0.5,0.5,0.8333333333333334,0.108298955588107,0.15497574052634958
pearson,2,8,0.4444444444444444,0.4444444444444444,0.8888888888888888,0.10623730860023398,0.14579932219561872
cosine,2,9,0.6111111111111112,0.6111111111111112,0.9444444444444444,0.11446353261269857,0.21991245269674453
euclidean,2,9,0.5555555555555556,0.5555555555555556,0.8888888888888888,0.11256279757701852,0.21808405941019052
pearson,2,9,0.5555555555555556,0.5555555555555556,0.8888888888888888,0.12480113262373849,0.2256456308423926
