distance,k,i,precision,recall,mrr,mae,rmse
cosine,1,0,0.8888888888888888,0.8888888888888888,0.8888888888888888,0.28061660111026493,0.3524718655640716
euclidean,1,0,0.8888888888888888,0.8888888888888888,0.8888888888888888,0.2813333147494998,0.3507290378134138
pearson,1,0,0.6666666666666666,0.6666666666666666,0.6666666666666666,0.34447345556395337,0.4979917880019313
cosine,1,1,0.8888888888888888,0.8888888888888888,0.8888888888888888,0.1737281402201671,0.23601575255638235
euclidean,1,1,0.8888888888888888,0.8888888888888888,0.8888888888888888,0.18017384133170025,0.24411963751997032
pearson,1,1,0.8888888888888888,0.8888888888888888,0.8888888888888888,0.16372554040666387,0.21412341091032153
cosine,1,2,0.8888888888888888,0.8888888888888888,0.8888888888888888,0.15021502713290197,0.1982351528980874
euclidean,1,2,0.8888888888888888,0.8888888888888888,0.8888888888888888,0.12862963779079814,0.1693111409644312
pearson,1,2,0.8888888888888888,0.8888888888888888,0.8888888888888888,0.24810606060606047,0.30689416380533807
cosine,1,3,0.8888888888888888,0.8888888888888888,0.8888888888888888,0.20910435216091458,0.2955784262778666
euclidean,1,3,0.8888888888888888,0.8888888888888888,0.8888888888888888,0.21769569692771285,0.3023368302731348
pearson,1,3,0.5555555555555556,0.5555555555555556,0.5555555555555556,0.3654040404040403,0.5542161691440273
cosine,1,4,0.8888888888888888,0.8888888888888888,0.8888888888888888,0.12292374879637782,0.17549774683230293
euclidean,1,4,0.8888888888888888,0.8888888888888888,0.8888888888888888,0.13514105883733485,0.17851291067827124
pearson,1,4,0.7777777777777778,0.7777777777777778,0.7777777777777778,0.16196428571428567,0.31696278986700666
cosine,1,5,0.8888888888888888,0.8888888888888888,0.8888888888888888,0.19083698959767334,0.2712342147574198
euclidean,1,5,0.8888888888888888,0.8888888888888888,0.8888888888888888,0.1889462024815572,0.2691493998708726
pearson,1,5,0.6666666666666666,0.6666666666666666,0.6666666666666666,0.33793290043290036,0.44043161848899076
cosine,1,6,0.8888888888888888,0.8888888888888888,0.8888888888888888,0.21665681329435066,0.2633030887855044
euclidean,1,6,0.8888888888888888,0.8888888888888888,0.8888888888888888,0.20564696078928646,0.24676638102727702
pearson,1,6,0.6666666666666666,0.6666666666666666,0.6666666666666666,0.2676085798731539,0.43597132026213425
cosine,1,7,0.8888888888888888,0.8888888888888888,0.8888888888888888,0.23305084677399535,0.26834081591344566
euclidean,1,7,0.8888888888888888,0.8888888888888888,0.8888888888888888,0.2414266654175597,0.27171534917178153
pearson,1,7,0.8888888888888888,0.8888888888888888,0.8888888888888888,0.1939248009525259,0.24476889775304755
cosine,1,8,0.8888888888888888,0.8888888888888888,0.8888888888888888,0.2232274646512761,0.283395809500252
euclidean,1,8,0.8888888888888888,0.8888888888888888,0.8888888888888888,0.216216091869477,0.27958206987543066
pearson,1,8,0.7777777777777778,0.7777777777777778,0.7777777777777778,0.263095238095238,0.39542622198273575
cosine,1,9,0.8888888888888888,0.8888888888888888,0.8888888888888888,0.23861240077298537,0.30613023452728333
euclidean,1,9,0.8888888888888888,0.8888888888888888,0.8888888888888888,0.2424765790360963,0.30195854748245954
pearson,1,9,0.7777777777777778,0.7777777777777778,0.7777777777777778,0.28279220779220765,0.4108994988484097
