distance,k,i,precision,recall,mrr,mae,rmse
cosine,3,0,0.5555555555555556,0.5555555555555556,0.8888888888888888,0.14755398732391142,0.2192065535169585
euclidean,3,0,0.5555555555555556,0.5555555555555556,0.8333333333333334,0.14687019271311458,0.20204463767271774
pearson,3,0,0.5925925925925926,0.5925925925925926,1.0,0.09240554308747347,0.14433561162956351
cosine,3,1,0.5185185185185185,0.5185185185185185,0.7777777777777778,0.21287285571342418,0.344665021348123
euclidean,3,1,0.5185185185185186,0.5185185185185186,0.8148148148148148,0.2024235619024512,0.3384542367487583
pearson,3,1,0.4444444444444444,0.4444444444444444,0.7777777777777778,0.2474225224847065,0.40797220405332374
cosine,3,2,0.5185185185185186,0.5185185185185186,0.9444444444444444,0.20208555657485605,0.32720294545182654
euclidean,3,2,0.5185185185185186,0.5185185185185186,0.8703703703703703,0.21612286644373882,0.3342242272783976
pearson,3,2,0.48148148148148145,0.48148148148148145,0.7777777777777778,0.1930590114220145,0.31684429287213206
cosine,3,3,0.6296296296296295,0.6296296296296295,0.8888888888888888,0.271229042086856,0.35888863976246543
euclidean,3,3,0.5555555555555556,0.5555555555555556,0.7777777777777778,0.2617283299401952,0.3484822211188815
pearson,3,3,0.5185185185185185,0.5185185185185185,0.8888888888888888,0.21019603237789353,0.33890345552397105
cosine,3,4,0.5925925925925926,0.5925925925925926,0.8888888888888888,0.3316888317508279,0.3777740699944253
euclidean,3,4,0.7037037037037037,0.7037037037037037,0.8888888888888888,0.3099125308681465,0.35711255390164126
pearson,3,4,0.4444444444444444,0.4444444444444444,0.8333333333333334,0.2821453831865979,0.3821179331659287
cosine,3,5,0.5185185185185186,0.5185185185185186,0.8703703703703703,0.20451131589247046,0.3501438910596622
euclidean,3,5,0.5185185185185186,0.5185185185185186,0.9259259259259258,0.20495718541119076,0.3382870018205696
pearson,3,5,0.5185185185185186,0.5185185185185186,0.7777777777777778,0.16015225770363692,0.3407387338334833
cosine,3,6,0.5185185185185185,0.5185185185185185,0.8333333333333334,0.2193185040639186,0.33555269254360376
euclidean,3,6,0.5555555555555556,0.5555555555555556,0.7777777777777778,0.21863333856049655,0.3205767847084528
pearson,3,6,0.3703703703703704,0.3703703703703704,1.0,0.13714336345915293,0.19776063648503445
cosine,3,7,0.6666666666666666,0.6666666666666666,0.8888888888888888,0.33076339606730454,0.44104680465275015
euclidean,3,7,0.5925925925925926,0.5925925925925926,0.8148148148148148,0.337387443537882,0.42872005125656254
pearson,3,7,0.5185185185185185,0.5185185185185185,0.6666666666666666,0.35935007974481653,0.4816322549470337
cosine,3,8,0.7037037037037037,0.7037037037037037,0.8888888888888888,0.27487710772627433,0.3539060777571237
euclidean,3,8,0.6296296296296297,0.6296296296296297,0.7222222222222222,0.27047505994406407,0.34466237711113795
pearson,3,8,0.5925925925925926,0.5925925925925926,0.8888888888888888,0.18846360114754301,0.30004845346951986
cosine,3,9,0.48148148148148145,0.48148148148148145,0.7777777777777778,0.21072938993347887,0.3223266536353341
euclidean,3,9,0.5185185185185185,0.5185185185185185,0.7777777777777778,0.19951198208245802,0.31325672030288215
pearson,3,9,0.4444444444444444,0.4444444444444444,0.7777777777777778,0.20471898097147592,0.3376797419964773
