distance,k,i,precision,recall,mrr,mae,rmse
cosine,1,0,0.8888888888888888,0.8888888888888888,0.8888888888888888,0.2349891774891775,0.3146434697738651
euclidean,1,0,0.8888888888888888,0.8888888888888888,0.8888888888888888,0.23203724932633057,0.3091132734889582
pearson,1,0,0.6666666666666666,0.6666666666666666,0.6666666666666666,0.2973297514749431,0.478789561851672
cosine,1,1,0.8888888888888888,0.8888888888888888,0.8888888888888888,0.32282591175975583,0.37240649236599277
euclidean,1,1,0.8888888888888888,0.8888888888888888,0.8888888888888888,0.33830767697463426,0.3884557344605652
pearson,1,1,0.4444444444444444,0.4444444444444444,0.4444444444444444,0.4780844514064876,0.6030647100011636
cosine,1,2,0.8888888888888888,0.8888888888888888,0.8888888888888888,0.29636562296509245,0.32646231336131876
euclidean,1,2,0.8888888888888888,0.8888888888888888,0.8888888888888888,0.2812600112867474,0.3106690321140077
pearson,1,2,0.5555555555555556,0.5555555555555556,0.5555555555555556,0.40791964455322655,0.5390580445999926
cosine,1,3,0.8888888888888888,0.8888888888888888,0.8888888888888888,0.16651442238885175,0.22605219111460859
euclidean,1,3,0.8888888888888888,0.8888888888888888,0.8888888888888888,0.16547980526927894,0.22570933606360088
pearson,1,3,0.6666666666666666,0.6666666666666666,0.6666666666666666,0.2561327561327561,0.41112921787333295
cosine,1,4,0.8888888888888888,0.8888888888888888,0.8888888888888888,0.19287984645014503,0.2501012664583393
euclidean,1,4,0.8888888888888888,0.8888888888888888,0.8888888888888888,0.19467151342517794,0.2501543051166157
pearson,1,4,0.7777777777777778,0.7777777777777778,0.7777777777777778,0.2762638240944611,0.3823928404487509
cosine,1,5,0.7777777777777778,0.7777777777777778,0.7777777777777778,0.23560590592598976,0.31363911938026046
euclidean,1,5,0.7777777777777778,0.7777777777777778,0.7777777777777778,0.244926625704644,0.31840227221358464
pearson,1,5,0.5555555555555556,0.5555555555555556,0.5555555555555556,0.3227483692489498,0.45927584917303
cosine,1,6,0.8888888888888888,0.8888888888888888,0.8888888888888888,0.1999279073178404,0.2614008929559281
euclidean,1,6,0.8888888888888888,0.8888888888888888,0.8888888888888888,0.17301385882518946,0.22535160069976679
pearson,1,6,0.5555555555555556,0.5555555555555556,0.5555555555555556,0.3260133500488631,0.5301755078517844
cosine,1,7,0.8888888888888888,0.8888888888888888,0.8888888888888888,0.16709165881313479,0.22443320426987912
euclidean,1,7,0.8888888888888888,0.8888888888888888,0.8888888888888888,0.14862297753205894,0.19369756803326887
pearson,1,7,0.5555555555555556,0.5555555555555556,0.5555555555555556,0.32937078181122176,0.48304224950358254
cosine,1,8,0.8888888888888888,0.8888888888888888,0.8888888888888888,0.15068094224084738,0.17356470975559402
euclidean,1,8,0.8888888888888888,0.8888888888888888,0.8888888888888888,0.14975480749623774,0.1735457301972726
pearson,1,8,0.7777777777777778,0.7777777777777778,0.7777777777777778,0.22711799245552358,0.30763468215647743
cosine,1,9,0.8888888888888888,0.8888888888888888,0.8888888888888888,0.25670671763724384,0.3164137106263692
euclidean,1,9,0.8888888888888888,0.8888888888888888,0.8888888888888888,0.24640903336767409,0.3075842989417377
pearson,1,9,0.6666666666666666,0.6666666666666666,0.6666666666666666,0.3414979791044385,0.4920121693981651
