distance,k,i,precision,recall,mrr,mae,rmse
cosine,1,0,1.0,1.0,1.0,0.1330128205128205,0.18171974596876
euclidean,1,0,1.0,1.0,1.0,0.1330128205128205,0.18171974596876
pearson,1,0,0.5,0.5,0.5,0.23798076923076916,0.42053340172039194
cosine,1,1,1.0,1.0,1.0,0.02809065934065937,0.03119850948560031
euclidean,1,1,1.0,1.0,1.0,0.02809065934065937,0.03119850948560031
pearson,1,1,1.0,1.0,1.0,0.02809065934065937,0.03119850948560031
cosine,1,2,0.0,0.0,0.0,0.29700854700854706,0.5125667106991446
euclidean,1,2,0.0,0.0,0.0,0.29700854700854706,0.5125667106991446
pearson,1,2,0.0,0.0,0.0,0.297008547008547,0.5125667106991446
cosine,1,3,1.0,1.0,1.0,0.09321581196581191,0.10367317150334882
euclidean,1,3,1.0,1.0,1.0,0.09321581196581191,0.10367317150334882
pearson,1,3,0.5,0.5,0.5,0.21220619658119652,0.3288161401943275
cosine,1,4,1.0,1.0,1.0,0.12232905982905982,0.1350170163422021
euclidean,1,4,1.0,1.0,1.0,0.12232905982905982,0.1350170163422021
pearson,1,4,1.0,1.0,1.0,0.12232905982905982,0.1350170163422021
cosine,1,5,0.0,0.0,0.0,0.29967948717948717,0.5112665089601591
euclidean,1,5,0.0,0.0,0.0,0.29967948717948717,0.5112665089601591
pearson,1,5,0.0,0.0,0.0,0.29967948717948706,0.5112665089601591
cosine,1,6,1.0,1.0,1.0,0.10301434676434673,0.11608672695540234
euclidean,1,6,1.0,1.0,1.0,0.10301434676434673,0.11608672695540234
pearson,1,6,1.0,1.0,1.0,0.10301434676434673,0.11608672695540234
cosine,1,7,0.0,0.0,0.0,0.29647435897435903,0.5116447860389743
euclidean,1,7,0.0,0.0,0.0,0.29647435897435903,0.5116447860389743
pearson,1,7,0.0,0.0,0.0,0.296474358974359,0.5116447860389743
cosine,1,8,1.0,1.0,1.0,0.09265873015873015,0.11235480797617353
euclidean,1,8,1.0,1.0,1.0,0.09265873015873015,0.11235480797617353
pearson,1,8,1.0,1.0,1.0,0.09265873015873015,0.11235480797617353
cosine,1,9,1.0,1.0,1.0,0.08066239316239313,0.09983065426241786
euclidean,1,9,1.0,1.0,1.0,0.08066239316239313,0.09983065426241786
pearson,1,9,1.0,1.0,1.0,0.08066239316239313,0.09983065426241786
