distance,k,i,precision,recall,mrr,mae,rmse
cosine,1,0,0.6666666666666666,0.6666666666666666,0.6666666666666666,0.22860051828271563,0.37486239414390404
euclidean,1,0,0.5,0.5,0.5,0.22988694109428007,0.37453377642412405
pearson,1,0,0.5,0.5,0.5,0.27536482903801757,0.46070866960491746
cosine,1,1,0.6666666666666666,0.6666666666666666,0.6666666666666666,0.26150098000716304,0.3552179408982277
euclidean,1,1,0.6666666666666666,0.6666666666666666,0.6666666666666666,0.24186850638983293,0.3361612690246635
pearson,1,1,0.5,0.5,0.5,0.18985183206314574,0.3538428660491078
cosine,1,2,0.5,0.5,0.5,0.2584722031444756,0.43643392484516397
euclidean,1,2,0.5,0.5,0.5,0.2583671590180197,0.4349122705309341
pearson,1,2,0.6666666666666666,0.6666666666666666,0.6666666666666666,0.1751239033152087,0.38201226391929843
cosine,1,3,0.6666666666666666,0.6666666666666666,0.6666666666666666,0.22064613687649534,0.34775681598720753
euclidean,1,3,0.5,0.5,0.5,0.21505106122172077,0.30065661986225933
pearson,1,3,0.6666666666666666,0.6666666666666666,0.6666666666666666,0.1766390667614557,0.2742016840460049
cosine,1,4,0.6666666666666666,0.6666666666666666,0.6666666666666666,0.27020567555047637,0.40156094838121986
euclidean,1,4,0.6666666666666666,0.6666666666666666,0.6666666666666666,0.27572322568324104,0.4046650595890128
pearson,1,4,0.5,0.5,0.5,0.24691105944578443,0.3944660439519457
cosine,1,5,0.6666666666666666,0.6666666666666666,0.6666666666666666,0.19004597632642925,0.3110541839231298
euclidean,1,5,0.5,0.5,0.5,0.18819727719635274,0.32151311613786643
pearson,1,5,0.6666666666666666,0.6666666666666666,0.6666666666666666,0.1420251279983124,0.28760176148783273
cosine,1,6,0.8333333333333334,0.8333333333333334,0.8333333333333334,0.13335427828897975,0.1910028758601952
euclidean,1,6,0.8333333333333334,0.8333333333333334,0.8333333333333334,0.13657912427499863,0.180449700617438
pearson,1,6,1.0,1.0,1.0,0.14415747898745607,0.1755839490847396
cosine,1,7,0.6666666666666666,0.6666666666666666,0.6666666666666666,0.1878515588776189,0.28459224274433603
euclidean,1,7,0.8333333333333334,0.8333333333333334,0.8333333333333334,0.17218911485681107,0.27506536717773833
pearson,1,7,0.6666666666666666,0.6666666666666666,0.6666666666666666,0.18347711065102368,0.301529778786844
cosine,1,8,0.5,0.5,0.5,0.21395858011636668,0.3919497471825462
euclidean,1,8,0.5,0.5,0.5,0.22744229743104108,0.4130320028926106
pearson,1,8,0.6666666666666666,0.6666666666666666,0.6666666666666666,0.15912842028612698,0.32679344664674875
cosine,1,9,0.3333333333333333,0.3333333333333333,0.3333333333333333,0.2928137867753566,0.43547551187973305
euclidean,1,9,0.16666666666666666,0.16666666666666666,0.16666666666666666,0.2948085899146078,0.43752774374233155
pearson,1,9,0.3333333333333333,0.3333333333333333,0.3333333333333333,0.2843208782206802,0.4243639226805741
