distance,k,i,precision,recall,mrr,mae,rmse
cosine,3,0,0.5,0.5,0.75,0.38888888888888884,0.41943524640393043
euclidean,3,0,0.5,0.5,0.75,0.38888888888888884,0.41943524640393043
pearson,3,0,0.6666666666666666,0.6666666666666666,0.75,0.7777777777777777,0.8388704928078609
cosine,3,1,0.6666666666666666,0.6666666666666666,1.0,0.5555555555555555,0.5669933698743587
euclidean,3,1,0.6666666666666666,0.6666666666666666,1.0,0.5526315789473683,0.5635676489309106
pearson,3,1,0.6666666666666666,0.6666666666666666,1.0,0.6666666666666665,0.7118052168020873
cosine,3,2,0.6666666666666666,0.6666666666666666,1.0,0.5555555555555554,0.5669933698743587
euclidean,3,2,0.6666666666666666,0.6666666666666666,1.0,0.5526315789473683,0.5635676489309106
pearson,3,2,0.6666666666666666,0.6666666666666666,1.0,0.6666666666666665,0.7118052168020872
cosine,3,3,0.75,0.75,0.75,0.833333333333333,0.8333333333333331
euclidean,3,3,0.75,0.75,0.75,0.833333333333333,0.8333333333333331
pearson,3,3,0.75,0.75,0.75,0.9999999999999997,0.9999999999999998
cosine,3,4,0.6666666666666666,0.6666666666666666,1.0,0.38888888888888884,0.41943524640393043
euclidean,3,4,0.6666666666666666,0.6666666666666666,1.0,0.38888888888888884,0.41943524640393043
pearson,3,4,0.6666666666666666,0.6666666666666666,0.75,0.7777777777777777,0.8388704928078609
cosine,3,5,0.41666666666666663,0.41666666666666663,0.75,0.5555555555555555,0.5669933698743588
euclidean,3,5,0.41666666666666663,0.41666666666666663,0.75,0.5526315789473683,0.5635676489309106
pearson,3,5,0.41666666666666663,0.41666666666666663,0.75,0.6666666666666665,0.7118052168020873
cosine,3,6,0.5,0.5,0.75,0.38888888888888884,0.41943524640393043
euclidean,3,6,0.5,0.5,0.75,0.38888888888888884,0.41943524640393043
pearson,3,6,0.6666666666666666,0.6666666666666666,0.75,0.7777777777777777,0.8388704928078609
cosine,3,7,0.41666666666666663,0.41666666666666663,0.75,0.5555555555555555,0.5669933698743587
euclidean,3,7,0.41666666666666663,0.41666666666666663,0.75,0.5526315789473683,0.5635676489309106
pearson,3,7,0.41666666666666663,0.41666666666666663,0.75,0.6666666666666665,0.7118052168020873
cosine,3,8,0.5,0.5,0.75,0.38888888888888884,0.41943524640393043
euclidean,3,8,0.5,0.5,0.75,0.38888888888888884,0.41943524640393043
pearson,3,8,0.6666666666666666,0.6666666666666666,0.75,0.7777777777777777,0.8388704928078609
cosine,3,9,0.41666666666666663,0.41666666666666663,0.75,0.5555555555555555,0.5669933698743587
euclidean,3,9,0.41666666666666663,0.41666666666666663,0.75,0.5526315789473683,0.5635676489309106
pearson,3,9,0.41666666666666663,0.41666666666666663,0.75,0.6666666666666665,0.7118052168020873
