distance,k,i,precision,recall,mrr,mae,rmse
cosine,1,0,0.6666666666666666,0.6666666666666666,0.6666666666666666,0.43779002061615896,0.552873425446763
euclidean,1,0,0.6666666666666666,0.6666666666666666,0.6666666666666666,0.4329367504537232,0.5314139922778176
pearson,1,0,1.0,1.0,1.0,0.2685185185185185,0.3554880337120826
cosine,1,1,0.6666666666666666,0.6666666666666666,0.6666666666666666,0.3935185185185185,0.5523441130349717
euclidean,1,1,0.6666666666666666,0.6666666666666666,0.6666666666666666,0.3935185185185185,0.5523441130349717
pearson,1,1,0.6666666666666666,0.6666666666666666,0.6666666666666666,0.3634259259259258,0.5490553366361304
cosine,1,2,0.6666666666666666,0.6666666666666666,0.6666666666666666,0.46835868620761084,0.6638690107010985
euclidean,1,2,0.6666666666666666,0.6666666666666666,0.6666666666666666,0.46307194960212206,0.6569616600905998
pearson,1,2,0.3333333333333333,0.3333333333333333,0.3333333333333333,0.4999999999999999,0.7071067811865474
cosine,1,3,0.6666666666666666,0.6666666666666666,0.6666666666666666,0.3881172839506172,0.5397198668518625
euclidean,1,3,0.6666666666666666,0.6666666666666666,0.6666666666666666,0.39720473601680695,0.5330767208845472
pearson,1,3,1.0,1.0,1.0,0.39197530864197516,0.411154670883996
cosine,1,4,1.0,1.0,1.0,0.40655207230701995,0.4559424621127739
euclidean,1,4,1.0,1.0,1.0,0.4137991920219226,0.46553482312528055
pearson,1,4,1.0,1.0,1.0,0.3919753086419753,0.4080849211257079
cosine,1,5,0.6666666666666666,0.6666666666666666,0.6666666666666666,0.41001132333571244,0.5360232059270038
euclidean,1,5,0.6666666666666666,0.6666666666666666,0.6666666666666666,0.4166666666666665,0.5481371995903578
pearson,1,5,1.0,1.0,1.0,0.34722222222222204,0.39354575069172965
cosine,1,6,0.6666666666666666,0.6666666666666666,0.6666666666666666,0.4247685185185184,0.551776304485834
euclidean,1,6,0.6666666666666666,0.6666666666666666,0.6666666666666666,0.4247685185185184,0.551776304485834
pearson,1,6,1.0,1.0,1.0,0.2997685185185184,0.3419898977923819
cosine,1,7,0.6666666666666666,0.6666666666666666,0.6666666666666666,0.3923611111111111,0.557505259345175
euclidean,1,7,0.6666666666666666,0.6666666666666666,0.6666666666666666,0.3965955284552845,0.5612491692632409
pearson,1,7,0.6666666666666666,0.6666666666666666,0.6666666666666666,0.2708333333333332,0.5017331074496789
cosine,1,8,0.6666666666666666,0.6666666666666666,0.6666666666666666,0.5277777777777777,0.6216818641331302
euclidean,1,8,0.6666666666666666,0.6666666666666666,0.6666666666666666,0.5277777777777777,0.6216818641331302
pearson,1,8,0.3333333333333333,0.3333333333333333,0.3333333333333333,0.4351851851851851,0.5650424556441612
cosine,1,9,0.6666666666666666,0.6666666666666666,0.6666666666666666,0.45833333333333315,0.5319442429809758
euclidean,1,9,0.6666666666666666,0.6666666666666666,0.6666666666666666,0.45833333333333315,0.5319442429809758
pearson,1,9,0.6666666666666666,0.6666666666666666,0.6666666666666666,0.2962962962962962,0.33023249074309274
