distance,k,i,precision,recall,mrr,mae,rmse
cosine,3,0,0.5555555555555555,0.5555555555555555,0.9166666666666666,0.1297272354620653,0.22148474777578528
euclidean,3,0,0.5,0.5,0.75,0.12858812697715,0.2039462414945642
pearson,3,0,0.4444444444444444,0.4444444444444444,1.0,0.1154117253092226,0.19478394525317014
cosine,3,1,0.4444444444444444,0.4444444444444444,0.8333333333333334,0.1892591735660746,0.3151102730409019
euclidean,3,1,0.3333333333333333,0.3333333333333333,0.6388888888888888,0.17411360189276662,0.3030649964611771
pearson,3,1,0.38888888888888884,0.38888888888888884,0.8333333333333334,0.1899966665138124,0.32876321713965195
cosine,3,2,0.5,0.5,0.75,0.30126443794953506,0.4425589817326276
euclidean,3,2,0.4444444444444445,0.4444444444444445,0.75,0.2954446268401475,0.44229616720864307
pearson,3,2,0.5,0.5,0.8333333333333334,0.24398328591367638,0.3739077272998692
cosine,3,3,0.4444444444444444,0.4444444444444444,0.8333333333333334,0.2249816129762213,0.3267327637743407
euclidean,3,3,0.5,0.5,0.75,0.20878949381390483,0.3218842619936278
pearson,3,3,0.4444444444444444,0.4444444444444444,0.8333333333333334,0.19705877129867697,0.3211227671113166
cosine,3,4,0.5555555555555555,0.5555555555555555,0.6666666666666666,0.3093359879611147,0.4515296207942506
euclidean,3,4,0.5555555555555555,0.5555555555555555,0.6388888888888888,0.29657764770530853,0.42497199233703775
pearson,3,4,0.38888888888888884,0.38888888888888884,0.8333333333333334,0.1698519283248828,0.344816259044626
cosine,3,5,0.4444444444444444,0.4444444444444444,0.8333333333333334,0.2221431763138897,0.36569675641636756
euclidean,3,5,0.4444444444444444,0.4444444444444444,0.8333333333333334,0.2135103242484427,0.36340319503829815
pearson,3,5,0.49999999999999994,0.49999999999999994,0.8333333333333334,0.20205503373842051,0.3586140800486962
cosine,3,6,0.5555555555555556,0.5555555555555556,1.0,0.1397766252582255,0.2186693717009656
euclidean,3,6,0.611111111111111,0.611111111111111,0.75,0.12318975514772207,0.18851560136312978
pearson,3,6,0.5,0.5,1.0,0.14321438819789897,0.2051055957216088
cosine,3,7,0.4444444444444444,0.4444444444444444,0.75,0.22112675643616844,0.38306655280548413
euclidean,3,7,0.5555555555555555,0.5555555555555555,0.6666666666666666,0.20892378515598334,0.35939338751924726
pearson,3,7,0.3333333333333333,0.3333333333333333,0.5833333333333334,0.24156693753360076,0.4299422410162121
cosine,3,8,0.5555555555555555,0.5555555555555555,0.9166666666666666,0.19855242124227085,0.3129869802868392
euclidean,3,8,0.4444444444444445,0.4444444444444445,0.7222222222222222,0.1928906114685154,0.2959256657345696
pearson,3,8,0.5555555555555555,0.5555555555555555,0.9166666666666666,0.15902907392692606,0.2616420882891008
cosine,3,9,0.611111111111111,0.611111111111111,0.9166666666666666,0.15156378958682687,0.2554666628197959
euclidean,3,9,0.5,0.5,0.75,0.11682121108252504,0.18960338014535788
pearson,3,9,0.5,0.5,0.9166666666666666,0.17284521871883637,0.24472783979819002
