distance,k,i,precision,recall,mrr,mae,rmse
cosine,3,0,0.5555555555555556,0.5555555555555556,0.8888888888888888,0.19545858219671364,0.33603497864208615
euclidean,3,0,0.5185185185185186,0.5185185185185186,0.8888888888888888,0.21268286292249647,0.34912526966990987
pearson,3,0,0.5185185185185186,0.5185185185185186,0.7777777777777778,0.19710459641150613,0.37185839594973
cosine,3,1,0.6666666666666666,0.6666666666666666,0.8333333333333334,0.23091762005992456,0.3274109431892937
euclidean,3,1,0.6666666666666665,0.6666666666666665,0.7777777777777778,0.21809473357083065,0.31197251808346843
pearson,3,1,0.5185185185185186,0.5185185185185186,0.8888888888888888,0.17620035193564607,0.29935882744993947
cosine,3,2,0.6296296296296297,0.6296296296296297,0.9444444444444444,0.2726740239090612,0.3877844840530187
euclidean,3,2,0.5925925925925926,0.5925925925925926,0.8888888888888888,0.2673978343107646,0.38842768087457785
pearson,3,2,0.4074074074074074,0.4074074074074074,0.6666666666666666,0.2672345728551451,0.4238438161044618
cosine,3,3,0.8148148148148148,0.8148148148148148,1.0,0.25677386185463136,0.3550707969335324
euclidean,3,3,0.7037037037037037,0.7037037037037037,0.9259259259259258,0.2607985162487125,0.3514438158688926
pearson,3,3,0.4444444444444444,0.4444444444444444,0.6666666666666666,0.2654122542057259,0.37895295141931634
cosine,3,4,0.7037037037037037,0.7037037037037037,0.9444444444444444,0.3005856273979382,0.42701290921123225
euclidean,3,4,0.6296296296296297,0.6296296296296297,0.9259259259259258,0.3028964638753233,0.42549212428573063
pearson,3,4,0.4074074074074074,0.4074074074074074,0.5555555555555556,0.31530920060331824,0.4803458668866558
cosine,3,5,0.7037037037037037,0.7037037037037037,1.0,0.2553289153061119,0.37615636249805334
euclidean,3,5,0.6666666666666666,0.6666666666666666,0.8888888888888888,0.240517008651255,0.3609565161545848
pearson,3,5,0.4444444444444444,0.4444444444444444,0.6666666666666666,0.24057320062183857,0.4084526379447375
cosine,3,6,0.6296296296296297,0.6296296296296297,0.8888888888888888,0.304650324760875,0.41860528577824985
euclidean,3,6,0.48148148148148145,0.48148148148148145,0.8148148148148148,0.3259147286293272,0.43743708793341246
pearson,3,6,0.5555555555555556,0.5555555555555556,0.7777777777777778,0.29318994618261696,0.4320321632569485
cosine,3,7,0.7037037037037037,0.7037037037037037,0.8888888888888888,0.24324042899572879,0.30965768310177966
euclidean,3,7,0.7037037037037037,0.7037037037037037,0.8888888888888888,0.24032000406578363,0.30532907619646615
pearson,3,7,0.4444444444444444,0.4444444444444444,0.6666666666666666,0.256259426847662,0.3734233851249097
cosine,3,8,0.5185185185185186,0.5185185185185186,0.7222222222222222,0.2393838157513174,0.3793814698750226
euclidean,3,8,0.5555555555555556,0.5555555555555556,0.9259259259259258,0.24493535877190176,0.3709841740699482
pearson,3,8,0.5555555555555556,0.5555555555555556,0.7777777777777778,0.21831017506193404,0.3854599390565641
cosine,3,9,0.6296296296296297,0.6296296296296297,1.0,0.2517035162924778,0.34099608331408254
euclidean,3,9,0.5555555555555556,0.5555555555555556,0.8888888888888888,0.2685504068667579,0.3516744257986956
pearson,3,9,0.5555555555555556,0.5555555555555556,0.8888888888888888,0.20561606366890392,0.3112884876244662
