distance,k,i,precision,recall,mrr,mae,rmse
cosine,1,0,0.75,0.75,0.75,0.413064203650727,0.518111156869144
euclidean,1,0,0.75,0.75,0.75,0.41520596935524434,0.5176877349914324
pearson,1,0,0.75,0.75,0.75,0.31434108527131777,0.3541042930685381
cosine,1,1,1.0,1.0,1.0,0.22441860465116276,0.2953842801952058
euclidean,1,1,1.0,1.0,1.0,0.22441860465116276,0.29538428019520585
pearson,1,1,1.0,1.0,1.0,0.27441860465116275,0.304317294683662
cosine,1,2,0.75,0.75,0.75,0.6381587262759318,0.72721496158552
euclidean,1,2,0.75,0.75,0.75,0.6398638854758867,0.729102472568043
pearson,1,2,0.75,0.75,0.75,0.6847607117362859,0.7861096746755803
cosine,1,3,0.75,0.75,0.75,0.2727383712098785,0.457541349648057
euclidean,1,3,0.75,0.75,0.75,0.2743130131598354,0.45790505629543676
pearson,1,3,0.75,0.75,0.75,0.2747785160575858,0.4580177053609698
cosine,1,4,0.75,0.75,0.75,0.4386858619416758,0.5217666339613072
euclidean,1,4,0.75,0.75,0.75,0.4388327193336263,0.5217949969990154
pearson,1,4,0.5,0.5,0.5,0.48992248062015503,0.5541632695073514
cosine,1,5,1.0,1.0,1.0,0.42565262059874154,0.490806855551733
euclidean,1,5,1.0,1.0,1.0,0.39091937992485093,0.4519893167687329
pearson,1,5,0.75,0.75,0.75,0.4696751568844591,0.5694498550657203
cosine,1,6,1.0,1.0,1.0,0.33477506113922106,0.3970880848666437
euclidean,1,6,0.75,0.75,0.75,0.36482871005191353,0.41610022649378237
pearson,1,6,0.75,0.75,0.75,0.2916943521594684,0.34797886981689374
cosine,1,7,0.75,0.75,0.75,0.4577073847644919,0.5398860996704518
euclidean,1,7,0.75,0.75,0.75,0.4564153288153692,0.5388002524127852
pearson,1,7,0.75,0.75,0.75,0.36640826873385,0.49979931740398553
cosine,1,8,0.5,0.5,0.5,0.4290301621805934,0.5791169083633119
euclidean,1,8,0.75,0.75,0.75,0.37210180063327214,0.564877597729473
pearson,1,8,0.25,0.25,0.25,0.4821705426356589,0.6485643985756646
cosine,1,9,0.75,0.75,0.75,0.4014751907475705,0.5566373331359381
euclidean,1,9,0.75,0.75,0.75,0.4018442378138639,0.5563183924262979
pearson,1,9,0.5,0.5,0.5,0.3999999999999999,0.6324555320336757
