distance,k,i,precision,recall,mrr,mae,rmse
cosine,3,0,0.41666666666666663,0.41666666666666663,0.75,0.33111737143224396,0.4855963573721713
euclidean,3,0,0.5,0.5,1.0,0.33104802673944306,0.48307479003972853
pearson,3,0,0.3333333333333333,0.3333333333333333,0.75,0.3100840336134453,0.4659017845511676
cosine,3,1,0.3333333333333333,0.3333333333333333,1.0,0.3879528261516608,0.5059027515346435
euclidean,3,1,0.3333333333333333,0.3333333333333333,1.0,0.38661402985986576,0.5066936692035967
pearson,3,1,0.25,0.25,0.75,0.2784313725490196,0.4675388059329802
cosine,3,2,0.49999999999999994,0.49999999999999994,0.75,0.4141382204489964,0.4603057745919964
euclidean,3,2,0.49999999999999994,0.49999999999999994,0.875,0.3973132656139321,0.4595615296476264
pearson,3,2,0.25,0.25,0.75,0.35294117647058815,0.3551131426720554
cosine,3,3,0.5,0.5,0.75,0.5319945531141878,0.5995875040884676
euclidean,3,3,0.5,0.5,0.75,0.5230654398660383,0.5950943053351364
pearson,3,3,0.5,0.5,0.75,0.5880952380952379,0.6649851242091818
cosine,3,4,0.5,0.5,0.75,0.4975245318334617,0.6265560178762141
euclidean,3,4,0.5833333333333333,0.5833333333333333,1.0,0.48807821338850116,0.611626958265075
pearson,3,4,0.3333333333333333,0.3333333333333333,0.5,0.5921568627450979,0.6911869002133417
cosine,3,5,0.41666666666666663,0.41666666666666663,1.0,0.37309500066971496,0.4200017986128257
euclidean,3,5,0.49999999999999994,0.49999999999999994,1.0,0.3700429977212024,0.4069506968665605
pearson,3,5,0.41666666666666663,0.41666666666666663,1.0,0.32577030812324914,0.3656213366049507
cosine,3,6,0.41666666666666663,0.41666666666666663,1.0,0.4137254901960783,0.5298151057910787
euclidean,3,6,0.41666666666666663,0.41666666666666663,1.0,0.4137254901960784,0.5298151057910788
pearson,3,6,0.5833333333333333,0.5833333333333333,1.0,0.35294117647058815,0.38438374712245965
cosine,3,7,0.3333333333333333,0.3333333333333333,0.5,0.5428599723439121,0.6720895106591056
euclidean,3,7,0.25,0.25,0.5,0.5123570952762776,0.650243602804971
pearson,3,7,0.3333333333333333,0.3333333333333333,0.5,0.5591036414565826,0.694890181706525
cosine,3,8,0.3333333333333333,0.3333333333333333,1.0,0.2931988841174363,0.4675750895769679
euclidean,3,8,0.3333333333333333,0.3333333333333333,1.0,0.30248325337165,0.46967302501084124
pearson,3,8,0.41666666666666663,0.41666666666666663,0.75,0.3316526610644257,0.4846213622143716
cosine,3,9,0.3333333333333333,0.3333333333333333,0.625,0.4021202685370916,0.5104497492979789
euclidean,3,9,0.41666666666666663,0.41666666666666663,0.625,0.3938960166724615,0.5062819905221148
pearson,3,9,0.3333333333333333,0.3333333333333333,0.75,0.3068627450980391,0.47989670328991363
