distance,k,i,precision,recall,mrr,mae,rmse
cosine,1,0,0.5,0.5,0.5,0.4476190476190476,0.6009622473524642
euclidean,1,0,0.5,0.5,0.5,0.4476190476190476,0.6009622473524642
pearson,1,0,0.5,0.5,0.5,0.42751322751322746,0.5999524070595446
cosine,1,1,0.5,0.5,0.5,0.3536507936507936,0.3738820069246992
euclidean,1,1,0.5,0.5,0.5,0.3536507936507936,0.3738820069246992
pearson,1,1,0.5,0.5,0.5,0.2806349206349206,0.2815828277592384
cosine,1,2,0.0,0.0,0.0,0.6,0.6630514219942648
euclidean,1,2,0.0,0.0,0.0,0.6,0.6630514219942648
pearson,1,2,0.0,0.0,0.0,0.6031746031746031,0.6677994910464325
cosine,1,3,0.5,0.5,0.5,0.9293650793650792,0.9347181579328943
euclidean,1,3,0.5,0.5,0.5,0.9293650793650792,0.9347181579328943
pearson,1,3,0.5,0.5,0.5,0.9999999999999997,0.9999999999999998
cosine,1,4,0.5,0.5,0.5,0.18730158730158722,0.2159952968329825
euclidean,1,4,0.5,0.5,0.5,0.18730158730158722,0.2159952968329825
pearson,1,4,0.5,0.5,0.5,0.23492063492063484,0.2389242709651654
cosine,1,5,0.5,0.5,0.5,0.30158730158730146,0.3408672412985386
euclidean,1,5,0.5,0.5,0.5,0.30158730158730146,0.3408672412985386
pearson,1,5,0.5,0.5,0.5,0.30158730158730146,0.3408672412985386
cosine,1,6,0.5,0.5,0.5,0.32857142857142857,0.39483628456611897
euclidean,1,6,1.0,1.0,1.0,0.32857142857142857,0.39483628456611897
pearson,1,6,1.0,1.0,1.0,0.22539682539682535,0.24697719009314167
cosine,1,7,0.5,0.5,0.5,0.39947089947089937,0.5087105543936625
euclidean,1,7,0.5,0.5,0.5,0.3994708994708993,0.5087105543936624
pearson,1,7,0.5,0.5,0.5,0.3994708994708993,0.5087105543936624
cosine,1,8,0.5,0.5,0.5,0.4476190476190476,0.5977407705039034
euclidean,1,8,0.5,0.5,0.5,0.4476190476190476,0.5977407705039034
pearson,1,8,0.5,0.5,0.5,0.4476190476190475,0.5977407705039033
cosine,1,9,0.5,0.5,0.5,0.4761904761904762,0.5921539145386117
euclidean,1,9,0.5,0.5,0.5,0.4761904761904762,0.5921539145386117
pearson,1,9,1.0,1.0,1.0,0.2698412698412698,0.28449475178710526
