distance,k,i,precision,recall,mrr,mae,rmse
cosine,2,0,0.5,0.5,1.0,0.2833690664917086,0.30604975975382337
euclidean,2,0,0.5,0.5,1.0,0.28412183861212986,0.30605389829535157
pearson,2,0,0.4444444444444444,0.4444444444444444,0.8888888888888888,0.3093073593073592,0.3889561004439476
cosine,2,1,0.5555555555555556,0.5555555555555556,1.0,0.17863344021673788,0.24428341479284096
euclidean,2,1,0.5,0.5,1.0,0.18537874147321223,0.24786478491132688
pearson,2,1,0.4444444444444444,0.4444444444444444,0.7777777777777778,0.2785884554044326,0.4365396628079532
cosine,2,2,0.5555555555555556,0.5555555555555556,1.0,0.34359996530755404,0.437820901016651
euclidean,2,2,0.5555555555555556,0.5555555555555556,1.0,0.3450260223992415,0.44102595489301616
pearson,2,2,0.3888888888888889,0.3888888888888889,0.7777777777777778,0.4961580086580085,0.6159629324962997
cosine,2,3,0.5555555555555556,0.5555555555555556,1.0,0.32180376003174993,0.3863347311726777
euclidean,2,3,0.6666666666666666,0.6666666666666666,1.0,0.3122208080647862,0.380484345650225
pearson,2,3,0.3888888888888889,0.3888888888888889,0.5555555555555556,0.46039771730009565,0.6186696933568885
cosine,2,4,0.5555555555555556,0.5555555555555556,1.0,0.22009754610887972,0.27055755575326323
euclidean,2,4,0.5555555555555556,0.5555555555555556,1.0,0.18965792689539657,0.22137717248033814
pearson,2,4,0.3888888888888889,0.3888888888888889,0.6666666666666666,0.3330221112539756,0.5055586033095965
cosine,2,5,0.5,0.5,1.0,0.1980448540508637,0.24409931117864417
euclidean,2,5,0.5,0.5,1.0,0.203039599543272,0.24567946461069226
pearson,2,5,0.3888888888888889,0.3888888888888889,0.7777777777777778,0.31672059950347964,0.4023320719570792
cosine,2,6,0.5,0.5,1.0,0.29803625091215663,0.350395756073995
euclidean,2,6,0.5555555555555556,0.5555555555555556,1.0,0.306914818724649,0.3575553319519469
pearson,2,6,0.4444444444444444,0.4444444444444444,0.7222222222222222,0.43430735930735925,0.5843976618624256
cosine,2,7,0.5555555555555556,0.5555555555555556,1.0,0.2199450419179068,0.2587015009066904
euclidean,2,7,0.5555555555555556,0.5555555555555556,1.0,0.22172605839638815,0.2567234870844953
pearson,2,7,0.5,0.5,1.0,0.22119842665190265,0.2720297300670221
cosine,2,8,0.5,0.5,1.0,0.22614930805323274,0.286725358600459
euclidean,2,8,0.5,0.5,1.0,0.23324349966165958,0.2900163513094798
pearson,2,8,0.3333333333333333,0.3333333333333333,0.6666666666666666,0.3187464880088389,0.4850614709000433
cosine,2,9,0.5555555555555556,0.5555555555555556,1.0,0.253372361971909,0.3313612863259389
euclidean,2,9,0.5555555555555556,0.5555555555555556,1.0,0.25385351923778393,0.33204138505695374
pearson,2,9,0.4444444444444444,0.4444444444444444,0.8333333333333334,0.4002164502164501,0.5224406552914704
