distance,k,i,precision,recall,mrr,mae,rmse
cosine,3,0,0.5185185185185185,0.5185185185185185,1.0,0.1350612462069807,0.17359244417044176
euclidean,3,0,0.5555555555555556,0.5555555555555556,1.0,0.14747753595740742,0.19168949347221176
pearson,3,0,0.5185185185185185,0.5185185185185185,0.9444444444444444,0.11121409839901099,0.18440804715291778
cosine,3,1,0.4444444444444444,0.4444444444444444,1.0,0.14262066224298592,0.1961190928942859
euclidean,3,1,0.48148148148148145,0.48148148148148145,0.9444444444444444,0.14967480309049647,0.19520185082748842
pearson,3,1,0.4074074074074074,0.4074074074074074,0.8888888888888888,0.12072770860412917,0.24993712179597827
cosine,3,2,0.5555555555555555,0.5555555555555555,1.0,0.1607510755503792,0.2368144711343496
euclidean,3,2,0.4444444444444444,0.4444444444444444,1.0,0.17220798010363192,0.23648023634299356
pearson,3,2,0.4444444444444444,0.4444444444444444,0.8888888888888888,0.12811242322445654,0.25894751515054243
cosine,3,3,0.48148148148148145,0.48148148148148145,1.0,0.1404533671476552,0.24871519271934805
euclidean,3,3,0.5555555555555556,0.5555555555555556,1.0,0.1359835059551845,0.2349805173810839
pearson,3,3,0.4444444444444444,0.4444444444444444,0.7222222222222222,0.13063885666713018,0.3061918325085727
cosine,3,4,0.48148148148148145,0.48148148148148145,1.0,0.1336318857131501,0.2768729560716133
euclidean,3,4,0.4444444444444444,0.4444444444444444,1.0,0.13805323087352217,0.2704663283644027
pearson,3,4,0.4444444444444444,0.4444444444444444,0.8888888888888888,0.09537884709323165,0.21740312859271702
cosine,3,5,0.48148148148148145,0.48148148148148145,1.0,0.15321266205238096,0.24973706656119274
euclidean,3,5,0.4444444444444444,0.4444444444444444,1.0,0.148850069478295,0.2413242914338115
pearson,3,5,0.4074074074074074,0.4074074074074074,0.8333333333333334,0.14193047341293832,0.2641290029840313
cosine,3,6,0.5185185185185185,0.5185185185185185,1.0,0.14488430354361856,0.2089448844018221
euclidean,3,6,0.5185185185185185,0.5185185185185185,1.0,0.122685703460908,0.1774311701397739
pearson,3,6,0.48148148148148145,0.48148148148148145,0.8888888888888888,0.12746464048897554,0.22908311180896082
cosine,3,7,0.6666666666666666,0.6666666666666666,1.0,0.20301693805880647,0.30817286667544896
euclidean,3,7,0.5185185185185185,0.5185185185185185,1.0,0.1995720695601234,0.314103958841863
pearson,3,7,0.37037037037037035,0.37037037037037035,0.6666666666666666,0.19787187438227818,0.3560584217889884
cosine,3,8,0.5185185185185185,0.5185185185185185,0.9444444444444444,0.20585587008671347,0.32330978705561386
euclidean,3,8,0.5925925925925926,0.5925925925925926,1.0,0.17200095858551168,0.262741290425045
pearson,3,8,0.4444444444444444,0.4444444444444444,0.8888888888888888,0.1279660982634665,0.24182558643415047
cosine,3,9,0.5185185185185185,0.5185185185185185,1.0,0.16788913802711403,0.22201834593796924
euclidean,3,9,0.5185185185185185,0.5185185185185185,1.0,0.16661710610606495,0.22653550567229455
pearson,3,9,0.5185185185185185,0.5185185185185185,0.8333333333333334,0.12214754949358772,0.2534353250190476
