distance,k,i,precision,recall,mrr,mae,rmse
cosine,3,0,0.5,0.5,0.75,0.1646655809140116,0.32276317725417164
euclidean,3,0,0.3333333333333333,0.3333333333333333,0.5,0.18965372837993627,0.33431608731411694
pearson,3,0,0.6666666666666666,0.6666666666666666,0.75,0.15595188734926718,0.32850886297029824
cosine,3,1,0.41666666666666663,0.41666666666666663,0.875,0.18962560388698782,0.29636464020932357
euclidean,3,1,0.41666666666666663,0.41666666666666663,0.8333333333333334,0.19258861720571,0.2982596496587045
pearson,3,1,0.3333333333333333,0.3333333333333333,0.75,0.1767098516880175,0.33393701112164165
cosine,3,2,0.5833333333333333,0.5833333333333333,1.0,0.1530455635423175,0.18324662591566906
euclidean,3,2,0.41666666666666663,0.41666666666666663,0.875,0.13498800844176145,0.155121924018992
pearson,3,2,0.5,0.5,0.75,0.13506850581086377,0.1515223818766147
cosine,3,3,0.5,0.5,0.75,0.18839253293536973,0.3104173312188702
euclidean,3,3,0.3333333333333333,0.3333333333333333,0.625,0.1978376616939514,0.320960934301962
pearson,3,3,0.75,0.75,0.75,0.17985259120630293,0.32829215864202926
cosine,3,4,0.5,0.5,1.0,0.17178400812089856,0.3057275695773261
euclidean,3,4,0.41666666666666663,0.41666666666666663,0.75,0.16142355391107577,0.3085369800257132
pearson,3,4,0.41666666666666663,0.41666666666666663,0.75,0.180269477893932,0.33836191470502597
cosine,3,5,0.6666666666666666,0.6666666666666666,0.875,0.23192536524319,0.32773973731772443
euclidean,3,5,0.5,0.5,0.875,0.2396608372395322,0.3266750885374282
pearson,3,5,0.5833333333333333,0.5833333333333333,0.75,0.22389925455427626,0.3515507049192585
cosine,3,6,0.5833333333333333,0.5833333333333333,1.0,0.14744787177681534,0.2925482481847702
euclidean,3,6,0.41666666666666663,0.41666666666666663,0.875,0.15526991058023956,0.30826219524141824
pearson,3,6,0.5,0.5,0.75,0.15804096275711998,0.33331556721858696
cosine,3,7,0.6666666666666666,0.6666666666666666,1.0,0.20023309423122285,0.31701614535536
euclidean,3,7,0.5,0.5,0.875,0.20995978377152885,0.3210092332667902
pearson,3,7,0.5833333333333333,0.5833333333333333,0.75,0.19527810859688582,0.33764434227649676
cosine,3,8,0.7499999999999999,0.7499999999999999,1.0,0.12886169128773653,0.16696983020056716
euclidean,3,8,0.41666666666666663,0.41666666666666663,0.875,0.1264701551640581,0.14112581881178513
pearson,3,8,0.7499999999999999,0.7499999999999999,1.0,0.10921688500727797,0.13297931230497637
cosine,3,9,0.6666666666666666,0.6666666666666666,0.75,0.24046584790130207,0.3713115450040728
euclidean,3,9,0.41666666666666663,0.41666666666666663,0.75,0.24756220621679006,0.37793812091555606
pearson,3,9,0.6666666666666666,0.6666666666666666,0.75,0.1653680283811288,0.3319324614137905
