distance,k,i,precision,recall,mrr,mae,rmse
cosine,1,0,0.5,0.5,0.5,0.35639880952380953,0.410312411220508
euclidean,1,0,0.5,0.5,0.5,0.35639880952380953,0.410312411220508
pearson,1,0,0.5,0.5,0.5,0.35639880952380953,0.410312411220508
cosine,1,1,0.5,0.5,0.5,0.4479166666666665,0.4597515935565397
euclidean,1,1,0.5,0.5,0.5,0.4452587079789387,0.45736727165617547
pearson,1,1,0.5,0.5,0.5,0.4479166666666665,0.4597515935565397
cosine,1,2,0.75,0.75,0.75,0.47767857142857145,0.5299541518482749
euclidean,1,2,0.75,0.75,0.75,0.4756998244877586,0.528294912839712
pearson,1,2,0.5,0.5,0.5,0.6398809523809523,0.7505902816950513
cosine,1,3,0.75,0.75,0.75,0.48412698412698385,0.5430856754642233
euclidean,1,3,0.75,0.75,0.75,0.4791828827426355,0.536561597275685
pearson,1,3,0.5,0.5,0.5,0.6845238095238092,0.7593894492293838
cosine,1,4,0.75,0.75,0.75,0.25,0.29642618090449363
euclidean,1,4,0.75,0.75,0.75,0.25,0.29642618090449363
pearson,1,4,0.5,0.5,0.5,0.4999999999999998,0.5846680551337462
cosine,1,5,0.5,0.5,0.5,0.5178571428571428,0.5279194821105172
euclidean,1,5,0.5,0.5,0.5,0.5121173469387754,0.5206160174144709
pearson,1,5,0.5,0.5,0.5,0.5982142857142856,0.6431051109060394
cosine,1,6,0.75,0.75,0.75,0.22321428571428578,0.27798320068656235
euclidean,1,6,0.75,0.75,0.75,0.22321428571428578,0.27798320068656235
pearson,1,6,0.75,0.75,0.75,0.30654761904761896,0.3644587979724197
cosine,1,7,0.75,0.75,0.75,0.5178571428571427,0.5444232578366479
euclidean,1,7,0.75,0.75,0.75,0.5179707379134858,0.5445611235060466
pearson,1,7,0.25,0.25,0.25,0.6874999999999998,0.7603453162872773
cosine,1,8,0.5,0.5,0.5,0.5241142079344411,0.6117312792669323
euclidean,1,8,0.5,0.5,0.5,0.527033175447404,0.6151501954237993
pearson,1,8,0.25,0.25,0.25,0.6666666666666665,0.7817359599705713
cosine,1,9,0.75,0.75,0.75,0.23600889843221223,0.2595562901682656
euclidean,1,9,0.75,0.75,0.75,0.23952241715399605,0.26449995582706193
pearson,1,9,0.75,0.75,0.75,0.3541666666666665,0.48929150732290655
