distance,k,i,precision,recall,mrr,mae,rmse
cosine,2,0,0.5,0.5,1.0,0.38888888888888884,0.4203173404306163
euclidean,2,0,0.5,0.5,1.0,0.38888888888888884,0.4203173404306163
pearson,2,0,0.375,0.375,0.75,0.44444444444444436,0.4521553322083511
cosine,2,1,0.5,0.5,0.5,0.833333333333333,0.8333333333333331
euclidean,2,1,0.5,0.5,0.5,0.833333333333333,0.8333333333333331
pearson,2,1,0.625,0.625,0.75,0.9999999999999997,0.9999999999999998
cosine,2,2,0.375,0.375,0.75,0.5555555555555555,0.5669933698743587
euclidean,2,2,0.375,0.375,0.75,0.5526315789473683,0.5635676489309106
pearson,2,2,0.375,0.375,0.75,0.6666666666666665,0.7118052168020872
cosine,2,3,0.5,0.5,0.5,0.833333333333333,0.8333333333333331
euclidean,2,3,0.5,0.5,0.5,0.833333333333333,0.8333333333333331
pearson,2,3,0.375,0.375,0.5,0.9999999999999997,0.9999999999999998
cosine,2,4,0.375,0.375,0.75,0.38888888888888884,0.41943524640393043
euclidean,2,4,0.375,0.375,0.75,0.38888888888888884,0.41943524640393043
pearson,2,4,0.625,0.625,0.75,0.7777777777777777,0.8388704928078609
cosine,2,5,0.5,0.5,1.0,0.27777777777777773,0.3294214906749687
euclidean,2,5,0.5,0.5,1.0,0.27777777777777773,0.3294214906749687
pearson,2,5,0.375,0.375,0.75,0.44444444444444436,0.598764159346999
cosine,2,6,0.5,0.5,1.0,0.27777777777777773,0.32942149067496873
euclidean,2,6,0.5,0.5,1.0,0.27777777777777773,0.32942149067496873
pearson,2,6,0.625,0.625,1.0,0.4444444444444444,0.598764159346999
cosine,2,7,0.625,0.625,1.0,0.5555555555555554,0.5669933698743587
euclidean,2,7,0.625,0.625,1.0,0.5526315789473683,0.5635676489309106
pearson,2,7,0.625,0.625,1.0,0.6666666666666665,0.7118052168020873
cosine,2,8,0.625,0.625,1.0,0.38888888888888884,0.41943524640393043
euclidean,2,8,0.625,0.625,1.0,0.38888888888888884,0.41943524640393043
pearson,2,8,0.375,0.375,0.5,0.7777777777777777,0.8388704928078609
cosine,2,9,0.625,0.625,1.0,0.5555555555555555,0.5669933698743587
euclidean,2,9,0.625,0.625,1.0,0.5526315789473683,0.5635676489309106
pearson,2,9,0.625,0.625,1.0,0.6666666666666665,0.7118052168020873
