distance,k,i,precision,recall,mrr,mae,rmse
cosine,3,0,0.49999999999999994,0.49999999999999994,1.0,0.3363095238095236,0.3842168537466151
euclidean,3,0,0.49999999999999994,0.49999999999999994,1.0,0.3363095238095236,0.3842168537466151
pearson,3,0,0.3333333333333333,0.3333333333333333,0.5,0.6562499999999998,0.7421463804398697
cosine,3,1,0.5,0.5,1.0,0.35282009399363656,0.4083319118686379
euclidean,3,1,0.5,0.5,1.0,0.3547187156519014,0.4106505200695311
pearson,3,1,0.25,0.25,0.75,0.3072916666666665,0.5078592393020376
cosine,3,2,0.3333333333333333,0.3333333333333333,1.0,0.44047619047619035,0.4748632918799437
euclidean,3,2,0.3333333333333333,0.3333333333333333,1.0,0.43956375022546285,0.4743364073758078
pearson,3,2,0.41666666666666663,0.41666666666666663,0.75,0.6093749999999998,0.6502703764589002
cosine,3,3,0.3333333333333333,0.3333333333333333,1.0,0.24404761904761899,0.33910944669344534
euclidean,3,3,0.3333333333333333,0.3333333333333333,1.0,0.24406506257365815,0.3391117450837387
pearson,3,3,0.41666666666666663,0.41666666666666663,0.75,0.4062499999999999,0.5484352742120074
cosine,3,4,0.3333333333333333,0.3333333333333333,1.0,0.1607142857142856,0.22106104291321327
euclidean,3,4,0.3333333333333333,0.3333333333333333,1.0,0.13581997201264345,0.18585049776307308
pearson,3,4,0.49999999999999994,0.49999999999999994,1.0,0.4999999999999999,0.49999999999999983
cosine,3,5,0.41666666666666663,0.41666666666666663,0.75,0.29835719788230053,0.4162520136349534
euclidean,3,5,0.3333333333333333,0.3333333333333333,0.75,0.27909024736116217,0.3806884063867553
pearson,3,5,0.3333333333333333,0.3333333333333333,0.75,0.4166666666666665,0.5651941652604389
cosine,3,6,0.41666666666666663,0.41666666666666663,0.75,0.5761157427928989,0.6756329808430795
euclidean,3,6,0.41666666666666663,0.41666666666666663,0.75,0.5776026458297947,0.6775085359458577
pearson,3,6,0.3333333333333333,0.3333333333333333,0.5,0.6979166666666665,0.8103604307823633
cosine,3,7,0.25,0.25,0.75,0.27268250102249886,0.2893298013025829
euclidean,3,7,0.25,0.25,0.75,0.2730652982595987,0.28978126417181693
pearson,3,7,0.16666666666666666,0.16666666666666666,0.5,0.4374999999999999,0.5519850541454903
cosine,3,8,0.41666666666666663,0.41666666666666663,0.75,0.45162563102555797,0.5007854378915706
euclidean,3,8,0.41666666666666663,0.41666666666666663,0.75,0.45807913912896114,0.5085237436284169
pearson,3,8,0.25,0.25,0.5,0.5535714285714285,0.642733122957685
cosine,3,9,0.5833333333333333,0.5833333333333333,1.0,0.5610119047619047,0.5804906745038554
euclidean,3,9,0.49999999999999994,0.49999999999999994,1.0,0.5610119047619047,0.5804906745038554
pearson,3,9,0.41666666666666663,0.41666666666666663,0.75,0.7589285714285714,0.8589313558018427
