distance,k,i,precision,recall,mrr,mae,rmse
cosine,3,0,0.3333333333333333,0.3333333333333333,0.75,0.4068660022148394,0.5027556515778976
euclidean,3,0,0.3333333333333333,0.3333333333333333,0.75,0.36379028609969655,0.46758014862970065
pearson,3,0,0.3333333333333333,0.3333333333333333,0.75,0.3782945736434108,0.5299287401937285
cosine,3,1,0.3333333333333333,0.3333333333333333,1.0,0.1300661748808843,0.1940674797133317
euclidean,3,1,0.41666666666666663,0.41666666666666663,1.0,0.1298284927553836,0.19209127208348473
pearson,3,1,0.5,0.5,1.0,0.24418604651162784,0.2677113573068573
cosine,3,2,0.5,0.5,1.0,0.45266525969166044,0.5361963480839939
euclidean,3,2,0.5,0.5,1.0,0.45334897074455843,0.5366928893726547
pearson,3,2,0.3333333333333333,0.3333333333333333,0.75,0.4158914728682169,0.5538887169590951
cosine,3,3,0.49999999999999994,0.49999999999999994,0.625,0.47020090258910463,0.5637755164938679
euclidean,3,3,0.5833333333333333,0.5833333333333333,0.625,0.3925872732658983,0.498923344673616
pearson,3,3,0.5,0.5,0.75,0.4785529715762273,0.5785575301640502
cosine,3,4,0.41666666666666663,0.41666666666666663,0.75,0.33670645713663183,0.4534003837378956
euclidean,3,4,0.5833333333333333,0.5833333333333333,0.75,0.33906803296114296,0.4453387252800636
pearson,3,4,0.41666666666666663,0.41666666666666663,0.75,0.34883720930232553,0.4928062513017016
cosine,3,5,0.5833333333333333,0.5833333333333333,1.0,0.48895162893340227,0.5558061163594192
euclidean,3,5,0.49999999999999994,0.49999999999999994,1.0,0.45080238492452657,0.5329191327424203
pearson,3,5,0.5833333333333333,0.5833333333333333,1.0,0.3121447028423773,0.420995976928587
cosine,3,6,0.3333333333333333,0.3333333333333333,0.75,0.3393335680857522,0.3682078360009603
euclidean,3,6,0.49999999999999994,0.49999999999999994,0.875,0.3228297019428982,0.34779926566077723
pearson,3,6,0.3333333333333333,0.3333333333333333,0.75,0.23226282761166478,0.3059188687840377
cosine,3,7,0.49999999999999994,0.49999999999999994,1.0,0.33087027090087906,0.3347989113674031
euclidean,3,7,0.49999999999999994,0.49999999999999994,0.875,0.3106055653233545,0.31869460850894304
pearson,3,7,0.41666666666666663,0.41666666666666663,0.75,0.3118493909191583,0.35831077759918556
cosine,3,8,0.41666666666666663,0.41666666666666663,0.5,0.600513617907896,0.7070827116766765
euclidean,3,8,0.41666666666666663,0.41666666666666663,0.5,0.6002864714874887,0.7070684317935787
pearson,3,8,0.41666666666666663,0.41666666666666663,0.5,0.5915097822074566,0.7067960213989886
cosine,3,9,0.5,0.5,0.75,0.38635105204872644,0.5212110499995315
euclidean,3,9,0.5,0.5,0.75,0.3867174797195319,0.5212546098116899
pearson,3,9,0.41666666666666663,0.41666666666666663,0.75,0.3792081949058693,0.5209662720376413
