distance,k,i,precision,recall,mrr,mae,rmse
cosine,2,0,0.5,0.5,0.75,0.2866505338675426,0.4502774342630797
euclidean,2,0,0.375,0.375,0.625,0.31797665602302994,0.4587872626278003
pearson,2,0,0.75,0.75,1.0,0.1275369651993028,0.1567799007598694
cosine,2,1,0.625,0.625,0.875,0.20540272228131295,0.358133307242608
euclidean,2,1,0.375,0.375,0.625,0.17690686792891566,0.2615401568376989
pearson,2,1,0.625,0.625,1.0,0.15873752098241883,0.22010250867162537
cosine,2,2,0.5,0.5,1.0,0.22252233004561744,0.2729836572809935
euclidean,2,2,0.375,0.375,0.625,0.20351690920777282,0.26336661263136296
pearson,2,2,0.375,0.375,0.75,0.17318614183178177,0.24669381902027848
cosine,2,3,0.625,0.625,1.0,0.178780251827372,0.2610970928877454
euclidean,2,3,0.375,0.375,0.625,0.15028926732297446,0.23295644225434875
pearson,2,3,0.75,0.75,1.0,0.1596578025149453,0.22010182806554826
cosine,2,4,0.75,0.75,1.0,0.1332782026566039,0.15208053643544614
euclidean,2,4,0.375,0.375,0.625,0.1456898328047869,0.16354552080018037
pearson,2,4,0.75,0.75,1.0,0.15554598462761723,0.16839079057423234
cosine,2,5,0.25,0.25,0.5,0.24144187287662652,0.3654223267433264
euclidean,2,5,0.125,0.125,0.25,0.24492739468990246,0.3636289907744623
pearson,2,5,0.375,0.375,0.5,0.23298476415359526,0.35726783399634865
cosine,2,6,0.375,0.375,0.625,0.22330900012844135,0.35858143267973325
euclidean,2,6,0.25,0.25,0.375,0.2227289249507635,0.35792420199067904
pearson,2,6,0.375,0.375,0.625,0.19596575347966808,0.3520573770781073
cosine,2,7,0.625,0.625,0.875,0.20381493397677863,0.28243806163729096
euclidean,2,7,0.5,0.5,0.625,0.2010494619973106,0.27965904899311594
pearson,2,7,0.5,0.5,1.0,0.16045157951863487,0.2231365547549056
cosine,2,8,0.5,0.5,0.75,0.2954059562904941,0.3509915236250702
euclidean,2,8,0.375,0.375,0.625,0.2778142204479208,0.32284657442045694
pearson,2,8,0.75,0.75,1.0,0.16369736515509106,0.19110856041267338
cosine,2,9,0.75,0.75,0.875,0.21087394450675603,0.3347128061412532
euclidean,2,9,0.375,0.375,0.625,0.15775431158064201,0.21807922345442127
pearson,2,9,0.75,0.75,0.75,0.16085993783581903,0.1890614869738851
