distance,k,i,precision,recall,mrr,mae,rmse
cosine,2,0,0.5,0.5,1.0,0.019139194139194172,0.0247963975034085
euclidean,2,0,0.5,0.5,1.0,0.019139194139194172,0.0247963975034085
pearson,2,0,0.5,0.5,1.0,0.019139194139194172,0.0247963975034085
cosine,2,1,0.25,0.25,0.5,0.30072115384615383,0.5124182303856952
euclidean,2,1,0.25,0.25,0.5,0.30072115384615383,0.5124182303856952
pearson,2,1,0.25,0.25,0.5,0.3007211538461538,0.5124182303856952
cosine,2,2,0.5,0.5,1.0,0.06497061965811961,0.07226417313600692
euclidean,2,2,0.5,0.5,1.0,0.06497061965811961,0.07226417313600692
pearson,2,2,0.25,0.25,0.5,0.17094017094017092,0.32011652516759725
cosine,2,3,0.5,0.5,1.0,0.09643238705738703,0.10712492728284236
euclidean,2,3,0.5,0.5,1.0,0.09643238705738703,0.10712492728284236
pearson,2,3,0.5,0.5,1.0,0.09643238705738703,0.10712492728284236
cosine,2,4,0.5,0.5,1.0,0.01522435897435904,0.02402203782219782
euclidean,2,4,0.5,0.5,1.0,0.01522435897435904,0.02402203782219782
pearson,2,4,0.5,0.5,1.0,0.01522435897435904,0.02402203782219782
cosine,2,5,0.5,0.5,1.0,0.016254578754578794,0.023469188131054156
euclidean,2,5,0.5,0.5,1.0,0.016254578754578794,0.023469188131054156
pearson,2,5,0.5,0.5,1.0,0.016254578754578794,0.023469188131054156
cosine,2,6,0.5,0.5,1.0,0.14671855921855914,0.16614069088259562
euclidean,2,6,0.5,0.5,1.0,0.14671855921855914,0.16614069088259562
pearson,2,6,0.25,0.25,0.5,0.2567460317460317,0.3453010787435529
cosine,2,7,0.5,0.5,1.0,0.1263354700854701,0.17591867170471184
euclidean,2,7,0.5,0.5,1.0,0.1263354700854701,0.17591867170471184
pearson,2,7,0.25,0.25,0.5,0.23197115384615383,0.4186470595551753
cosine,2,8,0.5,0.5,1.0,0.07879273504273501,0.09971804088560239
euclidean,2,8,0.5,0.5,1.0,0.07879273504273501,0.09971804088560239
pearson,2,8,0.5,0.5,1.0,0.07879273504273501,0.09971804088560239
cosine,2,9,0.5,0.5,1.0,0.07465277777777773,0.08415264528389717
euclidean,2,9,0.5,0.5,1.0,0.07465277777777773,0.08415264528389717
pearson,2,9,0.25,0.25,0.5,0.18387896825396824,0.3188903203591783
