distance,k,i,precision,recall,mrr,mae,rmse
cosine,2,0,0.5,0.5,1.0,0.46936438478589154,0.5546114207187852
euclidean,2,0,0.5,0.5,1.0,0.4698755289483721,0.5559929861394478
pearson,2,0,0.5,0.5,0.75,0.31470588235294106,0.4748226565477767
cosine,2,1,0.375,0.375,0.75,0.17448101496549245,0.22839029135959654
euclidean,2,1,0.625,0.625,1.0,0.1799443513082521,0.22735793806960267
pearson,2,1,0.5,0.5,0.75,0.3859943977591036,0.4128266190373119
cosine,2,2,0.625,0.625,1.0,0.3027227442192134,0.340573687828391
euclidean,2,2,0.625,0.625,1.0,0.24837399566833712,0.2814959476014999
pearson,2,2,0.5,0.5,1.0,0.3140989729225023,0.35466162369762505
cosine,2,3,0.625,0.625,0.875,0.37695572016040296,0.4514168598096046
euclidean,2,3,0.625,0.625,0.75,0.3927176983516594,0.46692000053855
pearson,2,3,0.5,0.5,1.0,0.27843137254901945,0.31274356137061765
cosine,2,4,0.5,0.5,1.0,0.10476190476190465,0.14005182066526417
euclidean,2,4,0.625,0.625,1.0,0.10476190476190465,0.14005182066526417
pearson,2,4,0.375,0.375,0.75,0.2833333333333332,0.3049571547171043
cosine,2,5,0.625,0.625,0.875,0.36363683492879073,0.432346514367731
euclidean,2,5,0.625,0.625,1.0,0.3515011605780417,0.4153886499200147
pearson,2,5,0.5,0.5,1.0,0.31858076563958904,0.32333540396157384
cosine,2,6,0.5,0.5,1.0,0.3240887370669762,0.3514848778739507
euclidean,2,6,0.625,0.625,1.0,0.31959468192248874,0.34902395764450467
pearson,2,6,0.5,0.5,1.0,0.3591036414565825,0.3680665873649841
cosine,2,7,0.375,0.375,0.625,0.4969634998164363,0.601191927468776
euclidean,2,7,0.25,0.25,0.375,0.44377199194117234,0.5377813572423905
pearson,2,7,0.5,0.5,0.75,0.42838468720821654,0.5532192004751258
cosine,2,8,0.75,0.75,1.0,0.3263173155940475,0.48924244132923506
euclidean,2,8,0.75,0.75,1.0,0.33927099278020767,0.4902731850413421
pearson,2,8,0.375,0.375,0.5,0.4640522875816992,0.5821347134993917
cosine,2,9,0.625,0.625,1.0,0.32375246280853737,0.4781620457615286
euclidean,2,9,0.625,0.625,1.0,0.32221408846397315,0.457758552742553
pearson,2,9,0.625,0.625,1.0,0.3775910364145657,0.46204460801526437
