distance,k,i,precision,recall,mrr,mae,rmse
cosine,3,0,0.3333333333333333,0.3333333333333333,1.0,0.07812500000000003,0.0935520386925931
euclidean,3,0,0.3333333333333333,0.3333333333333333,1.0,0.07812500000000003,0.0935520386925931
pearson,3,0,0.3333333333333333,0.3333333333333333,1.0,0.07812500000000003,0.0935520386925931
cosine,3,1,0.3333333333333333,0.3333333333333333,1.0,0.13034188034188032,0.17659015421674581
euclidean,3,1,0.3333333333333333,0.3333333333333333,1.0,0.13034188034188032,0.17659015421674581
pearson,3,1,0.16666666666666666,0.16666666666666666,0.5,0.23557692307692302,0.4185781679921946
cosine,3,2,0.3333333333333333,0.3333333333333333,1.0,0.14727564102564097,0.1724994818904262
euclidean,3,2,0.3333333333333333,0.3333333333333333,1.0,0.14727564102564097,0.1724994818904262
pearson,3,2,0.3333333333333333,0.3333333333333333,0.5,0.2631410256410256,0.35056748162315
cosine,3,3,0.3333333333333333,0.3333333333333333,1.0,0.11631944444444442,0.12388988346230768
euclidean,3,3,0.3333333333333333,0.3333333333333333,1.0,0.11631944444444442,0.12388988346230768
pearson,3,3,0.3333333333333333,0.3333333333333333,1.0,0.11631944444444442,0.12388988346230768
cosine,3,4,0.3333333333333333,0.3333333333333333,1.0,0.15464743589743582,0.15715345316039567
euclidean,3,4,0.3333333333333333,0.3333333333333333,1.0,0.15464743589743582,0.15715345316039567
pearson,3,4,0.3333333333333333,0.3333333333333333,1.0,0.15464743589743582,0.15715345316039567
cosine,3,5,0.16666666666666666,0.16666666666666666,0.5,0.3023237179487179,0.5138325225741661
euclidean,3,5,0.16666666666666666,0.16666666666666666,0.5,0.3023237179487179,0.5138325225741661
pearson,3,5,0.16666666666666666,0.16666666666666666,0.5,0.3023237179487179,0.5138325225741661
cosine,3,6,0.3333333333333333,0.3333333333333333,1.0,0.13568376068376067,0.17898089462266592
euclidean,3,6,0.3333333333333333,0.3333333333333333,1.0,0.13568376068376067,0.17898089462266592
pearson,3,6,0.16666666666666666,0.16666666666666666,0.5,0.24038461538461534,0.41912081335946827
cosine,3,7,0.3333333333333333,0.3333333333333333,1.0,0.013576007326007417,0.01928229296119014
euclidean,3,7,0.3333333333333333,0.3333333333333333,1.0,0.013576007326007417,0.01928229296119014
pearson,3,7,0.3333333333333333,0.3333333333333333,1.0,0.013576007326007417,0.01928229296119014
cosine,3,8,0.3333333333333333,0.3333333333333333,1.0,0.2251602564102564,0.2435805181282712
euclidean,3,8,0.3333333333333333,0.3333333333333333,1.0,0.22516025641025636,0.24358051812827117
pearson,3,8,0.16666666666666666,0.16666666666666666,0.5,0.3209134615384615,0.4425221139266404
cosine,3,9,0.3333333333333333,0.3333333333333333,1.0,0.08773275335775332,0.09708796726911575
euclidean,3,9,0.3333333333333333,0.3333333333333333,1.0,0.08773275335775332,0.09708796726911575
pearson,3,9,0.3333333333333333,0.3333333333333333,1.0,0.08773275335775332,0.09708796726911575
