distance,k,i,precision,recall,mrr,mae,rmse
cosine,3,0,0.5,0.5,1.0,0.2440476190476191,0.28977765344376394
euclidean,3,0,0.5833333333333333,0.5833333333333333,1.0,0.2440476190476191,0.28977765344376394
pearson,3,0,0.25,0.25,0.5,0.5357142857142856,0.6818529675727422
cosine,3,1,0.5,0.5,0.75,0.4576111884311926,0.5478538586032137
euclidean,3,1,0.5,0.5,0.75,0.45873242852952456,0.5515562362209238
pearson,3,1,0.3333333333333333,0.3333333333333333,0.5,0.5982142857142856,0.7338829495726612
cosine,3,2,0.41666666666666663,0.41666666666666663,0.75,0.6079088074788115,0.6457856037143141
euclidean,3,2,0.41666666666666663,0.41666666666666663,0.75,0.6004650831298262,0.6378260573412039
pearson,3,2,0.5833333333333333,0.5833333333333333,0.75,0.8482142857142856,0.8880226256540252
cosine,3,3,0.3333333333333333,0.3333333333333333,1.0,0.24999999999999997,0.29642618090449363
euclidean,3,3,0.3333333333333333,0.3333333333333333,1.0,0.24999999999999997,0.29642618090449363
pearson,3,3,0.25,0.25,0.75,0.4166666666666665,0.5350525012915293
cosine,3,4,0.3333333333333333,0.3333333333333333,1.0,0.24999999999999992,0.28867513459481287
euclidean,3,4,0.3333333333333333,0.3333333333333333,1.0,0.24999999999999992,0.28867513459481287
pearson,3,4,0.5,0.5,1.0,0.20833333333333323,0.2763853991962832
cosine,3,5,0.49999999999999994,0.49999999999999994,1.0,0.4011874698607837,0.47180376347115305
euclidean,3,5,0.49999999999999994,0.49999999999999994,1.0,0.3890466831643302,0.4560112834149487
pearson,3,5,0.7499999999999999,0.7499999999999999,1.0,0.738095238095238,0.7568657773929681
cosine,3,6,0.41666666666666663,0.41666666666666663,1.0,0.3116277991472825,0.3349126024637361
euclidean,3,6,0.41666666666666663,0.41666666666666663,1.0,0.3104561179723258,0.3324770292113127
pearson,3,6,0.41666666666666663,0.41666666666666663,0.75,0.4166666666666666,0.5651941652604389
cosine,3,7,0.49999999999999994,0.49999999999999994,1.0,0.35119047619047616,0.3829930462415574
euclidean,3,7,0.49999999999999994,0.49999999999999994,1.0,0.35119047619047616,0.3829930462415574
pearson,3,7,0.08333333333333333,0.08333333333333333,0.25,0.7499999999999998,0.7905694150420947
cosine,3,8,0.5833333333333333,0.5833333333333333,0.75,0.7205427793630124,0.7391948563028411
euclidean,3,8,0.5833333333333333,0.5833333333333333,0.75,0.7221689220537388,0.7409518782005619
pearson,3,8,0.5833333333333333,0.5833333333333333,0.75,0.9166666666666665,0.9279607271383367
cosine,3,9,0.3333333333333333,0.3333333333333333,1.0,0.34374999999999983,0.3801726581436386
euclidean,3,9,0.3333333333333333,0.3333333333333333,1.0,0.34374999999999983,0.3801726581436386
pearson,3,9,0.3333333333333333,0.3333333333333333,1.0,0.34374999999999983,0.3801726581436386
