distance,k,i,precision,recall,mrr,mae,rmse
cosine,3,0,0.4444444444444444,0.7037037037037037,0.8148148148148148,0.15484952025652257,0.2442831936508956
euclidean,3,0,0.4074074074074074,0.6481481481481481,0.7777777777777778,0.15589136311740745,0.2459698918750328
pearson,3,0,0.4444444444444444,0.7037037037037037,0.8148148148148148,0.15538139459817,0.24790740411547835
cosine,3,1,0.5555555555555556,0.9259259259259258,1.0,0.10350567077559501,0.19495238668471251
euclidean,3,1,0.5555555555555556,0.9259259259259258,1.0,0.10607433983493773,0.18578265996688856
pearson,3,1,0.5925925925925926,0.9629629629629629,1.0,0.11175606103236947,0.22179587537570192
cosine,3,2,0.2962962962962963,0.5925925925925927,0.7222222222222222,0.12102113996229534,0.21139460315146721
euclidean,3,2,0.2592592592592593,0.5555555555555556,0.6111111111111112,0.13214560313511323,0.2212405737486438
pearson,3,2,0.2962962962962963,0.574074074074074,0.7222222222222222,0.12478016198256933,0.21608680271621938
cosine,3,3,0.5555555555555556,0.9629629629629629,1.0,0.1340782570838975,0.2600591135915336
euclidean,3,3,0.5555555555555556,0.9629629629629629,1.0,0.14879321676991908,0.26962687953997666
pearson,3,3,0.5185185185185186,0.9074074074074073,1.0,0.1398039926122675,0.26356376138769616
cosine,3,4,0.4444444444444444,0.7222222222222222,0.8888888888888888,0.1314840548095308,0.2513830330061316
euclidean,3,4,0.4444444444444444,0.7222222222222222,0.7222222222222222,0.1462424054885557,0.2715839914146388
pearson,3,4,0.5185185185185185,0.8148148148148148,0.8888888888888888,0.13143827416479045,0.2516022886164492
cosine,3,5,0.4074074074074074,0.8888888888888888,1.0,0.12562339459010188,0.22749756749640815
euclidean,3,5,0.4074074074074074,0.8888888888888888,1.0,0.1299917188158426,0.22939022776344484
pearson,3,5,0.4074074074074074,0.8888888888888888,1.0,0.13688947750426672,0.24947315145905813
cosine,3,6,0.5185185185185185,0.9444444444444444,1.0,0.12322025071576002,0.22333668309020652
euclidean,3,6,0.4444444444444444,0.8518518518518517,1.0,0.13489530203160738,0.21799437363251403
pearson,3,6,0.5185185185185185,0.9629629629629629,1.0,0.12212923657401582,0.23464861127997622
cosine,3,7,0.6296296296296295,0.8703703703703703,1.0,0.12144779840910616,0.22683690059222433
euclidean,3,7,0.6296296296296295,0.8703703703703703,1.0,0.13156165535151754,0.2354889977385139
pearson,3,7,0.6296296296296295,0.8703703703703703,1.0,0.11387265119662325,0.2190563704955223
cosine,3,8,0.4444444444444444,0.9074074074074073,1.0,0.15982698169619788,0.2672134270740603
euclidean,3,8,0.4444444444444444,0.9074074074074073,1.0,0.15451122204483853,0.24668540699504304
pearson,3,8,0.4444444444444444,0.9074074074074073,1.0,0.15737889981853376,0.2631939433880975
cosine,3,9,0.5925925925925926,0.8703703703703703,1.0,0.1480565029719808,0.24645308469745797
euclidean,3,9,0.6296296296296297,0.9074074074074073,1.0,0.14871288877344832,0.23946623558583754
pearson,3,9,0.5925925925925926,0.8703703703703703,1.0,0.14338617274010004,0.24522899583046318
cosine,3,10,0.6666666666666666,0.9074074074074073,1.0,0.12754437359316514,0.23485321555483243
euclidean,3,10,0.6666666666666666,0.9074074074074073,1.0,0.1235917363441783,0.22351658290919563
pearson,3,10,0.6666666666666666,0.9074074074074073,1.0,0.13036462812030633,0.2426318712982943
cosine,3,11,0.48148148148148145,1.0,1.0,0.14556408163926965,0.2366022082309367
euclidean,3,11,0.4444444444444444,0.9629629629629629,1.0,0.14608748335357938,0.236638718662494
pearson,3,11,0.48148148148148145,1.0,0.8703703703703703,0.15238438084312153,0.2731662831049989
cosine,3,12,0.5555555555555555,0.7962962962962963,1.0,0.14528080044545993,0.2536681920967979
euclidean,3,12,0.5555555555555555,0.7962962962962963,1.0,0.14086553676547045,0.24152737364596996
pearson,3,12,0.5925925925925926,0.8333333333333334,0.9444444444444444,0.1471245909758184,0.26427026653727975
cosine,3,13,0.6296296296296295,0.9444444444444444,1.0,0.12754437359316514,0.23485321555483243
euclidean,3,13,0.5925925925925926,0.9074074074074073,1.0,0.1235917363441783,0.22351658290919563
pearson,3,13,0.6296296296296295,0.9444444444444444,1.0,0.13036462812030633,0.2426318712982943
cosine,3,14,0.2592592592592593,0.5555555555555556,0.5555555555555556,0.14082457872231147,0.26219486176433127
euclidean,3,14,0.18518518518518517,0.48148148148148145,0.31481481481481477,0.14753750693317733,0.2548104288658624
pearson,3,14,0.2592592592592593,0.5555555555555556,0.5555555555555556,0.14544665881465726,0.267362989159418
cosine,3,15,0.5185185185185186,0.7037037037037037,0.8888888888888888,0.11824126116925983,0.18447148662397367
euclidean,3,15,0.48148148148148145,0.6481481481481481,0.6666666666666666,0.1356240970418196,0.19677106808214076
pearson,3,15,0.5185185185185186,0.7037037037037037,0.8888888888888888,0.11889447539947909,0.19233842820338842
cosine,3,16,0.48148148148148145,0.6296296296296295,0.6666666666666666,0.14899987043099125,0.2629325197441003
euclidean,3,16,0.48148148148148145,0.6296296296296295,0.5925925925925926,0.15392747107825605,0.2617098132258628
pearson,3,16,0.48148148148148145,0.6296296296296295,0.6666666666666666,0.15482407731922582,0.26977830948914633
cosine,3,17,0.6666666666666666,0.9074074074074073,1.0,0.1126813965986814,0.18721444709274945
euclidean,3,17,0.6296296296296297,0.8518518518518517,1.0,0.1237985968041619,0.20254427202315325
pearson,3,17,0.7037037037037037,0.9444444444444444,1.0,0.11765420186141358,0.217366108412366
cosine,3,18,0.5185185185185185,0.8888888888888888,1.0,0.14556408163926965,0.2366022082309367
euclidean,3,18,0.48148148148148145,0.8518518518518517,1.0,0.14608748335357938,0.236638718662494
pearson,3,18,0.4444444444444444,0.7962962962962963,0.8888888888888888,0.15238438084312153,0.2731662831049989
cosine,3,19,0.6296296296296297,0.9074074074074073,1.0,0.10795150136115714,0.1892823317961605
euclidean,3,19,0.6296296296296297,0.9074074074074073,1.0,0.12552666689312994,0.2121706688047463
pearson,3,19,0.5925925925925926,0.8518518518518517,1.0,0.12744225914094803,0.23208694546997177
