distance,k,i,precision,recall,mrr,mae,rmse
cosine,2,0,0.5555555555555556,1.0,1.0,0.1348630000978323,0.23722950879215018
euclidean,2,0,0.5555555555555556,1.0,1.0,0.15874098242643547,0.24577509177890572
pearson,2,0,0.5555555555555556,1.0,1.0,0.1405906146761225,0.24131410020655694
cosine,2,1,0.5555555555555556,0.6111111111111112,0.7777777777777778,0.14753729623149345,0.2612481263779581
euclidean,2,1,0.4444444444444444,0.5,0.6666666666666666,0.15513952499782818,0.25820919008938803
pearson,2,1,0.6111111111111112,0.6666666666666666,0.7777777777777778,0.15630519981423335,0.2870819514160301
cosine,2,2,0.7222222222222222,0.8333333333333334,1.0,0.1488766903335142,0.28003890575607265
euclidean,2,2,0.7077777777777778,0.8888888888888888,1.0,0.16409383788095352,0.28485999510355564
pearson,2,2,0.7222222222222222,0.8333333333333334,1.0,0.151457292159186,0.2820396954214723
cosine,2,3,0.7222222222222222,0.8888888888888888,1.0,0.12576942765388696,0.23402762553061127
euclidean,2,3,0.7222222222222222,0.8888888888888888,1.0,0.1398170786909206,0.24240839730821795
pearson,2,3,0.6666666666666666,0.8333333333333334,0.8888888888888888,0.13340554293459247,0.2512185580762462
cosine,2,4,0.6666666666666666,0.8888888888888888,0.9444444444444444,0.10785163988053631,0.18767448597124134
euclidean,2,4,0.6111111111111112,0.8333333333333334,0.9444444444444444,0.11853402079283593,0.19725154317483165
pearson,2,4,0.6666666666666666,0.8888888888888888,0.9444444444444444,0.1120220424774222,0.1972605016891203
cosine,2,5,0.6666666666666666,0.8888888888888888,0.9444444444444444,0.1268074670263054,0.2233411624339395
euclidean,2,5,0.5555555555555556,0.7777777777777778,0.9444444444444444,0.1258818403070562,0.21986248246931042
pearson,2,5,0.6666666666666666,0.8888888888888888,0.9444444444444444,0.12877180162283877,0.2258377019101236
cosine,2,6,0.6666666666666666,0.8888888888888888,0.9444444444444444,0.1268074670263054,0.2233411624339395
euclidean,2,6,0.5555555555555556,0.7777777777777778,0.9444444444444444,0.1258818403070562,0.21986248246931042
pearson,2,6,0.6666666666666666,0.8888888888888888,0.9444444444444444,0.12877180162283877,0.2258377019101236
cosine,2,7,0.3888888888888889,0.5555555555555556,0.5,0.1268074670263054,0.2233411624339395
euclidean,2,7,0.3888888888888889,0.5555555555555556,0.5,0.1258818403070562,0.21986248246931042
pearson,2,7,0.4444444444444444,0.6666666666666666,0.5555555555555556,0.12877180162283877,0.2258377019101236
cosine,2,8,0.5,0.6111111111111112,0.6111111111111112,0.16691055562583704,0.2915055428824125
euclidean,2,8,0.5,0.6111111111111112,0.6111111111111112,0.16545888393053756,0.27923807231482
pearson,2,8,0.5555555555555556,0.6666666666666666,0.6666666666666666,0.16213598323667594,0.28743739376954386
cosine,2,9,0.3888888888888889,0.5,0.6111111111111112,0.15128877921349707,0.27056596042501946
euclidean,2,9,0.3888888888888889,0.5555555555555556,0.5555555555555556,0.15432580110131933,0.2732796483111837
pearson,2,9,0.3888888888888889,0.5,0.6111111111111112,0.15316281075317337,0.2715389915433421
cosine,2,10,0.5555555555555556,0.8333333333333334,0.7777777777777778,0.15017328963396598,0.26326646774801366
euclidean,2,10,0.5,0.7022222222222222,0.6666666666666666,0.15496034005657727,0.26335355495856516
pearson,2,10,0.5555555555555556,0.8333333333333334,0.7777777777777778,0.1569940770334428,0.2924143700966417
cosine,2,11,0.5,0.6111111111111112,0.6666666666666666,0.17094564866575962,0.27531426521933783
euclidean,2,11,0.5,0.6111111111111112,0.6111111111111112,0.17133581626834718,0.26309896761367974
pearson,2,11,0.5555555555555556,0.6666666666666666,0.6666666666666666,0.1760065346973377,0.2811907365439702
cosine,2,12,0.3888888888888889,0.5555555555555556,0.6111111111111112,0.15128877921349707,0.27056596042501946
euclidean,2,12,0.3333333333333333,0.4444444444444444,0.4444444444444444,0.15432580110131933,0.2732796483111837
pearson,2,12,0.3888888888888889,0.5555555555555556,0.6111111111111112,0.15316281075317337,0.2715389915433421
cosine,2,13,0.4444444444444444,0.5555555555555556,0.5,0.1348630000978323,0.23722950879215018
euclidean,2,13,0.4444444444444444,0.5555555555555556,0.5555555555555556,0.15874098242643547,0.24577509177890572
pearson,2,13,0.5,0.6666666666666666,0.5555555555555556,0.1405906146761225,0.24131410020655694
cosine,2,14,0.5,0.5555555555555556,0.5555555555555556,0.16020948172098973,0.29242559844864663
euclidean,2,14,0.5,0.5555555555555556,0.5555555555555556,0.1647665181975809,0.28473890920775746
pearson,2,14,0.5555555555555556,0.6666666666666666,0.6666666666666666,0.18112590654147445,0.32615969303458386
cosine,2,15,0.2522222222222222,0.4444444444444444,0.4444444444444444,0.12654464997747142,0.20640767570490698
euclidean,2,15,0.2522222222222222,0.4444444444444444,0.3888888888888889,0.1345719246278071,0.21252429467159323
pearson,2,15,0.2522222222222222,0.4444444444444444,0.4444444444444444,0.1225012955029424,0.2081625348556217
cosine,2,16,0.3888888888888889,0.7222222222222222,0.7777777777777778,0.11824126116925983,0.18447148662397367
euclidean,2,16,0.3888888888888889,0.7222222222222222,0.6666666666666666,0.1356240970418196,0.19677106808214076
pearson,2,16,0.3888888888888889,0.7222222222222222,0.7777777777777778,0.11889447539947909,0.19233842820338842
cosine,2,17,0.2522222222222222,0.3333333333333333,0.3333333333333333,0.13433643600150036,0.24587069939622225
euclidean,2,17,0.2522222222222222,0.3333333333333333,0.3333333333333333,0.13968333547060277,0.2520346031637956
pearson,2,17,0.2522222222222222,0.3333333333333333,0.3333333333333333,0.13494591779438994,0.2465018810629913
cosine,2,18,0.5555555555555556,0.6666666666666666,0.7222222222222222,0.12079277343104831,0.2323263696107517
euclidean,2,18,0.5555555555555556,0.6666666666666666,0.6666666666666666,0.14185278320378011,0.2298723234882748
pearson,2,18,0.6111111111111112,0.7777777777777778,0.7777777777777778,0.11669666938250979,0.22228941648399764
cosine,2,19,0.6666666666666666,0.9444444444444444,1.0,0.1454632058639155,0.2567272968343915
euclidean,2,19,0.6111111111111112,0.8888888888888888,1.0,0.14725102405963297,0.239566973058591
pearson,2,19,0.6666666666666666,0.9444444444444444,1.0,0.14327237669339296,0.2595771921441266
