distance,k,i,precision,recall,mrr,mae,rmse
cosine,1,1,0.6666666666666666,0.6666666666666666,0.6666666666666666,0.13327857025890416,0.2544416931201953
euclidean,1,1,0.5555555555555556,0.5555555555555556,0.5555555555555556,0.14330744300186934,0.22909786544787408
pearson,1,1,0.7777777777777778,0.7777777777777778,0.7777777777777778,0.12303287861250059,0.22735251153514185
cosine,1,2,0.5555555555555556,0.5555555555555556,0.5555555555555556,0.10995633222973131,0.22420542592217513
euclidean,1,2,0.5555555555555556,0.5555555555555556,0.5555555555555556,0.12085678987533056,0.2295035442155145
pearson,1,2,0.5555555555555556,0.5555555555555556,0.5555555555555556,0.11178845327638447,0.22444803689168974
cosine,1,3,0.7777777777777778,0.7777777777777778,0.7777777777777778,0.11070035270354892,0.18735621606614306
euclidean,1,3,0.7777777777777778,0.7777777777777778,0.7777777777777778,0.11737603282904141,0.1789174565612935
pearson,1,3,0.7777777777777778,0.7777777777777778,0.7777777777777778,0.10343602053322042,0.17554643444521062
cosine,1,4,0.3333333333333333,0.3333333333333333,0.3333333333333333,0.13311015740970464,0.23715677493780307
euclidean,1,4,0.3333333333333333,0.3333333333333333,0.3333333333333333,0.14217146210114645,0.24222740980349824
pearson,1,4,0.4444444444444444,0.4444444444444444,0.4444444444444444,0.1355302335215819,0.23942233595110418
cosine,1,5,0.6666666666666666,0.6666666666666666,0.6666666666666666,0.12193141669362026,0.2181636656903137
euclidean,1,5,0.6666666666666666,0.6666666666666666,0.6666666666666666,0.12354644432216381,0.21170892973493302
pearson,1,5,0.6666666666666666,0.6666666666666666,0.6666666666666666,0.1333257820631107,0.23780614654857016
cosine,1,7,0.8888888888888888,0.8888888888888888,0.8888888888888888,0.14528080044545993,0.2536681920967979
euclidean,1,7,0.92874,0.95874,0.95874,0.14086553676547045,0.24152737364596996
pearson,1,7,0.8888888888888888,0.8888888888888888,0.8888888888888888,0.1471245909758184,0.26427026653727975
cosine,1,8,0.4444444444444444,0.4444444444444444,0.4444444444444444,0.13717309220384727,0.25562563747062733
euclidean,1,8,0.4444444444444444,0.4444444444444444,0.4444444444444444,0.14118643749799648,0.2548786357160607
pearson,1,8,0.4444444444444444,0.4444444444444444,0.4444444444444444,0.13503121227581047,0.25332915299912767
cosine,1,9,0.7777777777777778,0.7777777777777778,0.7777777777777778,0.12362337031355237,0.21819743477413997
euclidean,1,9,0.5555555555555556,0.5555555555555556,0.5555555555555556,0.12991026140709916,0.2105245025785624
pearson,1,9,0.7777777777777778,0.7777777777777778,0.7777777777777778,0.13665294430259856,0.2471910283086802
cosine,1,10,0.4444444444444444,0.4444444444444444,0.4444444444444444,0.1454632058639155,0.2567272968343915
euclidean,1,10,0.4444444444444444,0.4444444444444444,0.4444444444444444,0.14725102405963297,0.239566973058591
pearson,1,10,0.4444444444444444,0.4444444444444444,0.4444444444444444,0.14327237669339296,0.2595771921441266
cosine,1,11,0.6666666666666666,0.6666666666666666,0.6666666666666666,0.120449814996329,0.23862668656885894
euclidean,1,11,0.5555555555555556,0.5555555555555556,0.5555555555555556,0.12988311265697214,0.23612520045295807
pearson,1,11,0.6666666666666666,0.6666666666666666,0.6666666666666666,0.13977140805704594,0.2693638067244788
cosine,1,12,0.3333333333333333,0.3333333333333333,0.3333333333333333,0.13948222084857126,0.22785968605616902
euclidean,1,12,0.2222222222222222,0.2222222222222222,0.2222222222222222,0.1475193871285852,0.23205570240393827
pearson,1,12,0.3333333333333333,0.3333333333333333,0.3333333333333333,0.13433567898569546,0.22385911714812806
cosine,1,13,0.5555555555555556,0.5555555555555556,0.5555555555555556,0.12397858493899053,0.2476784278075329
euclidean,1,13,0.5555555555555556,0.5555555555555556,0.5555555555555556,0.13242969626887796,0.23669322215909577
pearson,1,13,0.5555555555555556,0.5555555555555556,0.5555555555555556,0.1251543169390907,0.24294535140487336
cosine,1,14,0.6666666666666666,0.6666666666666666,0.6666666666666666,0.17048468364714522,0.27547717777698966
euclidean,1,14,0.4444444444444444,0.4444444444444444,0.4444444444444444,0.17193717106787892,0.2784839723165914
pearson,1,14,0.6666666666666666,0.6666666666666666,0.6666666666666666,0.17554887699976798,0.297349416465348
cosine,1,15,0.4444444444444444,0.4444444444444444,0.4444444444444444,0.13107352513542206,0.21804410142073036
euclidean,1,15,0.5555555555555556,0.5555555555555556,0.5555555555555556,0.13542839960668923,0.21719405797669664
pearson,1,15,0.4444444444444444,0.4444444444444444,0.4444444444444444,0.1320641242940246,0.21993660072558763
cosine,1,16,0.2222222222222222,0.2222222222222222,0.2222222222222222,0.14899987043099125,0.2629325197441003
euclidean,1,16,0.2222222222222222,0.2222222222222222,0.2222222222222222,0.15392747107825605,0.2617098132258628
pearson,1,16,0.2222222222222222,0.2222222222222222,0.2222222222222222,0.15482407731922582,0.26977830948914633
cosine,1,17,0.4444444444444444,0.4444444444444444,0.4444444444444444,0.1442212166292094,0.26987460146556697
euclidean,1,17,0.3333333333333333,0.3333333333333333,0.3333333333333333,0.14667760675455432,0.26247102472142647
pearson,1,17,0.4444444444444444,0.4444444444444444,0.4444444444444444,0.15899435862527836,0.28955838378864784
cosine,1,18,0.8888888888888888,0.8888888888888888,0.8888888888888888,0.14528080044545993,0.2536681920967979
euclidean,1,18,0.92874,0.95874,0.95874,0.14086553676547045,0.24152737364596996
pearson,1,18,0.8888888888888888,0.8888888888888888,0.8888888888888888,0.1471245909758184,0.26427026653727975
cosine,1,19,0.5555555555555556,0.5555555555555556,0.5555555555555556,0.13717309220384727,0.25562563747062733
euclidean,1,19,0.5555555555555556,0.5555555555555556,0.5555555555555556,0.14118643749799648,0.2548786357160607
pearson,1,19,0.5555555555555556,0.5555555555555556,0.5555555555555556,0.13503121227581047,0.25332915299912767
