distance,k,i,precision,recall,mrr,mae,rmse
cosine,2,0,0.5769230769230769,0.5769230769230769,0.8974358974358975,0.11596232038364551,0.21054403240372013
euclidean,2,0,0.5256410256410257,0.5256410256410257,0.8205128205128205,0.14169052142345143,0.23214658439186164
pearson,2,0,0.6153846153846154,0.6153846153846154,0.9358974358974359,0.09037711396210985,0.19660520231382475
cosine,2,1,0.5384615384615384,0.5384615384615384,0.8846153846153846,0.1142016975344071,0.21513128274987334
euclidean,2,1,0.5512820512820513,0.5512820512820513,0.8846153846153846,0.11819571192324471,0.2029099801626223
pearson,2,1,0.5641025641025641,0.5641025641025641,0.8974358974358975,0.10350801002252516,0.2293609276790141
cosine,2,2,0.5384615384615384,0.5384615384615384,0.8717948717948718,0.11018158655483996,0.20940235185434625
euclidean,2,2,0.5,0.5,0.8076923076923077,0.13719907359163278,0.23128568699112773
pearson,2,2,0.5512820512820513,0.5512820512820513,0.8974358974358975,0.09529988605821198,0.21152187509987483
cosine,2,4,0.5897435897435898,0.5897435897435898,0.9487179487179487,0.10904337117721942,0.21756343294878364
euclidean,2,4,0.5256410256410257,0.5256410256410257,0.8717948717948718,0.12608276799338933,0.2217075203648914
pearson,2,4,0.6025641025641025,0.6025641025641025,0.9487179487179487,0.10284637956162739,0.23816568880049477
cosine,2,5,0.6282051282051282,0.6282051282051282,0.9358974358974359,0.1096629497764047,0.2063545112157049
euclidean,2,5,0.6025641025641025,0.6025641025641025,0.8717948717948718,0.12891531438007656,0.21146314458338553
pearson,2,5,0.5769230769230769,0.5769230769230769,0.9487179487179487,0.08888681773319873,0.20984829007082895
cosine,2,6,0.5769230769230769,0.5769230769230769,0.9358974358974359,0.1146806805853079,0.2068706883322734
euclidean,2,6,0.5641025641025641,0.5641025641025641,0.8974358974358975,0.12349978954929554,0.1980487084157287
pearson,2,6,0.5641025641025641,0.5641025641025641,0.9230769230769231,0.09955287913237625,0.1979185330894337
cosine,2,7,0.6153846153846154,0.6153846153846154,0.9230769230769231,0.10553934462657984,0.19711964147137812
euclidean,2,7,0.5769230769230769,0.5769230769230769,0.8717948717948718,0.11538484617574904,0.19825501576611515
pearson,2,7,0.5512820512820513,0.5512820512820513,0.8846153846153846,0.09610603031709043,0.22620671350303015
cosine,2,8,0.6282051282051282,0.6282051282051282,0.8589743589743589,0.11477643975464275,0.21015199016382602
euclidean,2,8,0.5641025641025641,0.5641025641025641,0.8461538461538461,0.12636932277281973,0.21164596718670023
pearson,2,8,0.5641025641025641,0.5641025641025641,0.8717948717948718,0.08695261298418414,0.20939710278784385
cosine,2,9,0.6153846153846154,0.6153846153846154,0.8974358974358975,0.11503075948120056,0.2185052243157242
euclidean,2,9,0.5384615384615384,0.5384615384615384,0.8205128205128205,0.13147204763938541,0.2317312012882457
pearson,2,9,0.5897435897435898,0.5897435897435898,0.8846153846153846,0.11300038329764168,0.24813157693178794
cosine,2,10,0.5512820512820513,0.5512820512820513,0.8846153846153846,0.09805086226730012,0.19602511019580293
euclidean,2,10,0.5384615384615384,0.5384615384615384,0.8846153846153846,0.10118362493842974,0.18839091004262448
pearson,2,10,0.5897435897435898,0.5897435897435898,0.9102564102564102,0.09148104333048945,0.2059447890196566
cosine,2,11,0.5769230769230769,0.5769230769230769,0.9230769230769231,0.100678262172461,0.18828766116766998
euclidean,2,11,0.5256410256410257,0.5256410256410257,0.8717948717948718,0.12363854841929457,0.20545990458411276
pearson,2,11,0.6153846153846154,0.6153846153846154,0.9615384615384616,0.0886985538735929,0.19778199061973625
cosine,2,12,0.5897435897435898,0.5897435897435898,0.8846153846153846,0.1062375649525727,0.19885908489646298
euclidean,2,12,0.48717948717948717,0.48717948717948717,0.8205128205128205,0.11986189189052746,0.2119226784383624
pearson,2,12,0.6025641025641025,0.6025641025641025,0.9230769230769231,0.08289854301715266,0.1962314849986335
cosine,2,13,0.6153846153846154,0.6153846153846154,0.8846153846153846,0.11035926578458481,0.20231109395926913
euclidean,2,13,0.5512820512820513,0.5512820512820513,0.8589743589743589,0.13374705511344281,0.21759700687101538
pearson,2,13,0.6025641025641025,0.6025641025641025,0.9615384615384616,0.07810788500109837,0.17055509156608928
cosine,2,14,0.6153846153846154,0.6153846153846154,0.8846153846153846,0.08684531709920769,0.17548118824307263
euclidean,2,14,0.5769230769230769,0.5769230769230769,0.8974358974358975,0.10646494848331944,0.18692450056848364
pearson,2,14,0.5769230769230769,0.5769230769230769,0.8846153846153846,0.07596943840250148,0.16991033878362757
cosine,2,16,0.6282051282051282,0.6282051282051282,0.9487179487179487,0.12103508833376701,0.2159437910606762
euclidean,2,16,0.5256410256410257,0.5256410256410257,0.8846153846153846,0.1329456504580053,0.2205337893207368
pearson,2,16,0.6538461538461539,0.6538461538461539,0.9102564102564102,0.09754085224496294,0.2237349279993062
cosine,2,19,0.6153846153846154,0.6153846153846154,0.8974358974358975,0.11526667193471218,0.2064078949009001
euclidean,2,19,0.5769230769230769,0.5769230769230769,0.8717948717948718,0.13218667263200376,0.21100658816693638
pearson,2,19,0.5897435897435898,0.5897435897435898,0.9358974358974359,0.09070441983380577,0.21058106466836785
