distance,k,i,precision,recall,mrr,mae,rmse
cosine,1,0,0.6153846153846154,0.6153846153846154,0.6153846153846154,0.11373733384798858,0.2118212989369799
euclidean,1,0,0.6410256410256411,0.6410256410256411,0.6410256410256411,0.14464569756611517,0.23626914706654417
pearson,1,0,0.5897435897435898,0.5897435897435898,0.5897435897435898,0.09289563538054399,0.22450808360733543
cosine,1,3,0.7692307692307693,0.7692307692307693,0.7692307692307693,0.10243384957747845,0.18597642836148334
euclidean,1,3,0.717948717948718,0.717948717948718,0.717948717948718,0.12638494422390514,0.20151834563936488
pearson,1,3,0.717948717948718,0.717948717948718,0.717948717948718,0.09594852425843216,0.20769384498469282
cosine,1,4,0.5641025641025641,0.5641025641025641,0.5641025641025641,0.12015543473603006,0.22211319892372186
euclidean,1,4,0.6666666666666666,0.6666666666666666,0.6666666666666666,0.13728704689603938,0.23001393868942865
pearson,1,4,0.5128205128205128,0.5128205128205128,0.5128205128205128,0.10732095606963872,0.23305969703597265
cosine,1,5,0.717948717948718,0.717948717948718,0.717948717948718,0.11017096929695715,0.21009078723618743
euclidean,1,5,0.6666666666666666,0.6666666666666666,0.6666666666666666,0.1255342320666783,0.21927042831480886
pearson,1,5,0.6666666666666666,0.6666666666666666,0.6666666666666666,0.09245622702238804,0.2214138820842578
cosine,1,8,0.6153846153846154,0.6153846153846154,0.6153846153846154,0.11543234905539305,0.2048783108815601
euclidean,1,8,0.6666666666666666,0.6666666666666666,0.6666666666666666,0.14051947908206525,0.2136813274776439
pearson,1,8,0.5641025641025641,0.5641025641025641,0.5641025641025641,0.09393141601815942,0.20073501944193528
cosine,1,9,0.5897435897435898,0.5897435897435898,0.5897435897435898,0.1193836457442677,0.23504328132416566
euclidean,1,9,0.6666666666666666,0.6666666666666666,0.6666666666666666,0.12803660324104388,0.23700652843554953
pearson,1,9,0.5128205128205128,0.5128205128205128,0.5128205128205128,0.11085566452426596,0.2520540405896564
cosine,1,10,0.6410256410256411,0.6410256410256411,0.6410256410256411,0.1077490256930177,0.2035813847699351
euclidean,1,10,0.6923076923076923,0.6923076923076923,0.6923076923076923,0.12926480792640196,0.2159727709506205
pearson,1,10,0.5384615384615384,0.5384615384615384,0.5384615384615384,0.10636539615191284,0.23042973446790183
cosine,1,11,0.6923076923076923,0.6923076923076923,0.6923076923076923,0.12069241905338651,0.21919646346825603
euclidean,1,11,0.6923076923076923,0.6923076923076923,0.6923076923076923,0.1367290688287968,0.2269413955409075
pearson,1,11,0.6153846153846154,0.6153846153846154,0.6153846153846154,0.10965925382439141,0.24274207598464081
cosine,1,12,0.6410256410256411,0.6410256410256411,0.6410256410256411,0.12957236766448396,0.2558079430123252
euclidean,1,12,0.6666666666666666,0.6666666666666666,0.6666666666666666,0.13990986402411573,0.2562028912928624
pearson,1,12,0.5897435897435898,0.5897435897435898,0.5897435897435898,0.11544804930424545,0.2647359412718364
cosine,1,13,0.6923076923076923,0.6923076923076923,0.6923076923076923,0.10118782890884538,0.20517700957861024
euclidean,1,13,0.6666666666666666,0.6666666666666666,0.6666666666666666,0.11708273045191472,0.21292678424181402
pearson,1,13,0.6666666666666666,0.6666666666666666,0.6666666666666666,0.09281468937244695,0.2200726927518518
cosine,1,14,0.6923076923076923,0.6923076923076923,0.6923076923076923,0.1168003069428508,0.2298402300516462
euclidean,1,14,0.6923076923076923,0.6923076923076923,0.6923076923076923,0.1352619018847212,0.23426596610789074
pearson,1,14,0.5384615384615384,0.5384615384615384,0.5384615384615384,0.11228784420364853,0.2516483188546825
cosine,1,15,0.717948717948718,0.717948717948718,0.717948717948718,0.11150584276595289,0.217574728240836
euclidean,1,15,0.7435897435897436,0.7435897435897436,0.7435897435897436,0.1236055475774515,0.2214318967456937
pearson,1,15,0.5897435897435898,0.5897435897435898,0.5897435897435898,0.1030107096298944,0.24063439433873307
cosine,1,16,0.6666666666666666,0.6666666666666666,0.6666666666666666,0.10697341678878726,0.20194707494631178
euclidean,1,16,0.717948717948718,0.717948717948718,0.717948717948718,0.13136121489749072,0.21827529780149865
pearson,1,16,0.5897435897435898,0.5897435897435898,0.5897435897435898,0.09517945929431788,0.22161607829892818
cosine,1,17,0.6410256410256411,0.6410256410256411,0.6410256410256411,0.12578201890774424,0.21042086694644657
euclidean,1,17,0.6923076923076923,0.6923076923076923,0.6923076923076923,0.14900367426825173,0.228739905366876
pearson,1,17,0.6153846153846154,0.6153846153846154,0.6153846153846154,0.10018740452917467,0.21631537094474296
cosine,1,18,0.717948717948718,0.717948717948718,0.717948717948718,0.11104274320755363,0.19611145099669722
euclidean,1,18,0.7435897435897436,0.7435897435897436,0.7435897435897436,0.12885550264827395,0.2019073415926141
pearson,1,18,0.6923076923076923,0.6923076923076923,0.6923076923076923,0.09495280489477236,0.20517448072618547