distance,k,i,precision,recall,mrr,mae,rmse
cosine,4,0,0.4807692307692308,0.4807692307692308,0.9572649572649572,0.18942039587976475,0.3532052587946311
euclidean,4,0,0.4423076923076923,0.4423076923076923,0.9401709401709402,0.1937336197038262,0.34028573761278536
pearson,4,0,0.47435897435897434,0.47435897435897434,0.9444444444444445,0.17297639898363285,0.3398424219604501
cosine,4,1,0.47435897435897434,0.47435897435897434,0.9487179487179487,0.2161297943229146,0.5122101366518339
euclidean,4,1,0.4551282051282051,0.4551282051282051,0.8931623931623932,0.2320597095247673,0.5109086185897856
pearson,4,1,0.4935897435897436,0.4935897435897436,0.9487179487179487,0.2275755127253184,0.549873757656737
cosine,4,2,0.47435897435897434,0.47435897435897434,0.9423076923076923,0.20804413272521177,0.5770999370028543
euclidean,4,2,0.47435897435897434,0.47435897435897434,0.893162393162393,0.21288734866474313,0.5819389296065701
pearson,4,2,0.5192307692307693,0.5192307692307693,0.9871794871794872,0.19679255590844763,0.5829347704652185
cosine,4,3,0.46794871794871795,0.46794871794871795,0.9294871794871795,0.19995982145889177,0.5777899265518717
euclidean,4,3,0.44871794871794873,0.44871794871794873,0.8589743589743589,0.19704946208098223,0.569721682630822
pearson,4,3,0.5128205128205128,0.5128205128205128,1.0,0.1924215613315995,0.584080520722429
cosine,4,4,0.5384615384615384,0.5384615384615384,0.9487179487179487,0.2295364010919256,0.5911624186789498
euclidean,4,4,0.46153846153846156,0.46153846153846156,0.9059829059829059,0.2439833890016731,0.6032615568338846
pearson,4,4,0.5512820512820513,0.5512820512820513,0.9743589743589743,0.2362485774516648,0.6004595830880775
cosine,4,5,0.47435897435897434,0.47435897435897434,0.8376068376068377,0.27069392305632994,0.620176389814208
euclidean,4,5,0.4551282051282051,0.4551282051282051,0.8632478632478632,0.2774027204362929,0.6209778642461535
pearson,4,5,0.5448717948717948,0.5448717948717948,0.9871794871794872,0.21734070161521296,0.5815916871261022
cosine,4,6,0.48717948717948717,0.48717948717948717,0.9380341880341879,0.195023483844829,0.5884928218647706
euclidean,4,6,0.48717948717948717,0.48717948717948717,0.8824786324786326,0.20471300321474167,0.5891733131403324
pearson,4,6,0.5256410256410257,0.5256410256410257,0.9807692307692307,0.19384932060785998,0.6003841678284143
cosine,4,7,0.4807692307692308,0.4807692307692308,0.9487179487179487,0.17325233050873418,0.29210379234206246
euclidean,4,7,0.46153846153846156,0.46153846153846156,0.9059829059829059,0.1683363698027982,0.2639209255857167
pearson,4,7,0.5,0.5,0.9145299145299145,0.17298300986478476,0.32731087195691144
cosine,4,8,0.47435897435897434,0.47435897435897434,0.9102564102564102,0.24113425214058426,0.6166735077652811
euclidean,4,8,0.47435897435897434,0.47435897435897434,0.8995726495726495,0.24342416074222833,0.6260866213553815
pearson,4,8,0.4935897435897436,0.4935897435897436,0.9145299145299146,0.23918130118703798,0.6282570163728857
cosine,4,9,0.4807692307692308,0.4807692307692308,0.9871794871794872,0.17875566989328093,0.4423389449408634
euclidean,4,9,0.48717948717948717,0.48717948717948717,0.9337606837606839,0.19256101639111098,0.4587416942980073
pearson,4,9,0.5384615384615384,0.5384615384615384,0.9871794871794872,0.16557344514240466,0.435238852859181
cosine,4,10,0.5128205128205128,0.5128205128205128,0.9358974358974359,0.2291142140195326,0.5001375150900507
euclidean,4,10,0.44871794871794873,0.44871794871794873,0.8782051282051282,0.24084905625979203,0.5022992126099566
pearson,4,10,0.5256410256410257,0.5256410256410257,0.9316239316239316,0.23399998437895628,0.5581867337879476
cosine,4,11,0.532051282051282,0.532051282051282,0.9743589743589743,0.22594557486643624,0.6407438559590184
euclidean,4,11,0.5,0.5,0.9059829059829059,0.2324152429379602,0.6392665951495478
pearson,4,11,0.5641025641025641,0.5641025641025641,0.9871794871794872,0.2300539900278944,0.650747105249778
cosine,4,12,0.5064102564102564,0.5064102564102564,0.9572649572649572,0.22185424842370785,0.6000374752551572
euclidean,4,12,0.46153846153846156,0.46153846153846156,0.9615384615384616,0.21613623071447624,0.6014697202271283
pearson,4,12,0.5384615384615384,0.5384615384615384,0.97008547008547,0.22490635994364352,0.6126185934506142
cosine,4,13,0.47435897435897434,0.47435897435897434,0.8717948717948718,0.24004136690685937,0.614583691640311
euclidean,4,13,0.46794871794871795,0.46794871794871795,0.8311965811965814,0.23772119083730694,0.610422949837495
pearson,4,13,0.5641025641025641,0.5641025641025641,0.9615384615384616,0.2424102628994168,0.6296813847545366
cosine,4,14,0.47435897435897434,0.47435897435897434,1.0,0.1570092890637322,0.3270713473872275
euclidean,4,14,0.4807692307692308,0.4807692307692308,0.9273504273504275,0.16032403700882397,0.31766589702949927
pearson,4,14,0.5064102564102564,0.5064102564102564,1.0,0.16805114747057048,0.3619795621018448
cosine,4,15,0.532051282051282,0.532051282051282,0.9059829059829061,0.1785016141048829,0.3228649677789265
euclidean,4,15,0.5064102564102564,0.5064102564102564,0.8482905982905984,0.18728855289194965,0.32620970277541494
pearson,4,15,0.5705128205128205,0.5705128205128205,0.9743589743589743,0.16586855934639946,0.3373898493354075
cosine,4,16,0.4551282051282051,0.4551282051282051,0.9358974358974359,0.2239352736854973,0.6180917389239028
euclidean,4,16,0.44871794871794873,0.44871794871794873,0.8717948717948718,0.2313098743718841,0.6219879373086336
pearson,4,16,0.47435897435897434,0.47435897435897434,0.9572649572649572,0.22753474799856763,0.6321098872802606
cosine,4,17,0.44871794871794873,0.44871794871794873,0.9166666666666666,0.20297937908081704,0.5908640487180901
euclidean,4,17,0.46153846153846156,0.46153846153846156,0.8311965811965814,0.21758741805503332,0.5968120233185087
pearson,4,17,0.5192307692307693,0.5192307692307693,0.9871794871794872,0.18807735877632414,0.5896837047173852
cosine,4,18,0.4807692307692308,0.4807692307692308,1.0,0.18110951691877272,0.4422316900598477
euclidean,4,18,0.48717948717948717,0.48717948717948717,0.9102564102564102,0.20369979558223766,0.4509426431359691
pearson,4,18,0.5064102564102564,0.5064102564102564,0.9615384615384616,0.20407963261785006,0.4898443490049396
cosine,4,19,0.5,0.5,0.9871794871794872,0.15457524992036686,0.3418772457517201
euclidean,4,19,0.4358974358974359,0.4358974358974359,0.9572649572649572,0.15656532686621583,0.3467889194869922
pearson,4,19,0.5,0.5,0.9059829059829059,0.16018249243526517,0.40872386091446483
