distance,k,i,precision,recall,mrr,mae,rmse
cosine,2,0,0.6282051282051282,0.6282051282051282,0.9487179487179487,0.1813815634294035,0.4610422688497946
euclidean,2,0,0.5256410256410257,0.5256410256410257,0.8589743589743589,0.20455013280594883,0.4730078773376865
pearson,2,0,0.6025641025641025,0.6025641025641025,0.9230769230769231,0.19286838218712765,0.4736278773462145
cosine,2,1,0.5641025641025641,0.5641025641025641,0.8589743589743589,0.2169063835471236,0.45861847898944347
euclidean,2,1,0.5128205128205128,0.5128205128205128,0.8589743589743589,0.1963301149843675,0.394427728995738
pearson,2,1,0.5128205128205128,0.5128205128205128,0.8461538461538461,0.22066458492615565,0.47811415280709285
cosine,2,2,0.5769230769230769,0.5769230769230769,0.8846153846153846,0.21610222751290858,0.49545468520491237
euclidean,2,2,0.5512820512820513,0.5512820512820513,0.8333333333333334,0.17853537194545768,0.4547523031054291
pearson,2,2,0.6025641025641025,0.6025641025641025,0.9102564102564102,0.22679306447225023,0.5127724427446657
cosine,2,3,0.5897435897435898,0.5897435897435898,0.8717948717948718,0.18057203990776027,0.5452025021815503
euclidean,2,3,0.5,0.5,0.8205128205128205,0.17483033546211296,0.5358432496982604
pearson,2,3,0.6282051282051282,0.6282051282051282,0.9230769230769231,0.1931496683673256,0.5716902260364782
cosine,2,4,0.5,0.5,0.7435897435897436,0.27097679861579643,0.5621354525368931
euclidean,2,4,0.5128205128205128,0.5128205128205128,0.7948717948717948,0.26259924268149015,0.5491921496867789
pearson,2,4,0.5769230769230769,0.5769230769230769,0.8589743589743589,0.24645771990824325,0.5511949164134793
cosine,2,5,0.5769230769230769,0.5769230769230769,0.9102564102564102,0.16229618858478434,0.29761369100705254
euclidean,2,5,0.5641025641025641,0.5641025641025641,0.8717948717948718,0.15056140130109383,0.2730869101845213
pearson,2,5,0.5512820512820513,0.5512820512820513,0.8717948717948718,0.18173263772165996,0.3461253186270202
cosine,2,6,0.6153846153846154,0.6153846153846154,0.8717948717948718,0.19306251102398872,0.453145053541455
euclidean,2,6,0.5,0.5,0.8076923076923077,0.2083096340442444,0.47406966271003403
pearson,2,6,0.6282051282051282,0.6282051282051282,0.8974358974358975,0.19892433406364432,0.46270826482727506
cosine,2,7,0.5641025641025641,0.5641025641025641,0.8333333333333334,0.21681218544379788,0.4747873426296793
euclidean,2,7,0.5,0.5,0.8205128205128205,0.23219019674805477,0.47485797880306835
pearson,2,7,0.5256410256410257,0.5256410256410257,0.7948717948717948,0.19921171427539577,0.4778767786499557
cosine,2,8,0.5769230769230769,0.5769230769230769,0.8846153846153846,0.17276302358864415,0.33221814540236744
euclidean,2,8,0.5256410256410257,0.5256410256410257,0.8333333333333334,0.17723361340829646,0.32371368613411533
pearson,2,8,0.5384615384615384,0.5384615384615384,0.8461538461538461,0.16740965671020963,0.35908114774453037
cosine,2,9,0.6025641025641025,0.6025641025641025,0.8846153846153846,0.20766595649962064,0.5906770760902023
euclidean,2,9,0.5384615384615384,0.5384615384615384,0.8333333333333334,0.21803141212338023,0.5983565867533489
pearson,2,9,0.5769230769230769,0.5769230769230769,0.8333333333333334,0.20584655705524454,0.60550686494182
cosine,2,10,0.5256410256410257,0.5256410256410257,0.8333333333333334,0.18706255789849502,0.3721858305363856
euclidean,2,10,0.5512820512820513,0.5512820512820513,0.8076923076923077,0.1794502409826956,0.3545809145267123
pearson,2,10,0.5256410256410257,0.5256410256410257,0.8333333333333334,0.1753577189701957,0.38506363432791046
cosine,2,11,0.6282051282051282,0.6282051282051282,0.9230769230769231,0.22469909333046229,0.62632463429179
euclidean,2,11,0.47435897435897434,0.47435897435897434,0.782051282051282,0.2511503217719911,0.6467761163217838
pearson,2,11,0.6410256410256411,0.6410256410256411,0.9358974358974359,0.21145960062001382,0.6184772871804866
cosine,2,12,0.5897435897435898,0.5897435897435898,0.8205128205128205,0.21921038878356622,0.5678816186362574
euclidean,2,12,0.5128205128205128,0.5128205128205128,0.7948717948717948,0.2166797676558705,0.5618481729724303
pearson,2,12,0.5641025641025641,0.5641025641025641,0.7948717948717948,0.2292885820694002,0.5856537724706684
cosine,2,13,0.6153846153846154,0.6153846153846154,0.9102564102564102,0.1679906308759112,0.4191896269664169
euclidean,2,13,0.5128205128205128,0.5128205128205128,0.8846153846153846,0.18642265183564208,0.4242088532599505
pearson,2,13,0.5384615384615384,0.5384615384615384,0.8333333333333334,0.17746567814539113,0.44512327850730754
cosine,2,14,0.6410256410256411,0.6410256410256411,0.9358974358974359,0.17363158587549518,0.41740124665326006
euclidean,2,14,0.5256410256410257,0.5256410256410257,0.8846153846153846,0.19012254261100245,0.41929932396713954
pearson,2,14,0.5897435897435898,0.5897435897435898,0.8717948717948718,0.16611154956690974,0.4233386785700011
cosine,2,15,0.5384615384615384,0.5384615384615384,0.7948717948717948,0.21577579608877834,0.489271559128545
euclidean,2,15,0.5384615384615384,0.5384615384615384,0.7948717948717948,0.23099171853883993,0.49956862013650843
pearson,2,15,0.5128205128205128,0.5128205128205128,0.8205128205128205,0.22961984754597772,0.5301310053131084
cosine,2,16,0.5641025641025641,0.5641025641025641,0.8333333333333334,0.20477761100164685,0.4808082515179438
euclidean,2,16,0.5256410256410257,0.5256410256410257,0.8205128205128205,0.19783822122434738,0.4581879592535191
pearson,2,16,0.5769230769230769,0.5769230769230769,0.8461538461538461,0.20354031012258042,0.4947634474048421
cosine,2,17,0.5769230769230769,0.5769230769230769,0.8717948717948718,0.1641889675190482,0.32166654494649444
euclidean,2,17,0.5769230769230769,0.5769230769230769,0.8717948717948718,0.174225455776097,0.33529661293893426
pearson,2,17,0.5641025641025641,0.5641025641025641,0.8717948717948718,0.18850681236443334,0.37000640583178585
cosine,2,18,0.5641025641025641,0.5641025641025641,0.8717948717948718,0.14746095888063382,0.2582308330138564
euclidean,2,18,0.5512820512820513,0.5512820512820513,0.8076923076923077,0.16052139479044464,0.25571685389111987
pearson,2,18,0.5897435897435898,0.5897435897435898,0.9230769230769231,0.14996406380583494,0.2941664200124353
cosine,2,19,0.6153846153846154,0.6153846153846154,0.9230769230769231,0.18513649875180446,0.4253264742218228
euclidean,2,19,0.5769230769230769,0.5769230769230769,0.8974358974358975,0.18895520901008128,0.4166923475255129
pearson,2,19,0.6153846153846154,0.6153846153846154,0.9358974358974359,0.1826778798404974,0.44621043678292877
