distance,k,i,precision,recall,mrr,mae,rmse
cosine,3,0,0.5299145299145299,0.5299145299145299,0.9358974358974359,0.26947135909216985,0.5602652000578322
euclidean,3,0,0.44444444444444453,0.44444444444444453,0.8461538461538461,0.2536242049182863,0.5545917742545491
pearson,3,0,0.5726495726495727,0.5726495726495727,0.9615384615384616,0.25223239183796625,0.5680059499588828
cosine,3,1,0.4957264957264957,0.4957264957264957,0.9273504273504275,0.21475477628394696,0.5178285103530506
euclidean,3,1,0.4871794871794871,0.4871794871794871,0.8247863247863247,0.21695489181266703,0.5104291427158911
pearson,3,1,0.5384615384615383,0.5384615384615383,0.9444444444444445,0.21381790843951085,0.5251002462603404
cosine,3,2,0.5384615384615383,0.5384615384615383,0.9615384615384616,0.1880945236140976,0.3443277695995318
euclidean,3,2,0.4957264957264958,0.4957264957264958,0.8589743589743589,0.1872882115698939,0.3333282777322811
pearson,3,2,0.5726495726495727,0.5726495726495727,0.9401709401709402,0.20051585160031188,0.3782477041620887
cosine,3,3,0.5128205128205128,0.5128205128205128,0.9230769230769231,0.21297284952215687,0.5067031538300982
euclidean,3,3,0.47863247863247865,0.47863247863247865,0.8632478632478632,0.22480205758958152,0.5268150329760246
pearson,3,3,0.5128205128205128,0.5128205128205128,0.9743589743589743,0.2091972072230828,0.5155441993299076
cosine,3,4,0.5555555555555556,0.5555555555555556,0.9358974358974359,0.1997590534336121,0.5619754011837458
euclidean,3,4,0.4871794871794871,0.4871794871794871,0.8333333333333335,0.2036811943715813,0.5611288004344407
pearson,3,4,0.5299145299145299,0.5299145299145299,0.9358974358974359,0.21639458713177495,0.579474951745138
cosine,3,5,0.5128205128205128,0.5128205128205128,0.9444444444444445,0.1877064015722632,0.4324770474507274
euclidean,3,5,0.487179487179487,0.487179487179487,0.8589743589743589,0.1813894214387309,0.41360010517037377
pearson,3,5,0.5555555555555557,0.5555555555555557,0.9871794871794872,0.19073624928102975,0.4479653468100999
cosine,3,6,0.5299145299145298,0.5299145299145298,0.9316239316239315,0.186809694368337,0.5509580948223542
euclidean,3,6,0.47863247863247865,0.47863247863247865,0.8547008547008546,0.206621913889719,0.5541351247750524
pearson,3,6,0.5811965811965812,0.5811965811965812,0.9572649572649573,0.18383850724247802,0.5658335405456115
cosine,3,7,0.5213675213675213,0.5213675213675213,0.9102564102564102,0.16322543928141467,0.2880929472155009
euclidean,3,7,0.48717948717948717,0.48717948717948717,0.8333333333333335,0.1498850081823772,0.24648123900009763
pearson,3,7,0.5299145299145298,0.5299145299145298,0.9572649572649573,0.1786707767888232,0.32782748501428016
cosine,3,8,0.5299145299145299,0.5299145299145299,0.9316239316239315,0.18165578953443515,0.3610055889235125
euclidean,3,8,0.5128205128205128,0.5128205128205128,0.8461538461538461,0.18997464734578876,0.34889857984322586
pearson,3,8,0.5641025641025642,0.5641025641025642,0.9487179487179487,0.18157211918917257,0.39892864157763414
cosine,3,9,0.547008547008547,0.547008547008547,0.9316239316239315,0.1647068356263768,0.33389943857766163
euclidean,3,9,0.49572649572649563,0.49572649572649563,0.9145299145299146,0.1695438023545523,0.32040850580392
pearson,3,9,0.5299145299145298,0.5299145299145298,0.9316239316239316,0.1651388056894631,0.36021904165262575
cosine,3,10,0.5384615384615384,0.5384615384615384,0.9316239316239315,0.22740701579098965,0.619924163041376
euclidean,3,10,0.5213675213675213,0.5213675213675213,0.8675213675213675,0.2195673326715182,0.6175554392862992
pearson,3,10,0.547008547008547,0.547008547008547,0.9615384615384616,0.22330187831692722,0.6364736032341658
cosine,3,11,0.547008547008547,0.547008547008547,0.9444444444444445,0.1518188263782134,0.28608233347585793
euclidean,3,11,0.47008547008547014,0.47008547008547014,0.9017094017094018,0.15429913836410838,0.28076142096438494
pearson,3,11,0.5811965811965811,0.5811965811965811,1.0,0.14605622466320828,0.2904461570163882
cosine,3,12,0.5470085470085468,0.5470085470085468,0.9615384615384616,0.20409760308497815,0.5665664564903135
euclidean,3,12,0.4957264957264958,0.4957264957264958,0.9059829059829059,0.21113656301851744,0.5622734097559413
pearson,3,12,0.6239316239316239,0.6239316239316239,0.9743589743589743,0.18855226830966107,0.5671698128390197
cosine,3,13,0.564102564102564,0.564102564102564,0.9615384615384616,0.11763249686439751,0.2359176071557237
euclidean,3,13,0.4700854700854701,0.4700854700854701,0.8974358974358975,0.12724381142754615,0.21528656942363134
pearson,3,13,0.5299145299145298,0.5299145299145298,0.9487179487179487,0.1261567464180415,0.2568119225363975
cosine,3,14,0.5555555555555555,0.5555555555555555,0.9487179487179487,0.13047252324963735,0.24467734560022064
euclidean,3,14,0.47008547008547014,0.47008547008547014,0.9059829059829059,0.14317555955748346,0.24049759254934086
pearson,3,14,0.5897435897435898,0.5897435897435898,0.9615384615384616,0.13535951038440464,0.2702528336445809
cosine,3,15,0.5555555555555556,0.5555555555555556,0.8717948717948718,0.23131622881222758,0.6118271052732283
euclidean,3,15,0.487179487179487,0.487179487179487,0.8547008547008546,0.23568429979430178,0.6243442752030279
pearson,3,15,0.564102564102564,0.564102564102564,0.9358974358974359,0.22851211441327748,0.6239270338728573
cosine,3,16,0.5128205128205128,0.5128205128205128,0.8717948717948718,0.16732538042406228,0.3129862115921499
euclidean,3,16,0.5042735042735043,0.5042735042735043,0.8290598290598289,0.15892910566378302,0.2895118795853023
pearson,3,16,0.5897435897435896,0.5897435897435896,0.9358974358974359,0.189342496876017,0.3658860657450375
cosine,3,17,0.5299145299145298,0.5299145299145298,0.9487179487179487,0.1621377640539552,0.2898892238079754
euclidean,3,17,0.5042735042735043,0.5042735042735043,0.876068376068376,0.17356519028814718,0.2778052613665407
pearson,3,17,0.5213675213675213,0.5213675213675213,0.9358974358974359,0.17135218298113766,0.3122267511318496
cosine,3,18,0.45299145299145294,0.45299145299145294,0.8675213675213674,0.1860501199408386,0.344904857323546
euclidean,3,18,0.4444444444444446,0.4444444444444446,0.8418803418803419,0.17886299843510256,0.32432168733720496
pearson,3,18,0.5299145299145298,0.5299145299145298,0.9059829059829061,0.19034675413263336,0.36165433883609566
cosine,3,19,0.5213675213675213,0.5213675213675213,0.9572649572649572,0.15102987112907915,0.299505487958228
euclidean,3,19,0.4957264957264957,0.4957264957264957,0.8803418803418802,0.18879139682203286,0.33825988770674487
pearson,3,19,0.5470085470085471,0.5470085470085471,0.9572649572649572,0.1678615871469012,0.3591137984671281
