distance,k,i,precision,recall,mrr,mae,rmse
cosine,5,0,0.5128205128205128,0.5128205128205128,0.9615384615384616,0.2137399569660318,0.45635107538804276
euclidean,5,0,0.5333333333333332,0.5333333333333332,0.9252136752136753,0.19652512928609805,0.42978763351033944
pearson,5,0,0.5743589743589742,0.5743589743589742,0.9743589743589743,0.204200932358181,0.4585027088542407
cosine,5,1,0.5076923076923078,0.5076923076923078,0.9615384615384616,0.2067648400476968,0.575978275759707
euclidean,5,1,0.5384615384615385,0.5384615384615385,0.9230769230769231,0.20525382180171778,0.5838689443669889
pearson,5,1,0.5794871794871798,0.5794871794871798,0.9871794871794872,0.1991178645258461,0.5743978086999909
cosine,5,2,0.5230769230769231,0.5230769230769231,0.9230769230769231,0.24277558400421959,0.6549763984198057
euclidean,5,2,0.45128205128205123,0.45128205128205123,0.8354700854700855,0.25602960535932384,0.6576088981035219
pearson,5,2,0.5538461538461538,0.5538461538461538,0.9743589743589743,0.23349267431893947,0.6658086992713695
cosine,5,3,0.45641025641025645,0.45641025641025645,0.9487179487179487,0.1581341493406419,0.3017131246307174
euclidean,5,3,0.46153846153846145,0.46153846153846145,0.9059829059829059,0.16642547282890066,0.30754804592703244
pearson,5,3,0.5128205128205128,0.5128205128205128,0.9871794871794872,0.17488892777515064,0.3421804039667993
cosine,5,4,0.5025641025641026,0.5025641025641026,0.9743589743589743,0.2672496510589747,0.6466811387464759
euclidean,5,4,0.5179487179487179,0.5179487179487179,0.9102564102564102,0.2574168621996175,0.6270912123816048
pearson,5,4,0.5538461538461539,0.5538461538461539,0.9871794871794872,0.2366027906362874,0.6308873036069019
cosine,5,5,0.4461538461538461,0.4461538461538461,1.0,0.17803198265674097,0.3962923109197106
euclidean,5,5,0.441025641025641,0.441025641025641,0.9273504273504275,0.1899714697498882,0.3984517099702931
pearson,5,5,0.5076923076923076,0.5076923076923076,1.0,0.17572934651821684,0.3938315909726225
cosine,5,6,0.482051282051282,0.482051282051282,0.9666666666666668,0.23026919516508895,0.641345333642009
euclidean,5,6,0.46153846153846145,0.46153846153846145,0.8982905982905982,0.24708119788326657,0.6562556936960651
pearson,5,6,0.4923076923076922,0.4923076923076922,0.9401709401709402,0.24162467402723928,0.6601776917064529
cosine,5,7,0.46666666666666656,0.46666666666666656,0.9615384615384616,0.19357947756526572,0.38929208549338096
euclidean,5,7,0.46153846153846145,0.46153846153846145,0.9017094017094016,0.18760477347146756,0.3532209597371025
pearson,5,7,0.5333333333333332,0.5333333333333332,0.97008547008547,0.1838428409152427,0.3637965593649945
cosine,5,8,0.4871794871794871,0.4871794871794871,0.9444444444444443,0.24130876791208128,0.4981444892691413
euclidean,5,8,0.441025641025641,0.441025641025641,0.9059829059829059,0.24038747885723324,0.4928212459555359
pearson,5,8,0.523076923076923,0.523076923076923,0.967948717948718,0.20216609790194834,0.5208465382588225
cosine,5,9,0.45128205128205123,0.45128205128205123,0.8974358974358975,0.20566713073818801,0.5560492567533618
euclidean,5,9,0.446153846153846,0.446153846153846,0.893162393162393,0.21453164159133525,0.553196000995119
pearson,5,9,0.523076923076923,0.523076923076923,0.9487179487179487,0.19408694937528226,0.5554144887221807
cosine,5,10,0.5076923076923078,0.5076923076923078,0.967948717948718,0.22269257950492985,0.6333600044381941
euclidean,5,10,0.5025641025641026,0.5025641025641026,0.9166666666666666,0.24195147435121728,0.6411268794809383
pearson,5,10,0.5025641025641026,0.5025641025641026,1.0,0.2192867426294133,0.6380169445026524
cosine,5,11,0.4666666666666667,0.4666666666666667,0.9188034188034186,0.18468583421603996,0.3199291642594198
euclidean,5,11,0.47179487179487184,0.47179487179487184,0.8833333333333334,0.18617116244565815,0.3069406174528045
pearson,5,11,0.48717948717948717,0.48717948717948717,0.9358974358974359,0.1894564631802245,0.3413636864232582
cosine,5,12,0.48205128205128206,0.48205128205128206,0.9794871794871796,0.30524407831434835,0.576366153548379
euclidean,5,12,0.5179487179487179,0.5179487179487179,0.9423076923076923,0.2978494562227717,0.5733172973430606
pearson,5,12,0.5282051282051283,0.5282051282051283,0.9743589743589743,0.21519620295652864,0.5403772486426667
cosine,5,13,0.5025641025641024,0.5025641025641024,0.9743589743589743,0.17257221091187985,0.3208817277028306
euclidean,5,13,0.45128205128205123,0.45128205128205123,0.9743589743589743,0.16272812539386947,0.29976670669849526
pearson,5,13,0.5282051282051281,0.5282051282051281,0.9743589743589743,0.16857869315473548,0.3439667258886791
cosine,5,14,0.5076923076923077,0.5076923076923077,0.9025641025641027,0.1745970484528909,0.3317371998731968
euclidean,5,14,0.4769230769230769,0.4769230769230769,0.9230769230769231,0.15628863512663616,0.28854638542913996
pearson,5,14,0.5384615384615384,0.5384615384615384,0.9487179487179487,0.1837897326458915,0.34823207026423014
cosine,5,15,0.47692307692307695,0.47692307692307695,0.9743589743589743,0.23861396719680472,0.5270401672665607
euclidean,5,15,0.47179487179487195,0.47179487179487195,0.8717948717948718,0.22533478927459397,0.5112381077338207
pearson,5,15,0.41538461538461535,0.41538461538461535,0.9743589743589743,0.22129333188821834,0.5210932986088663
cosine,5,16,0.48717948717948717,0.48717948717948717,0.9316239316239316,0.2228178287283996,0.4242517443693017
euclidean,5,16,0.4769230769230768,0.4769230769230768,0.8867521367521366,0.20915771842236017,0.3576637296892094
pearson,5,16,0.5128205128205128,0.5128205128205128,0.9871794871794872,0.21236100549846956,0.44214768529659104
cosine,5,17,0.5076923076923076,0.5076923076923076,0.9367521367521368,0.17226676685877923,0.3279480006051168
euclidean,5,17,0.5076923076923077,0.5076923076923077,0.9316239316239315,0.16338653520671909,0.3011084559205173
pearson,5,17,0.5435897435897435,0.5435897435897435,0.9743589743589743,0.17782015104457555,0.3538428497589508
cosine,5,18,0.487179487179487,0.487179487179487,0.9871794871794872,0.1855108404266893,0.5488722995213932
euclidean,5,18,0.47179487179487184,0.47179487179487184,0.9743589743589743,0.191047648401727,0.5454372622661766
pearson,5,18,0.4615384615384616,0.4615384615384616,0.9794871794871796,0.17725915524392802,0.5539428536777065
cosine,5,19,0.5128205128205129,0.5128205128205129,0.9700854700854702,0.2135169239553186,0.6097181744159287
euclidean,5,19,0.4871794871794871,0.4871794871794871,0.9358974358974361,0.2208672492909132,0.6030163157991565
pearson,5,19,0.558974358974359,0.558974358974359,0.9700854700854702,0.1943090826712552,0.6149477958964411
