distance,k,i,precision,recall,mrr,mae,rmse
cosine,3,0,0.5641025641025641,0.5641025641025641,0.9444444444444443,0.11771785769566138,0.2193761780436526
euclidean,3,0,0.5299145299145299,0.5299145299145299,0.8376068376068375,0.15170471650579354,0.2549676710462527
pearson,3,0,0.5811965811965812,0.5811965811965812,1.0,0.09084502699926762,0.21656611844586546
cosine,3,1,0.5811965811965811,0.5811965811965811,0.8888888888888888,0.10449528111424625,0.20412030826836158
euclidean,3,1,0.5299145299145298,0.5299145299145298,0.8675213675213674,0.11665307350971094,0.21070893466301185
pearson,3,1,0.6068376068376069,0.6068376068376069,0.9871794871794872,0.08745921688468473,0.20242188774956607
cosine,3,2,0.5641025641025643,0.5641025641025643,0.9145299145299145,0.12770406296488235,0.23175093294378266
euclidean,3,2,0.5384615384615385,0.5384615384615385,0.8504273504273504,0.13041347697333364,0.22892620062205832
pearson,3,2,0.5897435897435898,0.5897435897435898,0.9743589743589743,0.11044698598872399,0.24823454548498622
cosine,3,3,0.5384615384615383,0.5384615384615383,1.0,0.09999423278681133,0.1651150831185033
euclidean,3,3,0.45299145299145305,0.45299145299145305,0.9529914529914532,0.11511475264930826,0.176485462730823
pearson,3,3,0.5897435897435896,0.5897435897435896,1.0,0.09368452628059361,0.187067404217042
cosine,3,4,0.5128205128205128,0.5128205128205128,0.9444444444444443,0.11189497962777731,0.1878263767471499
euclidean,3,4,0.5042735042735041,0.5042735042735041,0.8974358974358975,0.13174574087241617,0.19853006578432036
pearson,3,4,0.5555555555555556,0.5555555555555556,0.9743589743589743,0.0863128117689402,0.1937324486877992
cosine,3,5,0.5641025641025641,0.5641025641025641,0.9487179487179487,0.10615526121002263,0.18655114609309778
euclidean,3,5,0.4700854700854701,0.4700854700854701,0.8461538461538461,0.1359033749354629,0.22304141921468149
pearson,3,5,0.5982905982905984,0.5982905982905984,1.0,0.08681989592422515,0.1871825349267621
cosine,3,6,0.5299145299145298,0.5299145299145298,0.9059829059829061,0.11091509518966447,0.2036705990477751
euclidean,3,6,0.4871794871794871,0.4871794871794871,0.8632478632478632,0.1265934062430543,0.21100930564859707
pearson,3,6,0.5897435897435898,0.5897435897435898,0.9444444444444443,0.0904037404778649,0.19265967928864136
cosine,3,8,0.5555555555555556,0.5555555555555556,0.9059829059829061,0.14116462490515772,0.26723878784469113
euclidean,3,8,0.5384615384615383,0.5384615384615383,0.8547008547008546,0.1475856950354507,0.26421478641658996
pearson,3,8,0.564102564102564,0.564102564102564,0.9615384615384616,0.12321875225388183,0.2681901129507686
cosine,3,9,0.5384615384615383,0.5384615384615383,1.0,0.11474661287478928,0.18810474436540425
euclidean,3,9,0.4273504273504273,0.4273504273504273,0.9358974358974359,0.12459701918390576,0.18913533729322285
pearson,3,9,0.5897435897435898,0.5897435897435898,1.0,0.08242196244953107,0.183721130018151
cosine,3,10,0.5470085470085468,0.5470085470085468,0.9059829059829061,0.11558419762433515,0.20720807013973846
euclidean,3,10,0.5384615384615383,0.5384615384615383,0.8760683760683762,0.12958743899779684,0.21465646680302944
pearson,3,10,0.5897435897435898,0.5897435897435898,0.9743589743589743,0.09500317420314974,0.22385492098765705
cosine,3,11,0.5811965811965812,0.5811965811965812,0.9401709401709403,0.11014697842861308,0.21757688868224617
euclidean,3,11,0.5811965811965814,0.5811965811965814,0.8846153846153846,0.12480158971674646,0.2275632011658668
pearson,3,11,0.5982905982905983,0.5982905982905983,0.9444444444444445,0.10421043486993858,0.23883976147996377
cosine,3,13,0.5299145299145298,0.5299145299145298,0.9529914529914529,0.10790083961957678,0.18778360456815185
euclidean,3,13,0.487179487179487,0.487179487179487,0.9017094017094016,0.1194456660412449,0.18901241671983424
pearson,3,13,0.5470085470085468,0.5470085470085468,0.9572649572649573,0.08621217773309779,0.18878696274230164
cosine,3,14,0.5555555555555555,0.5555555555555555,0.9401709401709402,0.1097243793820383,0.19826800649716111
euclidean,3,14,0.5213675213675213,0.5213675213675213,0.8162393162393162,0.13742699824714244,0.21938989990179564
pearson,3,14,0.5811965811965812,0.5811965811965812,0.9615384615384616,0.09795215477261335,0.2111979454291781
cosine,3,17,0.5299145299145299,0.5299145299145299,0.9145299145299146,0.11145130204616287,0.20471638810638274
euclidean,3,17,0.5128205128205128,0.5128205128205128,0.8247863247863249,0.13791524627750296,0.22732192310819022
pearson,3,17,0.5641025641025641,0.5641025641025641,0.9188034188034186,0.0938519503679266,0.21700234483508055
cosine,3,18,0.5811965811965812,0.5811965811965812,0.9444444444444445,0.10918017816683562,0.20485274051499752
euclidean,3,18,0.4871794871794871,0.4871794871794871,0.8931623931623932,0.11543522603782311,0.203662454393511
pearson,3,18,0.6068376068376069,0.6068376068376069,0.9871794871794872,0.091900049406735,0.21950903160640844
cosine,3,19,0.5470085470085471,0.5470085470085471,0.876068376068376,0.12152526329917206,0.2288886110053656
euclidean,3,19,0.5042735042735044,0.5042735042735044,0.8376068376068375,0.1342381897374964,0.2305048487281147
pearson,3,19,0.5470085470085471,0.5470085470085471,0.9871794871794872,0.11112665935993132,0.24077620094538282
