distance,k,i,precision,recall,mrr,mae,rmse
cosine,3,0,0.5213675213675214,0.5213675213675214,0.9059829059829061,0.12169751925886015,0.24790207116396246
euclidean,3,0,0.5128205128205128,0.5128205128205128,0.8675213675213675,0.12821374642275574,0.24327308601944747
pearson,3,0,0.5641025641025642,0.5641025641025642,0.9743589743589743,0.12039606289572566,0.2693860932746403
cosine,3,1,0.5897435897435899,0.5897435897435899,0.9487179487179487,0.13062114703903543,0.21890653463434664
euclidean,3,1,0.5299145299145299,0.5299145299145299,0.8675213675213674,0.1436400419026658,0.22683740313481887
pearson,3,1,0.5641025641025642,0.5641025641025642,0.9829059829059827,0.0966477018413131,0.21460068268019122
cosine,3,2,0.5555555555555555,0.5555555555555555,0.97008547008547,0.10350376155318043,0.19042823038389187
euclidean,3,2,0.5042735042735043,0.5042735042735043,0.9017094017094016,0.12850934222561008,0.2077320495202755
pearson,3,2,0.5726495726495726,0.5726495726495726,0.9871794871794872,0.09102125336980356,0.2063190161746822
cosine,3,3,0.5555555555555555,0.5555555555555555,0.9316239316239315,0.10928318781609689,0.19823587733632428
euclidean,3,3,0.5299145299145298,0.5299145299145298,0.8803418803418804,0.13434064190289138,0.2185071123153817
pearson,3,3,0.5897435897435898,0.5897435897435898,0.9871794871794872,0.09590243005979562,0.2111120231094554
cosine,3,4,0.5811965811965812,0.5811965811965812,0.9358974358974359,0.10381795072937948,0.20450022750416036
euclidean,3,4,0.5042735042735043,0.5042735042735043,0.8974358974358975,0.12735135495989053,0.21330114137351888
pearson,3,4,0.5555555555555555,0.5555555555555555,0.9743589743589743,0.08870028994440182,0.19420009502378902
cosine,3,5,0.5726495726495726,0.5726495726495726,0.9145299145299146,0.12466901096027554,0.2236987716867743
euclidean,3,5,0.4871794871794871,0.4871794871794871,0.8461538461538461,0.14862232851328766,0.23772042806404398
pearson,3,5,0.5982905982905983,0.5982905982905983,0.9401709401709402,0.09797290251075255,0.22534081770344988
cosine,3,6,0.5811965811965814,0.5811965811965814,0.876068376068376,0.12124210725881049,0.24160075065726178
euclidean,3,6,0.5384615384615385,0.5384615384615385,0.8504273504273504,0.13099626221858063,0.24220713800237814
pearson,3,6,0.5811965811965814,0.5811965811965814,0.9572649572649573,0.10340146338844648,0.24982579388551995
cosine,3,7,0.5555555555555555,0.5555555555555555,0.9487179487179487,0.11845844184640662,0.23145558410211206
euclidean,3,7,0.5641025641025642,0.5641025641025642,0.9316239316239316,0.1292852228191367,0.22479441492830357
pearson,3,7,0.5470085470085468,0.5470085470085468,0.9658119658119659,0.1140434538850032,0.25418398920530555
cosine,3,8,0.5641025641025641,0.5641025641025641,0.9230769230769231,0.11514187133103725,0.212942011602638
euclidean,3,8,0.5042735042735043,0.5042735042735043,0.8717948717948718,0.13277618848815775,0.21989792134298228
pearson,3,8,0.5982905982905984,0.5982905982905984,0.9871794871794872,0.10580775984212754,0.22673342465976698
cosine,3,9,0.564102564102564,0.564102564102564,1.0,0.09717248003151897,0.17460884078198227
euclidean,3,9,0.5299145299145298,0.5299145299145298,0.9358974358974359,0.11185289087248745,0.18074533716388355
pearson,3,9,0.5726495726495725,0.5726495726495725,1.0,0.08135585505632999,0.1692405396621446
cosine,3,10,0.5470085470085471,0.5470085470085471,0.97008547008547,0.1157561136041039,0.20226402854386735
euclidean,3,10,0.5384615384615384,0.5384615384615384,0.9188034188034186,0.12763928097668417,0.20522952599573538
pearson,3,10,0.5897435897435898,0.5897435897435898,0.9871794871794872,0.10416766497368868,0.2301322691545591
cosine,3,11,0.547008547008547,0.547008547008547,0.9871794871794872,0.1178336171246935,0.1975400350630765
euclidean,3,11,0.48717948717948717,0.48717948717948717,0.9059829059829059,0.1347492732492799,0.2186225622376755
pearson,3,11,0.5555555555555556,0.5555555555555556,1.0,0.08547651281134652,0.1737057513930786
cosine,3,12,0.5726495726495728,0.5726495726495728,0.9358974358974359,0.11543275708584358,0.2305421170220717
euclidean,3,12,0.5384615384615385,0.5384615384615385,0.893162393162393,0.13023157085940545,0.238142231701991
pearson,3,12,0.5811965811965814,0.5811965811965814,0.9700854700854702,0.10895050579582771,0.2481181557182221
cosine,3,13,0.5555555555555555,0.5555555555555555,0.9230769230769231,0.11711191009677197,0.214786513880851
euclidean,3,13,0.5213675213675213,0.5213675213675213,0.8418803418803419,0.14634921556222874,0.23308887303342782
pearson,3,13,0.5811965811965811,0.5811965811965811,0.9743589743589743,0.10222424806476961,0.22370411763143688
cosine,3,14,0.547008547008547,0.547008547008547,0.9743589743589743,0.11799130888993609,0.2047526714737918
euclidean,3,14,0.5042735042735043,0.5042735042735043,0.8931623931623932,0.1283746089281755,0.19918166761868908
pearson,3,14,0.581196581196581,0.581196581196581,0.9615384615384616,0.09417299477800377,0.2139493557055738
cosine,3,15,0.547008547008547,0.547008547008547,0.9743589743589743,0.11220354380438448,0.20346603583989922
euclidean,3,15,0.5128205128205127,0.5128205128205127,0.8547008547008546,0.12178398965212736,0.20148392023329217
pearson,3,15,0.5726495726495725,0.5726495726495725,1.0,0.09441232374356606,0.20291386695050664
cosine,3,16,0.5299145299145298,0.5299145299145298,0.9572649572649573,0.10393894625070081,0.19856275694388234
euclidean,3,16,0.4786324786324786,0.4786324786324786,0.9059829059829061,0.11843511987607139,0.19536647742297247
pearson,3,16,0.5726495726495726,0.5726495726495726,0.9743589743589743,0.0883888005747128,0.20248804478162863
cosine,3,17,0.5042735042735041,0.5042735042735041,0.9615384615384616,0.10479512349377589,0.1878197278936991
euclidean,3,17,0.45299145299145294,0.45299145299145294,0.8675213675213675,0.13257841455069486,0.2070491207684086
pearson,3,17,0.547008547008547,0.547008547008547,1.0,0.0751563276842446,0.16292107609914647
cosine,3,18,0.5042735042735043,0.5042735042735043,0.8931623931623932,0.1227103567933619,0.2228808616429239
euclidean,3,18,0.4700854700854701,0.4700854700854701,0.8247863247863247,0.14082847354314726,0.2284101437503349
pearson,3,18,0.6153846153846154,0.6153846153846154,0.9487179487179487,0.10666753073406962,0.22417866600542197
cosine,3,19,0.5213675213675214,0.5213675213675214,0.9444444444444443,0.10448819985306733,0.20227734660427413
euclidean,3,19,0.4786324786324786,0.4786324786324786,0.9401709401709402,0.12309227554553433,0.2097116989430222
pearson,3,19,0.5897435897435898,0.5897435897435898,0.9743589743589743,0.0953642836774903,0.22186907850355958
