distance,k,i,precision,recall,mrr,mae,rmse
cosine,3,0,0.5213675213675213,0.5213675213675213,0.9358974358974359,0.184056804029904,0.3724432274599357
euclidean,3,0,0.5299145299145299,0.5299145299145299,0.8205128205128204,0.20224995423355407,0.38659040202248
pearson,3,0,0.5726495726495726,0.5726495726495726,0.9743589743589743,0.17604520247853642,0.3882283836372083
cosine,3,1,0.5384615384615385,0.5384615384615385,0.9572649572649573,0.2013897800984742,0.4440388790355593
euclidean,3,1,0.49572649572649563,0.49572649572649563,0.9017094017094016,0.2015745129003556,0.4490346519868545
pearson,3,1,0.547008547008547,0.547008547008547,0.9487179487179487,0.20148508040902682,0.45951246382184996
cosine,3,2,0.5128205128205128,0.5128205128205128,0.8632478632478634,0.1950591357802375,0.35147323201094377
euclidean,3,2,0.4871794871794871,0.4871794871794871,0.8717948717948718,0.17122612709698998,0.30368192511246433
pearson,3,2,0.5384615384615383,0.5384615384615383,0.9102564102564102,0.20369615303353586,0.3727517072418245
cosine,3,3,0.5299145299145299,0.5299145299145299,0.9316239316239315,0.17896119130315724,0.3264181282364402
euclidean,3,3,0.4957264957264957,0.4957264957264957,0.8675213675213675,0.19029690206785,0.33087166194541573
pearson,3,3,0.5897435897435898,0.5897435897435898,0.9743589743589743,0.15258315005682802,0.3102410097256993
cosine,3,4,0.5213675213675213,0.5213675213675213,0.9188034188034186,0.17995026940669578,0.33570232122843074
euclidean,3,4,0.5042735042735044,0.5042735042735044,0.8846153846153846,0.177119279127791,0.3203508335204455
pearson,3,4,0.5555555555555554,0.5555555555555554,0.9700854700854702,0.18379794654315887,0.3610430460535228
cosine,3,5,0.5384615384615383,0.5384615384615383,0.9871794871794872,0.18191806103488403,0.3358143762127265
euclidean,3,5,0.49572649572649563,0.49572649572649563,0.9358974358974359,0.18397711592400384,0.3209378847375164
pearson,3,5,0.5299145299145298,0.5299145299145298,0.97008547008547,0.17529447246765936,0.35197835296898317
cosine,3,6,0.5470085470085468,0.5470085470085468,0.9188034188034189,0.23798512347407838,0.4958175078714343
euclidean,3,6,0.49572649572649563,0.49572649572649563,0.8589743589743589,0.23497730902114614,0.45816699627119456
pearson,3,6,0.5726495726495726,0.5726495726495726,0.9871794871794872,0.19258214433311865,0.45184836996883043
cosine,3,7,0.48717948717948717,0.48717948717948717,0.8333333333333334,0.2556703661691351,0.5031914387409824
euclidean,3,7,0.46153846153846156,0.46153846153846156,0.811965811965812,0.25526016039803157,0.4963995802663063
pearson,3,7,0.5982905982905984,0.5982905982905984,0.9615384615384616,0.24541839400389717,0.5017346776064427
cosine,3,8,0.5213675213675213,0.5213675213675213,0.9145299145299145,0.23415571526318024,0.48238605423108194
euclidean,3,8,0.5213675213675213,0.5213675213675213,0.8846153846153846,0.20190305830452163,0.4214482713378768
pearson,3,8,0.46153846153846156,0.46153846153846156,0.876068376068376,0.23192097812282272,0.4950263041399158
cosine,3,9,0.5128205128205128,0.5128205128205128,0.9487179487179487,0.19442516362585086,0.5881120467739637
euclidean,3,9,0.5384615384615385,0.5384615384615385,0.9188034188034189,0.2080399540319372,0.5966863757612614
pearson,3,9,0.547008547008547,0.547008547008547,0.9444444444444443,0.20045244200033271,0.6022143857797535
cosine,3,10,0.5299145299145298,0.5299145299145298,0.9316239316239315,0.19633341629417866,0.5968634595878078
euclidean,3,10,0.46153846153846145,0.46153846153846145,0.8504273504273504,0.22132204253527907,0.5988952103214007
pearson,3,10,0.5897435897435896,0.5897435897435896,0.9871794871794872,0.18239101193933657,0.5922613804978717
cosine,3,11,0.4273504273504273,0.4273504273504273,0.9230769230769231,0.18842336804616222,0.36738336904544633
euclidean,3,11,0.47008547008547014,0.47008547008547014,0.876068376068376,0.18455797102424987,0.35391156232838183
pearson,3,11,0.5555555555555556,0.5555555555555556,0.9358974358974359,0.1934991885363511,0.40146981108350543
cosine,3,12,0.5470085470085468,0.5470085470085468,0.9358974358974359,0.1895788853142398,0.5822810772293575
euclidean,3,12,0.4700854700854701,0.4700854700854701,0.8675213675213674,0.21382788829316376,0.5924014776925643
pearson,3,12,0.5726495726495725,0.5726495726495725,0.9829059829059827,0.18858376836288615,0.5895524026201933
cosine,3,13,0.564102564102564,0.564102564102564,0.9743589743589743,0.1273272559821972,0.232714124018065
euclidean,3,13,0.5128205128205128,0.5128205128205128,0.9273504273504273,0.1376549724930974,0.23797707251698635
pearson,3,13,0.5726495726495726,0.5726495726495726,0.9615384615384616,0.12739784691367212,0.25367931159685525
cosine,3,14,0.5299145299145299,0.5299145299145299,0.9230769230769231,0.23352586900379244,0.6506770786368317
euclidean,3,14,0.4786324786324785,0.4786324786324785,0.8632478632478632,0.253820623741437,0.661372507095294
pearson,3,14,0.5641025641025641,0.5641025641025641,0.9487179487179487,0.22186400744824267,0.6550725278765356
cosine,3,15,0.5042735042735043,0.5042735042735043,0.9316239316239316,0.2181912759638349,0.6144660491272164
euclidean,3,15,0.5555555555555556,0.5555555555555556,0.9358974358974359,0.23736990010059122,0.6169696060098102
pearson,3,15,0.4957264957264958,0.4957264957264958,0.8675213675213674,0.21966309071313292,0.6296151078106771
cosine,3,16,0.5384615384615383,0.5384615384615383,0.8931623931623932,0.2013816263746522,0.5907524972962298
euclidean,3,16,0.44444444444444453,0.44444444444444453,0.8547008547008548,0.22174976384936138,0.6032033445895525
pearson,3,16,0.5897435897435895,0.5897435897435895,0.9615384615384616,0.19433703253104279,0.5883413452087863
cosine,3,17,0.5299145299145299,0.5299145299145299,0.9102564102564102,0.1697388612376174,0.31982890079630294
euclidean,3,17,0.45299145299145305,0.45299145299145305,0.8290598290598289,0.17821970935895412,0.3099105304191379
pearson,3,17,0.5555555555555556,0.5555555555555556,1.0,0.1615115428704195,0.30949613158124223
cosine,3,18,0.5726495726495725,0.5726495726495725,0.8846153846153846,0.19009952950169626,0.4545080616453965
euclidean,3,18,0.5641025641025641,0.5641025641025641,0.8675213675213675,0.19948656186199262,0.4590075283730678
pearson,3,18,0.5726495726495726,0.5726495726495726,0.9572649572649573,0.19269672248665584,0.47321750031897103
cosine,3,19,0.5213675213675213,0.5213675213675213,0.9615384615384616,0.20071096090686824,0.5730526486374916
euclidean,3,19,0.5213675213675213,0.5213675213675213,0.9487179487179487,0.19272123411728456,0.5768796752632532
pearson,3,19,0.5641025641025641,0.5641025641025641,0.9615384615384616,0.21376521573102444,0.5946096133524538
