distance,k,i,precision,recall,mrr,mae,rmse
cosine,1,0,0.6842105263157895,0.6842105263157895,0.6842105263157895,0.0948047104301214,0.16873124825800195
euclidean,1,0,0.7631578947368421,0.7631578947368421,0.7631578947368421,0.1034105013830679,0.16629809721907216
pearson,1,0,0.6842105263157895,0.6842105263157895,0.6842105263157895,0.08026527003013861,0.16784555230947434
cosine,1,1,0.8157894736842105,0.8157894736842105,0.8157894736842105,0.07694802410676148,0.14393254585357051
euclidean,1,1,0.8157894736842105,0.8157894736842105,0.8157894736842105,0.09300370760146374,0.15638477615244156
pearson,1,1,0.7368421052631579,0.7368421052631579,0.7368421052631579,0.07247825217800276,0.1577984646069901
cosine,1,2,0.7368421052631579,0.7368421052631579,0.7368421052631579,0.08341832596542574,0.1550905606577821
euclidean,1,2,0.8157894736842105,0.8157894736842105,0.8157894736842105,0.09833791741248181,0.16765722614257783
pearson,1,2,0.7105263157894737,0.7105263157894737,0.7105263157894737,0.07537256005523359,0.16222499406440372
cosine,1,3,0.5789473684210527,0.5789473684210527,0.5789473684210527,0.11376679970258255,0.20419974241015557
euclidean,1,3,0.631578947368421,0.631578947368421,0.631578947368421,0.12266571007856938,0.20321283142981084
pearson,1,3,0.5263157894736842,0.5263157894736842,0.5263157894736842,0.0976401550349947,0.21013227689065805
cosine,1,4,0.7894736842105263,0.7894736842105263,0.7894736842105263,0.08722381153030855,0.16900469053334258
euclidean,1,4,0.7894736842105263,0.7894736842105263,0.7894736842105263,0.10301687752488364,0.17160496494893906
pearson,1,4,0.7368421052631579,0.7368421052631579,0.7368421052631579,0.08270569069776884,0.1849799784107629
cosine,1,5,0.7105263157894737,0.7105263157894737,0.7105263157894737,0.08221266590210408,0.1566349010393772
euclidean,1,5,0.7105263157894737,0.7105263157894737,0.7105263157894737,0.09916784605410753,0.16781515554624216
pearson,1,5,0.7368421052631579,0.7368421052631579,0.7368421052631579,0.07064416205648133,0.16362002527139655
cosine,1,6,0.7894736842105263,0.7894736842105263,0.7894736842105263,0.08840769118336612,0.17011119428881877
euclidean,1,6,0.7894736842105263,0.7894736842105263,0.7894736842105263,0.1020840585176597,0.17155408013553763
pearson,1,6,0.7105263157894737,0.7105263157894737,0.7105263157894737,0.07444677697770619,0.1793916137485636
cosine,1,7,0.7368421052631579,0.7368421052631579,0.7368421052631579,0.0901788255625083,0.16040889015271229
euclidean,1,7,0.8421052631578947,0.8421052631578947,0.8421052631578947,0.0968845513374413,0.15923633237553877
pearson,1,7,0.6842105263157895,0.6842105263157895,0.6842105263157895,0.0836315550543822,0.18305383110667223
cosine,1,8,0.6842105263157895,0.6842105263157895,0.6842105263157895,0.09954047666894253,0.1829600668615166
euclidean,1,8,0.7368421052631579,0.7368421052631579,0.7368421052631579,0.10652535758420546,0.1854329257420083
pearson,1,8,0.6052631578947368,0.6052631578947368,0.6052631578947368,0.08208719063656135,0.18611807062714375
cosine,1,9,0.7578947368421053,0.6578947368421053,0.6578947368421053,0.09110146838347821,0.18308762595639227
euclidean,1,9,0.6578947368421053,0.6578947368421053,0.6578947368421053,0.10608453126705385,0.1922064963869257
pearson,1,9,0.5789473684210527,0.5789473684210527,0.5789473684210527,0.0875904591604419,0.19538423193333201
