distance,k,i,precision,recall,mrr,mae,rmse
cosine,2,0,0.6447368421052632,0.6447368421052632,0.9210526315789473,0.07480971888622263,0.1411316878597314
euclidean,2,0,0.6052631578947368,0.6052631578947368,0.9342105263157895,0.08759816104365134,0.14232663165422846
pearson,2,0,0.6447368421052632,0.6447368421052632,0.868421052631579,0.07179801716242375,0.15317937720710567
cosine,2,1,0.6710526315789473,0.6710526315789473,0.881578947368421,0.07504413982600482,0.1598189093364031
euclidean,2,1,0.618421052631579,0.618421052631579,0.9210526315789473,0.08185435478078598,0.16035606135996117
pearson,2,1,0.6578947368421053,0.6578947368421053,0.75,0.07965383998883985,0.19272819673639693
cosine,2,2,0.6447368421052632,0.6447368421052632,0.8421052631578947,0.0784120505448754,0.14656415738915432
euclidean,2,2,0.6052631578947368,0.6052631578947368,0.9210526315789473,0.08227402089887761,0.13752869502841955
pearson,2,2,0.631578947368421,0.631578947368421,0.7763157894736842,0.0744568861128566,0.16132780641660038
cosine,2,3,0.6710526315789473,0.6710526315789473,0.9078947368421053,0.08799819989119936,0.16474900725052719
euclidean,2,3,0.6052631578947368,0.6052631578947368,0.9736842105263158,0.0884368645003109,0.1472857032340146
pearson,2,3,0.6052631578947368,0.6052631578947368,0.8421052631578947,0.07398461484299408,0.16806922094204912
cosine,2,4,0.6710526315789473,0.6710526315789473,0.8157894736842105,0.0862321048439389,0.16377488961636924
euclidean,2,4,0.631578947368421,0.631578947368421,0.8421052631578947,0.10172899058827552,0.1697132267998474
pearson,2,4,0.6973684210526315,0.6973684210526315,0.8289473684210527,0.07054588157132156,0.15502105408101308
cosine,2,5,0.6052631578947368,0.6052631578947368,0.7763157894736842,0.1029170407945626,0.20815452285182826
euclidean,2,5,0.5789473684210527,0.5789473684210527,0.868421052631579,0.10499254445067281,0.19428987125296648
pearson,2,5,0.5657894736842105,0.5657894736842105,0.6973684210526315,0.1004697873876872,0.22060242366269384
cosine,2,6,0.6973684210526315,0.6973684210526315,0.9473684210526315,0.07441156626047679,0.1324997685601066
euclidean,2,6,0.5921052631578947,0.5921052631578947,0.9210526315789473,0.09343596977127168,0.15612382937439687
pearson,2,6,0.6973684210526315,0.6973684210526315,0.9078947368421053,0.06326585713373271,0.13764729248459914
cosine,2,7,0.618421052631579,0.618421052631579,0.8947368421052632,0.08626284470529821,0.16131868855198042
euclidean,2,7,0.5921052631578947,0.5921052631578947,0.9342105263157895,0.09586379736825806,0.15379788954192186
pearson,2,7,0.631578947368421,0.631578947368421,0.8552631578947368,0.07724609180708876,0.17067691926114908
cosine,2,8,0.631578947368421,0.631578947368421,0.7894736842105263,0.10036442703956626,0.19385725871145013
euclidean,2,8,0.6052631578947368,0.6052631578947368,0.8026315789473685,0.11505218272650851,0.1913878792421035
pearson,2,8,0.5789473684210527,0.5789473684210527,0.7105263157894737,0.10296411190601647,0.21090064567145242
cosine,2,9,0.5921052631578947,0.5921052631578947,0.8289473684210527,0.09724755082360892,0.18365087412364564
euclidean,2,9,0.5789473684210527,0.5789473684210527,0.8552631578947368,0.11110228100100873,0.1842903003847919
pearson,2,9,0.6447368421052632,0.6447368421052632,0.8026315789473685,0.07851672679811668,0.1791324891308807
