distance,k,i,precision,recall,mrr,mae,rmse
cosine,2,0,0.5833333333333334,0.5833333333333334,0.6944444444444444,0.08756741098109262,0.18831973461803195
euclidean,2,0,0.5416666666666666,0.5416666666666666,0.7777777777777778,0.09637148525081227,0.17795491567323748
pearson,2,0,0.5972222222222222,0.5972222222222222,0.7083333333333334,0.08649709781946016,0.20037385938790322
cosine,2,1,0.6388888888888888,0.6388888888888888,0.8888888888888888,0.09059265198699093,0.19037349135629336
euclidean,2,1,0.5555555555555556,0.5555555555555556,0.8333333333333334,0.09874436118665332,0.18576788987007972
pearson,2,1,0.5694444444444444,0.5694444444444444,0.8055555555555556,0.08438752588846093,0.20649484434235307
cosine,2,2,0.5694444444444444,0.5694444444444444,0.8333333333333334,0.0854609527491837,0.15144050657285793
euclidean,2,2,0.5555555555555556,0.5555555555555556,0.8611111111111112,0.09688140201331248,0.14596288846895758
pearson,2,2,0.5833333333333334,0.5833333333333334,0.8472222222222222,0.06951040745634082,0.1443542749673289
cosine,2,3,0.5833333333333334,0.5833333333333334,0.7777777777777778,0.09758879085888106,0.17818627478706517
euclidean,2,3,0.5138888888888888,0.5138888888888888,0.8055555555555556,0.10488759779035928,0.1682441535353328
pearson,2,3,0.6111111111111112,0.6111111111111112,0.7361111111111112,0.0831285604686234,0.17999350107340945
cosine,2,4,0.625,0.625,0.8888888888888888,0.09630109106656894,0.1812050802207952
euclidean,2,4,0.5277777777777778,0.5277777777777778,0.8472222222222222,0.11037775195563143,0.18727923762843351
pearson,2,4,0.6527777777777778,0.6527777777777778,0.8333333333333334,0.06793871388465515,0.16842086223177608
cosine,2,5,0.5833333333333334,0.5833333333333334,0.8333333333333334,0.09833512468464621,0.18147153166442728
euclidean,2,5,0.5416666666666666,0.5416666666666666,0.8333333333333334,0.1099502944110016,0.1845746178301048
pearson,2,5,0.6111111111111112,0.6111111111111112,0.7083333333333334,0.09336285589497954,0.21077198612141318
cosine,2,6,0.6111111111111112,0.6111111111111112,0.875,0.07797639449707248,0.14823947843828206
euclidean,2,6,0.5694444444444444,0.5694444444444444,0.8472222222222222,0.10340341619189293,0.16698815380212856
pearson,2,6,0.5972222222222222,0.5972222222222222,0.8888888888888888,0.06889853082253718,0.1469823739298738
cosine,2,7,0.6111111111111112,0.6111111111111112,0.7916666666666666,0.08028100485229223,0.16699968051589256
euclidean,2,7,0.5277777777777778,0.5277777777777778,0.7638888888888888,0.09743438262057282,0.1683873763395114
pearson,2,7,0.6111111111111112,0.6111111111111112,0.75,0.07281781848522109,0.18503428795318327
cosine,2,8,0.5555555555555556,0.5555555555555556,0.875,0.08850687437842299,0.1607866453686219
euclidean,2,8,0.5416666666666666,0.5416666666666666,0.8472222222222222,0.10238993161334373,0.16822112517454157
pearson,2,8,0.625,0.625,0.8611111111111112,0.06603051650852049,0.1691003334171269
cosine,2,9,0.5694444444444444,0.5694444444444444,0.7777777777777778,0.08713821959229406,0.18813185884465491
euclidean,2,9,0.5694444444444444,0.5694444444444444,0.8055555555555556,0.102355685497199,0.1959476924815086
pearson,2,9,0.625,0.625,0.7638888888888888,0.07238050287691049,0.1769915163609934
