distance,k,i,precision,recall,mrr,mae,rmse
cosine,1,0,0.7631578947368421,0.7631578947368421,0.7631578947368421,0.08527420559444257,0.1520945298082052
euclidean,1,0,0.7631578947368421,0.7631578947368421,0.7631578947368421,0.09855373598193176,0.15966610047603344
pearson,1,0,0.6578947368421053,0.6578947368421053,0.6578947368421053,0.07072657801558702,0.15929660773627324
cosine,1,1,0.7105263157894737,0.7105263157894737,0.7105263157894737,0.07958811672338956,0.16282812421478615
euclidean,1,1,0.7631578947368421,0.7631578947368421,0.7631578947368421,0.09360927413443759,0.1656803841242004
pearson,1,1,0.6578947368421053,0.6578947368421053,0.6578947368421053,0.074417783656313,0.1705945253386501
cosine,1,2,0.7368421052631579,0.7368421052631579,0.7368421052631579,0.07626705087584751,0.13911182665976823
euclidean,1,2,0.6842105263157895,0.6842105263157895,0.6842105263157895,0.09346187112590006,0.15201781492164418
pearson,1,2,0.7105263157894737,0.7105263157894737,0.7105263157894737,0.06668158008823932,0.13856913040344132
cosine,1,3,0.6578947368421053,0.6578947368421053,0.6578947368421053,0.10546898916947876,0.20654243661764077
euclidean,1,3,0.6578947368421053,0.6578947368421053,0.6578947368421053,0.11494540422132263,0.20706496857322865
pearson,1,3,0.5263157894736842,0.5263157894736842,0.5263157894736842,0.10188962298282196,0.22182559100073765
cosine,1,4,0.6789473684210527,0.5789473684210527,0.5789473684210527,0.10680399240529262,0.18851697798898198
euclidean,1,4,0.6789473684210527,0.5789473684210527,0.5789473684210527,0.12658929492347515,0.19478778114570985
pearson,1,4,0.6578947368421053,0.6578947368421053,0.6578947368421053,0.08205270716228685,0.17793964210847146
cosine,1,5,0.5526315789473685,0.5526315789473685,0.5526315789473685,0.10000563646226243,0.19127431430175956
euclidean,1,5,0.5263157894736842,0.5263157894736842,0.5263157894736842,0.11557263730136373,0.19258431416694816
pearson,1,5,0.5526315789473685,0.5526315789473685,0.5526315789473685,0.08449425494791449,0.198020746257786
cosine,1,6,0.7105263157894737,0.7105263157894737,0.7105263157894737,0.08161301881618403,0.14983213534480636
euclidean,1,6,0.6052631578947368,0.6052631578947368,0.6052631578947368,0.10426478200283137,0.17390403317810982
pearson,1,6,0.7105263157894737,0.7105263157894737,0.7105263157894737,0.06685867704672663,0.1467629599954368
cosine,1,7,0.6052631578947368,0.6052631578947368,0.6052631578947368,0.09522416746651213,0.1917178238277832
euclidean,1,7,0.631578947368421,0.631578947368421,0.631578947368421,0.11165623324357268,0.1995816938329498
pearson,1,7,0.5526315789473685,0.5526315789473685,0.5526315789473685,0.08563879919489668,0.19927954137196033
cosine,1,8,0.6578947368421053,0.6578947368421053,0.6578947368421053,0.0916027401813722,0.162586484781749
euclidean,1,8,0.6578947368421053,0.6578947368421053,0.6578947368421053,0.1089747386443981,0.1710589063629737
pearson,1,8,0.6052631578947368,0.6052631578947368,0.6052631578947368,0.08487174073697183,0.17907594772660498
cosine,1,9,0.5789473684210527,0.5789473684210527,0.5789473684210527,0.10246507374480437,0.19555774677726304
euclidean,1,9,0.5789473684210527,0.5789473684210527,0.5789473684210527,0.11735116446855816,0.19971651352147343
pearson,1,9,0.5526315789473685,0.5526315789473685,0.5526315789473685,0.09463912294855874,0.2129720958309986
