distance,k,i,precision,recall,mrr,mae,rmse
cosine,3,0,0.5701754385964912,0.5701754385964912,0.868421052631579,0.08913425323962287,0.17721141096154547
euclidean,3,0,0.5526315789473685,0.5526315789473685,0.881578947368421,0.09205867637162611,0.1682789092264573
pearson,3,0,0.6228070175438597,0.6228070175438597,0.8070175438596491,0.08214967300507495,0.1906794918278489
cosine,3,1,0.5789473684210527,0.5789473684210527,0.9166666666666667,0.06462685516684655,0.13836011958138297
euclidean,3,1,0.5175438596491228,0.5175438596491228,0.9605263157894737,0.08446695714252511,0.15374700952236586
pearson,3,1,0.5789473684210527,0.5789473684210527,0.9210526315789473,0.05404066171081922,0.1257547563925113
cosine,3,2,0.5701754385964913,0.5701754385964913,0.8289473684210527,0.07514577330886142,0.16072926245543667
euclidean,3,2,0.5701754385964912,0.5701754385964912,0.9298245614035087,0.08791680785083243,0.15576038293767366
pearson,3,2,0.5877192982456141,0.5877192982456141,0.8421052631578947,0.06349434093300607,0.15675691765640704
cosine,3,3,0.5789473684210527,0.5789473684210527,0.8026315789473685,0.1051458754044457,0.2025946369268915
euclidean,3,3,0.5438596491228069,0.5438596491228069,0.8508771929824562,0.11755671892949975,0.1979829315923108
pearson,3,3,0.6052631578947368,0.6052631578947368,0.7017543859649122,0.10072262784742353,0.2157143369198234
cosine,3,4,0.5964912280701755,0.5964912280701755,0.8026315789473685,0.08809343847219414,0.18714423026260973
euclidean,3,4,0.5877192982456141,0.5877192982456141,0.881578947368421,0.09157154911224329,0.17856534638054286
pearson,3,4,0.6052631578947368,0.6052631578947368,0.7412280701754386,0.08147084577987208,0.19736478722831455
cosine,3,5,0.5877192982456141,0.5877192982456141,0.8859649122807017,0.0721651373509811,0.15014295924705123
euclidean,3,5,0.5087719298245613,0.5087719298245613,0.9342105263157895,0.09426481254538885,0.1596990657875664
pearson,3,5,0.6140350877192983,0.6140350877192983,0.8289473684210527,0.06572579383255656,0.15839808075495151
cosine,3,6,0.587719298245614,0.587719298245614,0.8464912280701754,0.10213207675110528,0.18398067403276092
euclidean,3,6,0.5087719298245613,0.5087719298245613,0.9254385964912282,0.10828445916891051,0.17595688546772875
pearson,3,6,0.6140350877192983,0.6140350877192983,0.8070175438596491,0.09618630719581556,0.20107117010883954
cosine,3,7,0.5789473684210527,0.5789473684210527,0.8771929824561404,0.09672385322860655,0.1934640717376922
euclidean,3,7,0.5701754385964912,0.5701754385964912,0.9166666666666667,0.10675766893200671,0.18537387383733478
pearson,3,7,0.6052631578947368,0.6052631578947368,0.8157894736842105,0.08802730470340821,0.19553864339778992
cosine,3,8,0.5701754385964912,0.5701754385964912,0.8640350877192982,0.07821125976573354,0.16163319013394686
euclidean,3,8,0.5350877192982456,0.5350877192982456,0.9078947368421053,0.09939910410705217,0.18318908294175681
pearson,3,8,0.6228070175438597,0.6228070175438597,0.7763157894736842,0.0839883006235305,0.19367009320870693
cosine,3,9,0.5350877192982457,0.5350877192982457,0.9210526315789473,0.08637949974205607,0.16342215543249877
euclidean,3,9,0.5087719298245613,0.5087719298245613,0.9692982456140351,0.08068174269345449,0.138500426169862
pearson,3,9,0.5789473684210528,0.5789473684210528,0.8991228070175438,0.0700757955791007,0.1695520913663738
