distance,k,i,precision,recall,mrr,mae,rmse
cosine,1,0,0.6944444444444444,0.6944444444444444,0.6944444444444444,0.09793111156566095,0.1721612469912741
euclidean,1,0,0.6666666666666666,0.6666666666666666,0.6666666666666666,0.1159155624347735,0.18527298479740242
pearson,1,0,0.7222222222222222,0.7222222222222222,0.7222222222222222,0.0813701702876222,0.1818437739959013
cosine,1,1,0.8333333333333334,0.8333333333333334,0.8333333333333334,0.07800616239208014,0.1595454671430012
euclidean,1,1,0.6944444444444444,0.6944444444444444,0.6944444444444444,0.0967143172787903,0.17526489396816758
pearson,1,1,0.6666666666666666,0.6666666666666666,0.6666666666666666,0.07312541121193888,0.1814271539658964
cosine,1,2,0.5833333333333334,0.5833333333333334,0.5833333333333334,0.10585585484306825,0.1919390338628012
euclidean,1,2,0.6388888888888888,0.6388888888888888,0.6388888888888888,0.10999344413955298,0.1862649123267551
pearson,1,2,0.6666666666666666,0.6666666666666666,0.6666666666666666,0.07845104485795686,0.17269980707912183
cosine,1,3,0.6666666666666666,0.6666666666666666,0.6666666666666666,0.08384643886806804,0.15865980684913855
euclidean,1,3,0.6944444444444444,0.6944444444444444,0.6944444444444444,0.10080140468261783,0.16372073500004694
pearson,1,3,0.6944444444444444,0.6944444444444444,0.6944444444444444,0.07049785480163055,0.1647738457626885
cosine,1,4,0.7222222222222222,0.7222222222222222,0.7222222222222222,0.09167036673119354,0.16369985013350433
euclidean,1,4,0.7222222222222222,0.7222222222222222,0.7222222222222222,0.10191837283448994,0.15960438779371453
pearson,1,4,0.7222222222222222,0.7222222222222222,0.7222222222222222,0.06653715573345237,0.15042568115406332
cosine,1,5,0.6944444444444444,0.6944444444444444,0.6944444444444444,0.10493208189204721,0.18386574752255933
euclidean,1,5,0.7222222222222222,0.7222222222222222,0.7222222222222222,0.11760306060526357,0.18571056432527205
pearson,1,5,0.6388888888888888,0.6388888888888888,0.6388888888888888,0.08483506253350576,0.18574571161175588
cosine,1,6,0.6944444444444444,0.6944444444444444,0.6944444444444444,0.08721070483678389,0.15875476621090373
euclidean,1,6,0.6944444444444444,0.6944444444444444,0.6944444444444444,0.10515185931520647,0.16746732709194656
pearson,1,6,0.75,0.75,0.75,0.06574928696580565,0.15069116342459668
cosine,1,7,0.8055555555555556,0.8055555555555556,0.8055555555555556,0.09549738969994599,0.1729656389256744
euclidean,1,7,0.5555555555555556,0.5555555555555556,0.5555555555555556,0.11654074955510926,0.19722025143283692
pearson,1,7,0.75,0.75,0.75,0.07049230139731137,0.15978380624301144
cosine,1,8,0.75,0.75,0.75,0.0951545671621889,0.18107846811628925
euclidean,1,8,0.5833333333333334,0.5833333333333334,0.5833333333333334,0.10963412312810494,0.18966364102922867
pearson,1,8,0.6388888888888888,0.6388888888888888,0.6388888888888888,0.08033604076090778,0.1910423488716359
cosine,1,9,0.6833333333333334,0.5833333333333334,0.5833333333333334,0.08923343263891881,0.17769416930287463
euclidean,1,9,0.6388888888888888,0.6388888888888888,0.6388888888888888,0.10488401083386317,0.17920632320338314
pearson,1,9,0.5833333333333334,0.5833333333333334,0.5833333333333334,0.07975251867917181,0.18504756402211958
