distance,k,i,precision,recall,mrr,mae,rmse
cosine,3,0,0.5315315315315313,0.5315315315315313,0.9594594594594594,0.0520042500691111,0.10345750863548547
euclidean,3,0,0.5675675675675675,0.5675675675675675,0.9234234234234233,0.06596055680905816,0.11816771416492224
pearson,3,0,0.5315315315315313,0.5315315315315313,0.918918918918919,0.05641362040311835,0.11997926078733395
cosine,3,1,0.5675675675675675,0.5675675675675675,0.8333333333333333,0.09909176046147623,0.1869246461438636
euclidean,3,1,0.5225225225225225,0.5225225225225225,0.9054054054054054,0.11307750702489447,0.18773221667236473
pearson,3,1,0.5945945945945945,0.5945945945945945,0.7837837837837838,0.09210998077306953,0.20638482531440003
cosine,3,2,0.5585585585585585,0.5585585585585585,0.8198198198198198,0.08877148079027775,0.15319364642825756
euclidean,3,2,0.5135135135135134,0.5135135135135134,0.8603603603603605,0.10067389411134882,0.15952701227138677
pearson,3,2,0.5675675675675674,0.5675675675675674,0.8018018018018018,0.0844371568154486,0.16641998317730905
cosine,3,3,0.5675675675675677,0.5675675675675677,0.8603603603603605,0.09384902044516137,0.16137990466789937
euclidean,3,3,0.5675675675675675,0.5675675675675675,0.8963963963963963,0.1072847939069592,0.1705439367079515
pearson,3,3,0.5495495495495496,0.5495495495495496,0.7657657657657657,0.09561485964619838,0.1982657515042391
cosine,3,4,0.5675675675675677,0.5675675675675677,0.8108108108108109,0.09617393273202177,0.19473919507666715
euclidean,3,4,0.6036036036036035,0.6036036036036035,0.8603603603603603,0.11313486373818415,0.19282017711161822
pearson,3,4,0.6126126126126127,0.6126126126126127,0.7657657657657657,0.09721785232730927,0.2209782754434798
cosine,3,5,0.5945945945945947,0.5945945945945947,0.7657657657657658,0.09973522386392604,0.2038536969204352
euclidean,3,5,0.5675675675675675,0.5675675675675675,0.8198198198198198,0.10815046613292147,0.19701336915676587
pearson,3,5,0.6216216216216217,0.6216216216216217,0.7477477477477477,0.09233663850767806,0.21058329628345132
cosine,3,6,0.5495495495495495,0.5495495495495495,0.7972972972972973,0.10957075421209422,0.19473709650085538
euclidean,3,6,0.5135135135135134,0.5135135135135134,0.9144144144144145,0.10959148942718226,0.18359684235076498
pearson,3,6,0.5765765765765766,0.5765765765765766,0.8198198198198198,0.07726873497652975,0.1557269151956398
cosine,3,7,0.5135135135135136,0.5135135135135136,0.9144144144144145,0.07966190423781132,0.13339492252750393
euclidean,3,7,0.5045045045045045,0.5045045045045045,0.8963963963963963,0.10551445018852246,0.15666954116062948
pearson,3,7,0.5135135135135135,0.5135135135135135,0.9009009009009009,0.05981881169241318,0.12480485731578667
cosine,3,8,0.5585585585585586,0.5585585585585586,0.8873873873873874,0.08378480639310218,0.1628942091430744
euclidean,3,8,0.5135135135135134,0.5135135135135134,0.918918918918919,0.09360169186418198,0.16203757511068725
pearson,3,8,0.5585585585585587,0.5585585585585587,0.8333333333333334,0.08711734674211874,0.18835802432242144
cosine,3,9,0.6126126126126127,0.6126126126126127,0.8018018018018018,0.10189888714053419,0.19693934949883599
euclidean,3,9,0.5495495495495495,0.5495495495495495,0.8378378378378378,0.11991676430693944,0.20229288489322042
pearson,3,9,0.6486486486486488,0.6486486486486488,0.8198198198198198,0.08424778972175766,0.17867871383904096
