distance,k,i,precision,recall,mrr,mae,rmse
cosine,3,0,0.5185185185185185,0.5185185185185185,0.9398148148148147,0.08809091973360014,0.14465842014983535
euclidean,3,0,0.4444444444444444,0.4444444444444444,0.8796296296296295,0.10305738035306793,0.14870042876254513
pearson,3,0,0.48148148148148157,0.48148148148148157,0.8564814814814814,0.07281156137038834,0.16759819277698784
cosine,3,1,0.537037037037037,0.537037037037037,0.7916666666666666,0.09079562437889882,0.16871814005038033
euclidean,3,1,0.4722222222222223,0.4722222222222223,0.8333333333333333,0.1190710430150396,0.1894754094811872
pearson,3,1,0.5648148148148148,0.5648148148148148,0.7268518518518517,0.08334081123519096,0.18373786265541694
cosine,3,2,0.5,0.5,0.9027777777777778,0.08552422900595544,0.14690615497412
euclidean,3,2,0.48148148148148145,0.48148148148148145,0.9027777777777778,0.09641323668487015,0.15062198716166586
pearson,3,2,0.574074074074074,0.574074074074074,0.8287037037037037,0.08683707796845644,0.18900851557376866
cosine,3,3,0.5092592592592592,0.5092592592592592,0.787037037037037,0.09271750181646668,0.17200488678161058
euclidean,3,3,0.4351851851851852,0.4351851851851852,0.8333333333333334,0.09830057410294331,0.15869852488820183
pearson,3,3,0.5277777777777778,0.5277777777777778,0.7916666666666666,0.0705313650565372,0.14853718494232707
cosine,3,4,0.5277777777777778,0.5277777777777778,0.8472222222222222,0.09686049115209287,0.17578619134371126
euclidean,3,4,0.49074074074074076,0.49074074074074076,0.8472222222222222,0.10353758648561892,0.17577566959966978
pearson,3,4,0.5555555555555556,0.5555555555555556,0.7916666666666666,0.08679738330070978,0.19797691526881897
cosine,3,5,0.5925925925925927,0.5925925925925927,0.8472222222222222,0.09688834218814525,0.17015920067216894
euclidean,3,5,0.5555555555555556,0.5555555555555556,0.8564814814814814,0.11883112945471958,0.192422180264065
pearson,3,5,0.6111111111111112,0.6111111111111112,0.8101851851851852,0.07786534211762447,0.17563641267365857
cosine,3,6,0.5,0.5,0.7777777777777778,0.08677219891642689,0.17629426553040412
euclidean,3,6,0.4722222222222222,0.4722222222222222,0.8611111111111112,0.08866476085698209,0.16051117251371608
pearson,3,6,0.5092592592592592,0.5092592592592592,0.7592592592592592,0.07204082506484437,0.1725040216288855
cosine,3,7,0.5277777777777778,0.5277777777777778,0.7314814814814814,0.10675507133403528,0.1872670443503763
euclidean,3,7,0.4722222222222222,0.4722222222222222,0.8009259259259259,0.11195842023922022,0.1807603879110934
pearson,3,7,0.537037037037037,0.537037037037037,0.6944444444444444,0.0949875723689474,0.188643878032304
cosine,3,8,0.574074074074074,0.574074074074074,0.875,0.08974234028384585,0.16522046959108372
euclidean,3,8,0.5462962962962963,0.5462962962962963,0.898148148148148,0.1038252137147254,0.1731728296896502
pearson,3,8,0.5925925925925926,0.5925925925925926,0.7777777777777778,0.09886714569400167,0.21648411463211015
cosine,3,9,0.5092592592592593,0.5092592592592593,0.8796296296296295,0.08247813874918195,0.1561524564615391
euclidean,3,9,0.5,0.5,0.9212962962962964,0.086231207434224,0.14692707026001142
pearson,3,9,0.5833333333333334,0.5833333333333334,0.8518518518518519,0.0731363369179148,0.16407148774996339
