distance,k,i,precision,recall,mrr,mae,rmse
cosine,2,0,0.618421052631579,0.618421052631579,0.8552631578947368,0.0894858648688268,0.1533986989982947
euclidean,2,0,0.5789473684210527,0.5789473684210527,0.8289473684210527,0.10443857593439854,0.15990865121668796
pearson,2,0,0.618421052631579,0.618421052631579,0.7631578947368421,0.07123822948144383,0.15689322675679618
cosine,2,1,0.6578947368421053,0.6578947368421053,0.8421052631578947,0.08341743492718184,0.18464633773540076
euclidean,2,1,0.618421052631579,0.618421052631579,0.881578947368421,0.09257512531533264,0.17213538639575182
pearson,2,1,0.6447368421052632,0.6447368421052632,0.8157894736842105,0.0695402718601093,0.17814995398730735
cosine,2,2,0.6052631578947368,0.6052631578947368,0.8157894736842105,0.1029558858960876,0.18068577757529933
euclidean,2,2,0.618421052631579,0.618421052631579,0.8157894736842105,0.10981491735461346,0.1746114690791589
pearson,2,2,0.631578947368421,0.631578947368421,0.75,0.07663710464841234,0.16565099005844086
cosine,2,3,0.6447368421052632,0.6447368421052632,0.8026315789473685,0.08297274504980372,0.1649702097158417
euclidean,2,3,0.5657894736842105,0.5657894736842105,0.8157894736842105,0.09586570868422882,0.16524763677194534
pearson,2,3,0.631578947368421,0.631578947368421,0.7894736842105263,0.07627819088860516,0.1757913074686013
cosine,2,4,0.6447368421052632,0.6447368421052632,0.8026315789473685,0.0930155068961303,0.18863918795420195
euclidean,2,4,0.631578947368421,0.631578947368421,0.8289473684210527,0.09889020698696846,0.1878039855921609
pearson,2,4,0.6578947368421053,0.6578947368421053,0.75,0.08216119614851393,0.2046004620073712
cosine,2,5,0.6447368421052632,0.6447368421052632,0.9078947368421053,0.07627277129051878,0.14075045731749428
euclidean,2,5,0.5394736842105263,0.5394736842105263,0.8157894736842105,0.10879795395314268,0.17550704951065724
pearson,2,5,0.6447368421052632,0.6447368421052632,0.881578947368421,0.06609708349449485,0.15146958538048158
cosine,2,6,0.6052631578947368,0.6052631578947368,0.8157894736842105,0.07486937244852875,0.16513601184846616
euclidean,2,6,0.5526315789473685,0.5526315789473685,0.7763157894736842,0.0922038603352181,0.17066454332327008
pearson,2,6,0.618421052631579,0.618421052631579,0.7894736842105263,0.07092151406582328,0.1723095726985494
cosine,2,7,0.5921052631578947,0.5921052631578947,0.8947368421052632,0.08894582877022439,0.16614119687789108
euclidean,2,7,0.5657894736842105,0.5657894736842105,0.8157894736842105,0.10177584482607539,0.16884106033244667
pearson,2,7,0.6052631578947368,0.6052631578947368,0.7894736842105263,0.08174277922469265,0.18670756047675224
cosine,2,8,0.6447368421052632,0.6447368421052632,0.8157894736842105,0.10070893599003064,0.17544222885383376
euclidean,2,8,0.5789473684210527,0.5789473684210527,0.868421052631579,0.10159798455938401,0.16287135430047345
pearson,2,8,0.6710526315789473,0.6710526315789473,0.8026315789473685,0.0752409583927935,0.15785469087126874
cosine,2,9,0.5921052631578947,0.5921052631578947,0.8026315789473685,0.09742678870540605,0.18681669995209915
euclidean,2,9,0.5526315789473685,0.5526315789473685,0.868421052631579,0.10930389117028687,0.17906062559896388
pearson,2,9,0.5921052631578947,0.5921052631578947,0.7368421052631579,0.09497434783059394,0.1984887634239711
