distance,k,i,precision,recall,mrr,mae,rmse
cosine,3,0,0.5701754385964911,0.5701754385964911,0.8245614035087719,0.0922062180391602,0.18854153751874714
euclidean,3,0,0.5175438596491228,0.5175438596491228,0.8728070175438598,0.09659838786906184,0.17697612444848812
pearson,3,0,0.5526315789473685,0.5526315789473685,0.7412280701754386,0.08735145811446712,0.20775580015262446
cosine,3,1,0.5964912280701755,0.5964912280701755,0.881578947368421,0.07965811949472144,0.1606981380059542
euclidean,3,1,0.5701754385964912,0.5701754385964912,0.9035087719298245,0.09453232025571986,0.1620740035374877
pearson,3,1,0.6140350877192983,0.6140350877192983,0.7850877192982457,0.07530137198993582,0.18186472259046774
cosine,3,2,0.5964912280701755,0.5964912280701755,0.8026315789473685,0.09811409083261279,0.19548311953911357
euclidean,3,2,0.44736842105263147,0.44736842105263147,0.8026315789473685,0.1085138505700496,0.18951093332780686
pearson,3,2,0.5789473684210527,0.5789473684210527,0.7807017543859649,0.08389309911824856,0.190529531943953
cosine,3,3,0.5526315789473685,0.5526315789473685,0.8552631578947368,0.10139717570253448,0.17975795804862638
euclidean,3,3,0.5263157894736842,0.5263157894736842,0.8552631578947368,0.11460974822613572,0.1813249476018879
pearson,3,3,0.5789473684210527,0.5789473684210527,0.7719298245614035,0.08123206991528595,0.18349595349650122
cosine,3,4,0.5701754385964912,0.5701754385964912,0.7982456140350876,0.09608895046455604,0.19261370218149976
euclidean,3,4,0.5526315789473684,0.5526315789473684,0.837719298245614,0.10012317196521667,0.18596805026170604
pearson,3,4,0.6228070175438597,0.6228070175438597,0.7280701754385964,0.08284247822418184,0.2051205566440769
cosine,3,5,0.5263157894736843,0.5263157894736843,0.7368421052631579,0.1282809899194031,0.22997548521098105
euclidean,3,5,0.47368421052631576,0.47368421052631576,0.7543859649122807,0.13284261863905433,0.22935727373031495
pearson,3,5,0.5877192982456141,0.5877192982456141,0.6929824561403508,0.10118714953074781,0.22841877628381432
cosine,3,6,0.5614035087719298,0.5614035087719298,0.8640350877192982,0.09842270796945704,0.18596721681927733
euclidean,3,6,0.5263157894736842,0.5263157894736842,0.8026315789473684,0.11544896755083346,0.19373917395717263
pearson,3,6,0.5701754385964912,0.5701754385964912,0.7456140350877194,0.09838395831102634,0.21551318382789506
cosine,3,7,0.5438596491228069,0.5438596491228069,0.868421052631579,0.0837583793065405,0.16343652759106056
euclidean,3,7,0.49122807017543846,0.49122807017543846,0.8552631578947368,0.10254813203894855,0.16928392146785207
pearson,3,7,0.5701754385964911,0.5701754385964911,0.8070175438596491,0.07963583887637571,0.17962198894417575
cosine,3,8,0.543859649122807,0.543859649122807,0.7412280701754386,0.0984191210861976,0.19507340362065384
euclidean,3,8,0.5263157894736841,0.5263157894736841,0.8026315789473685,0.11106259959514439,0.19865967735739878
pearson,3,8,0.5877192982456141,0.5877192982456141,0.7017543859649122,0.0903196501004515,0.19943303371038848
cosine,3,9,0.5614035087719298,0.5614035087719298,0.7763157894736842,0.11439372644905114,0.22406290857958314
euclidean,3,9,0.5263157894736842,0.5263157894736842,0.8026315789473685,0.1148789593378384,0.21215243362197486
pearson,3,9,0.5964912280701754,0.5964912280701754,0.6578947368421053,0.11748293079635218,0.24974507864985046
