distance,k,i,precision,recall,mrr,mae,rmse
cosine,2,0,0.6486486486486487,0.6486486486486487,0.8513513513513513,0.07269829038017192,0.14443697445414713
euclidean,2,0,0.6081081081081081,0.6081081081081081,0.918918918918919,0.09102399778711137,0.15584553047324057
pearson,2,0,0.6216216216216216,0.6216216216216216,0.8108108108108109,0.0637192194350187,0.14345363340673378
cosine,2,1,0.6351351351351351,0.6351351351351351,0.8783783783783784,0.10547445658142927,0.18896598154004124
euclidean,2,1,0.6081081081081081,0.6081081081081081,0.8513513513513513,0.11512306270186978,0.1939155490281609
pearson,2,1,0.6486486486486487,0.6486486486486487,0.8378378378378378,0.08766319840363386,0.18827553044863485
cosine,2,2,0.6351351351351351,0.6351351351351351,0.8378378378378378,0.0870249193838075,0.16128797518594126
euclidean,2,2,0.6351351351351351,0.6351351351351351,0.8783783783783784,0.09550483145948582,0.16053191530844524
pearson,2,2,0.6081081081081081,0.6081081081081081,0.8243243243243243,0.08113884217503169,0.1666323950764996
cosine,2,3,0.6486486486486487,0.6486486486486487,0.8513513513513513,0.09251603971383597,0.17667414182069224
euclidean,2,3,0.581081081081081,0.581081081081081,0.9324324324324325,0.10331178306152501,0.17873755611986014
pearson,2,3,0.6486486486486487,0.6486486486486487,0.7702702702702703,0.08895399291420256,0.2006426229012717
cosine,2,4,0.5675675675675675,0.5675675675675675,0.8513513513513513,0.07486502606108618,0.1358730075176965
euclidean,2,4,0.5540540540540541,0.5540540540540541,0.8918918918918919,0.09042229752631119,0.14560050434450308
pearson,2,4,0.6081081081081081,0.6081081081081081,0.8378378378378378,0.06894991267285305,0.1409523539596542
cosine,2,5,0.6486486486486487,0.6486486486486487,0.8378378378378378,0.08425448999303947,0.16227224921521105
euclidean,2,5,0.5675675675675675,0.5675675675675675,0.918918918918919,0.09910555685774558,0.15732136258094376
pearson,2,5,0.6621621621621622,0.6621621621621622,0.8243243243243243,0.07869674229670624,0.17012125871611436
cosine,2,6,0.581081081081081,0.581081081081081,0.7567567567567568,0.11308420588552784,0.18989396337660103
euclidean,2,6,0.5540540540540541,0.5540540540540541,0.8243243243243243,0.12533708474875319,0.1961224819369968
pearson,2,6,0.6216216216216216,0.6216216216216216,0.6621621621621622,0.11528827041054428,0.21787433755805258
cosine,2,7,0.5,0.5,0.6891891891891891,0.13092303873433422,0.25234654233844866
euclidean,2,7,0.5675675675675675,0.5675675675675675,0.7297297297297297,0.12818388412283319,0.24301795684528152
pearson,2,7,0.5945945945945946,0.5945945945945946,0.6081081081081081,0.12379198996729636,0.2602955668632512
cosine,2,8,0.6756756756756757,0.6756756756756757,0.9459459459459459,0.08312165245494575,0.14310055264540347
euclidean,2,8,0.6486486486486487,0.6486486486486487,0.9594594594594594,0.08786637004632386,0.13666614250844777
pearson,2,8,0.7027027027027027,0.7027027027027027,0.8783783783783784,0.07804712581501018,0.1653925073007888
cosine,2,9,0.6351351351351351,0.6351351351351351,0.8108108108108109,0.08203441802731234,0.1719757992335115
euclidean,2,9,0.5675675675675675,0.5675675675675675,0.9054054054054054,0.08649219868819098,0.15579235649587878
pearson,2,9,0.6486486486486487,0.6486486486486487,0.8378378378378378,0.06814103788019926,0.1598312515597054
