distance,k,i,precision,recall,mrr,mae,rmse
cosine,1,0,0.7297297297297297,0.7297297297297297,0.7297297297297297,0.08901071505146328,0.16667809138497847
euclidean,1,0,0.8108108108108109,0.8108108108108109,0.8108108108108109,0.10468213952477702,0.16961952347463174
pearson,1,0,0.7027027027027027,0.7027027027027027,0.7027027027027027,0.07902389662019343,0.17112784717261076
cosine,1,1,0.7567567567567568,0.7567567567567568,0.7567567567567568,0.0878658105285332,0.16384880473640734
euclidean,1,1,0.8108108108108109,0.8108108108108109,0.8108108108108109,0.10053604781216835,0.16132326858895266
pearson,1,1,0.7297297297297297,0.7297297297297297,0.7297297297297297,0.07588271763121672,0.1781849147519004
cosine,1,2,0.7837837837837838,0.7837837837837838,0.7837837837837838,0.08415499874215014,0.16595793464626618
euclidean,1,2,0.8378378378378378,0.8378378378378378,0.8378378378378378,0.09488950429568353,0.16881927276386194
pearson,1,2,0.7297297297297297,0.7297297297297297,0.7297297297297297,0.07962215445387805,0.17729756292453505
cosine,1,3,0.7027027027027027,0.7027027027027027,0.7027027027027027,0.08766566160688447,0.15775632204904824
euclidean,1,3,0.7027027027027027,0.7027027027027027,0.7027027027027027,0.10294354414771925,0.16821408540039015
pearson,1,3,0.7567567567567568,0.7567567567567568,0.7567567567567568,0.07678082107522896,0.15658012876026384
cosine,1,4,0.7027027027027027,0.7027027027027027,0.7027027027027027,0.10423607436301863,0.19864515346756587
euclidean,1,4,0.6945945945945946,0.5945945945945946,0.5945945945945946,0.11724755929978721,0.19974125736307086
pearson,1,4,0.6216216216216216,0.6216216216216216,0.6216216216216216,0.1004785262777673,0.2113927896314118
cosine,1,5,0.6486486486486487,0.6486486486486487,0.6486486486486487,0.08595242061151386,0.159782007771597
euclidean,1,5,0.6486486486486487,0.6486486486486487,0.6486486486486487,0.0990888324613696,0.16465627304975236
pearson,1,5,0.6756756756756757,0.6756756756756757,0.6756756756756757,0.0798858731202416,0.16961702450023897
cosine,1,6,0.6756756756756757,0.6756756756756757,0.6756756756756757,0.09567212119870584,0.18667147794322092
euclidean,1,6,0.7837837837837838,0.7837837837837838,0.7837837837837838,0.11115176786791696,0.1964755186269444
pearson,1,6,0.5675675675675675,0.5675675675675675,0.5675675675675675,0.09720188978019563,0.2198883538509236
cosine,1,7,0.7027027027027027,0.7027027027027027,0.7027027027027027,0.09060371385433086,0.1725242121634656
euclidean,1,7,0.7567567567567568,0.7567567567567568,0.7567567567567568,0.11001181628631852,0.1878953339052972
pearson,1,7,0.6486486486486487,0.6486486486486487,0.6486486486486487,0.08033701195683284,0.17900495915610767
cosine,1,8,0.5945945945945946,0.5945945945945946,0.5945945945945946,0.11645893705453579,0.19952234606507877
euclidean,1,8,0.6486486486486487,0.6486486486486487,0.6486486486486487,0.126731739995294,0.19816503874510882
pearson,1,8,0.5945945945945946,0.5945945945945946,0.5945945945945946,0.09323719159473612,0.18752916572627482
cosine,1,9,0.6486486486486487,0.6486486486486487,0.6486486486486487,0.10021375658120688,0.17915167013057756
euclidean,1,9,0.6756756756756757,0.6756756756756757,0.6756756756756757,0.11808667228594048,0.19182039804082276
pearson,1,9,0.6486486486486487,0.6486486486486487,0.6486486486486487,0.08107198206676007,0.18151826332104284
