distance,k,i,precision,recall,mrr,mae,rmse
cosine,2,0,0.75,0.9166666666666666,1.0,0.04246290330694248,0.08119903045967866
euclidean,2,0,0.75,0.9166666666666666,1.0,0.046419953051831365,0.09213002348768179
pearson,2,0,0.6666666666666666,0.8333333333333334,1.0,0.04265059943707904,0.078542998710295
cosine,2,1,0.75,0.9166666666666666,1.0,0.03887252639728423,0.0775713739910116
euclidean,2,1,0.75,0.9166666666666666,0.9166666666666666,0.04384668552879494,0.08995969784495303
pearson,2,1,0.75,0.9166666666666666,1.0,0.03788735715131511,0.07503562360969798
cosine,2,2,0.6666666666666666,0.8333333333333334,0.9166666666666666,0.07470349662702865,0.17088432975673343
euclidean,2,2,0.8333333333333334,1.0,0.9166666666666666,0.09066553934604626,0.179869999635524
pearson,2,2,0.6666666666666666,0.8333333333333334,1.0,0.045499291988582165,0.08219951259820313
cosine,2,3,0.6666666666666666,0.8333333333333334,1.0,0.03341222529450311,0.05754830091074426
euclidean,2,3,0.75,0.9166666666666666,1.0,0.049418809516669805,0.07513825447299409
pearson,2,3,0.6666666666666666,0.8333333333333334,1.0,0.030343991772098785,0.05488973305338201
cosine,2,4,0.6666666666666666,0.75,0.8333333333333334,0.07675309007217575,0.210091112934748
euclidean,2,4,0.6666666666666666,0.75,0.8333333333333334,0.09169378140387976,0.21603916593327915
pearson,2,4,0.75,0.9166666666666666,0.9166666666666666,0.0736708198967716,0.20891974492952267
