distance,k,i,precision,recall,mrr,mae,rmse
cosine,1,0,0.75,0.75,0.75,0.13764224771377284,0.19712094177814804
euclidean,1,0,0.75,0.75,0.75,0.14696154904454095,0.20510679712599308
pearson,1,0,1.0,1.0,1.0,0.11604720479147909,0.20009773780607487
cosine,1,1,0.875,0.875,0.875,0.11380112537763266,0.2629531453223785
euclidean,1,1,0.75,0.75,0.75,0.14655235487491847,0.2769086162025027
pearson,1,1,0.875,0.875,0.875,0.09792054275216101,0.25875752775139155
cosine,1,2,0.875,0.875,0.875,0.14570056751170637,0.23899641727539386
euclidean,1,2,0.625,0.625,0.625,0.17352516334959822,0.26352382369550376
pearson,1,2,0.875,0.875,0.875,0.10556914657198861,0.20805014807690805
cosine,1,3,0.625,0.625,0.625,0.18212238071461156,0.33913127875198323
euclidean,1,3,0.75,0.75,0.75,0.1957466917862013,0.3390010546746998
pearson,1,3,0.75,0.75,0.75,0.17439821031955852,0.3417514152408317
cosine,1,4,0.75,0.75,0.75,0.15678974060093234,0.26051425028426023
euclidean,1,4,0.75,0.75,0.75,0.12713996394166605,0.18821295993628998
pearson,1,4,0.75,0.75,0.75,0.1550466050458976,0.2727364424523658
