distance,k,i,precision,recall,mrr,mae,rmse
cosine,1,0,0.8571428571428571,0.8571428571428571,0.8571428571428571,0.11041493930476455,0.15318025812463823
euclidean,1,0,0.8571428571428571,0.8571428571428571,0.8571428571428571,0.11373665675710078,0.15310414987948126
pearson,1,0,0.5714285714285714,0.5714285714285714,0.5714285714285714,0.17391331846895,0.3560942126289219
cosine,1,1,0.8888888888888888,0.8888888888888888,0.8888888888888888,0.1970711484575,0.2460989609367875
euclidean,1,1,0.8888888888888888,0.8888888888888888,0.8888888888888888,0.159171021541187,0.2022181169418622
pearson,1,1,0.6666666666666666,0.6666666666666666,0.6666666666666666,0.28605613146490994,0.4156163152510221
cosine,1,2,0.875,0.875,0.875,0.14655497785214114,0.24671241954066223
euclidean,1,2,0.875,0.875,0.875,0.12317843210719195,0.2299905593067072
pearson,1,2,0.875,0.875,0.875,0.1375618524115776,0.24215332391084965
cosine,1,3,0.875,0.875,0.875,0.2722403418275699,0.396601670416038
euclidean,1,3,0.875,0.875,0.875,0.26416090302477985,0.3637187027688234
pearson,1,3,0.5,0.5,0.5,0.3841117898883956,0.550335825077848
cosine,1,4,0.8888888888888888,0.8888888888888888,0.8888888888888888,0.14087185535997362,0.203867353815959
euclidean,1,4,0.8888888888888888,0.8888888888888888,0.8888888888888888,0.14329676207182596,0.20713970184191016
pearson,1,4,0.7777777777777778,0.7777777777777778,0.7777777777777778,0.15913134823122832,0.296012170773021
