distance,k,i,precision,recall,mrr,mae,rmse
cosine,1,0,0.6666666666666666,0.6666666666666666,0.6666666666666666,0.14046613481678705,0.2636265038463574
euclidean,1,0,0.7777777777777778,0.7777777777777778,0.7777777777777778,0.14923424022316964,0.26840050681089916
pearson,1,0,0.7777777777777778,0.7777777777777778,0.7777777777777778,0.12180090206540108,0.2574844042526234
cosine,1,1,0.7777777777777778,0.7777777777777778,0.7777777777777778,0.1304412251741155,0.25857454601994384
euclidean,1,1,0.6666666666666666,0.6666666666666666,0.6666666666666666,0.1487183585290255,0.27009689197641024
pearson,1,1,0.7777777777777778,0.7777777777777778,0.7777777777777778,0.11010025198396503,0.24565308547125944
cosine,1,2,0.7777777777777778,0.7777777777777778,0.7777777777777778,0.12720035981067637,0.20120155344759488
euclidean,1,2,0.6666666666666666,0.6666666666666666,0.6666666666666666,0.14407877608067865,0.20756905126108927
pearson,1,2,1.0,1.0,1.0,0.1013529306771587,0.17023036889068266
cosine,1,3,0.7777777777777778,0.7777777777777778,0.7777777777777778,0.11820180340064407,0.19450215742920257
euclidean,1,3,0.8888888888888888,0.8888888888888888,0.8888888888888888,0.11988481646285841,0.17742933316089873
pearson,1,3,0.7777777777777778,0.7777777777777778,0.7777777777777778,0.11002038951978758,0.22014216486026997
cosine,1,4,0.8888888888888888,0.8888888888888888,0.8888888888888888,0.16760382159449305,0.26670976160005827
euclidean,1,4,0.8888888888888888,0.8888888888888888,0.8888888888888888,0.17096072391415398,0.23803403287491554
pearson,1,4,0.8888888888888888,0.8888888888888888,0.8888888888888888,0.1333653818486811,0.252612024917246
