distance,k,i,precision,recall,mrr,mae,rmse
cosine,2,0,0.7222222222222222,0.9444444444444444,1.0,0.04162944114459096,0.09379473499265892
euclidean,2,0,0.5555555555555556,0.7777777777777778,0.9444444444444444,0.0712033820277883,0.12909318812596118
pearson,2,0,0.7222222222222222,0.9444444444444444,1.0,0.03527591865053799,0.09001565381356483
cosine,2,1,0.7222222222222222,0.9444444444444444,1.0,0.057716230360083255,0.12797204432845147
euclidean,2,1,0.6111111111111112,0.8333333333333334,0.8888888888888888,0.08592344298849268,0.18325470701489793
pearson,2,1,0.7222222222222222,0.9444444444444444,1.0,0.0576129591841378,0.13210503988584008
cosine,2,2,0.7222222222222222,0.9444444444444444,1.0,0.050801254170336374,0.09708832926503427
euclidean,2,2,0.6666666666666666,0.8888888888888888,1.0,0.08026079294113926,0.15559300956487085
pearson,2,2,0.7222222222222222,0.9444444444444444,1.0,0.03904360130145405,0.0820791717852372
cosine,2,3,0.7222222222222222,0.9444444444444444,1.0,0.02726155599151467,0.053842760950960765
euclidean,2,3,0.6666666666666666,0.8888888888888888,1.0,0.07443558924694707,0.12642765505120038
pearson,2,3,0.7222222222222222,0.9444444444444444,1.0,0.02358711365311189,0.048748364931800826
cosine,2,4,0.6666666666666666,0.8888888888888888,0.9444444444444444,0.06049968478277503,0.10279980441300544
euclidean,2,4,0.5555555555555556,0.7777777777777778,0.9444444444444444,0.11577211825427441,0.21654764437867813
pearson,2,4,0.6111111111111112,0.7777777777777778,0.8888888888888888,0.07402051222401707,0.2136836252035545
