distance,k,i,precision,recall,mrr,mae,rmse
cosine,1,0,0.6666666666666666,0.6666666666666666,0.6666666666666666,0.12284198389478428,0.24039746610594037
euclidean,1,0,0.6666666666666666,0.6666666666666666,0.6666666666666666,0.1507958942338928,0.23008208115219037
pearson,1,0,1.0,1.0,1.0,0.08393264711562326,0.1479327346664606
cosine,1,1,1.0,1.0,1.0,0.0957046238377826,0.15846406679882877
euclidean,1,1,0.5,0.5,0.5,0.14374592854797782,0.23419575889637928
pearson,1,1,1.0,1.0,1.0,0.09842642132336628,0.17608621723983045
cosine,1,2,1.0,1.0,1.0,0.08259405776638423,0.15761554999938038
euclidean,1,2,0.6666666666666666,0.6666666666666666,0.6666666666666666,0.11463121353351291,0.17635046972309085
pearson,1,2,1.0,1.0,1.0,0.05880380579743858,0.1260154533476464
cosine,1,3,0.8333333333333334,0.8333333333333334,0.8333333333333334,0.12448131542977339,0.24852462588810428
euclidean,1,3,0.6666666666666666,0.6666666666666666,0.6666666666666666,0.13977245809890845,0.28195676857937363
pearson,1,3,0.8333333333333334,0.8333333333333334,0.8333333333333334,0.12642746024828766,0.25153377202842697
cosine,1,4,1.0,1.0,1.0,0.0711964025082304,0.13108535500498572
euclidean,1,4,0.6666666666666666,0.6666666666666666,0.6666666666666666,0.08296298774327222,0.10846980611228642
pearson,1,4,1.0,1.0,1.0,0.10663642578600503,0.16561732913781066
