distance,k,i,precision,recall,mrr,mae,rmse
cosine,3,0,0.48148148148148145,1.0,1.0,0.0846540527074205,0.1470381176211486
euclidean,3,0,0.48148148148148145,1.0,1.0,0.06855433723039037,0.09799560728134026
pearson,3,0,0.48148148148148145,1.0,1.0,0.08457690065937082,0.14721126798788609
cosine,3,1,0.4444444444444444,0.9444444444444444,1.0,0.060012830550087964,0.10208269993914573
euclidean,3,1,0.4444444444444444,0.9444444444444444,1.0,0.04726218951550304,0.08018072066125356
pearson,3,1,0.4844444444444444,0.9444444444444444,1.0,0.0641392824256167,0.10090817521372633
cosine,3,2,0.4444444444444444,0.9444444444444444,1.0,0.07425414420872928,0.14848012707371985
euclidean,3,2,0.4444444444444444,0.9444444444444444,1.0,0.08431529663658674,0.14290509434704288
pearson,3,2,0.48148148148148145,1.0,1.0,0.07270598543071868,0.14286771374013085
cosine,3,3,0.48148148148148145,1.0,1.0,0.07768199919436689,0.1704154361328778
euclidean,3,3,0.4444444444444444,0.9444444444444444,1.0,0.08736273376310523,0.18727011828683773
pearson,3,3,0.48148148148148145,1.0,1.0,0.037839017522249316,0.07420914925061535
cosine,3,4,0.4444444444444444,0.9444444444444444,1.0,0.07756432438461679,0.1382594676764661
euclidean,3,4,0.4444444444444444,0.9444444444444444,1.0,0.053054849370025296,0.08951134527538417
pearson,3,4,0.4844444444444444,0.9444444444444444,1.0,0.0746423017937589,0.13324892418112935
