distance,k,i,precision,recall,mrr,mae,rmse
cosine,3,0,0.611111111111111,0.9444444444444445,1.0,0.020849154498132832,0.04588114252962764
euclidean,3,0,0.611111111111111,0.9444444444444445,1.0,0.03009795425813097,0.08821726759822499
pearson,3,0,0.611111111111111,0.9444444444444445,1.0,0.016926882015470317,0.03971387385016275
cosine,3,1,0.611111111111111,0.9444444444444445,1.0,0.030007029394319918,0.06240777260350486
euclidean,3,1,0.611111111111111,0.9444444444444445,0.9166666666666666,0.05282499267234303,0.14478867378098384
pearson,3,1,0.611111111111111,0.9444444444444445,1.0,0.026545059390102786,0.05132800397871435
cosine,3,2,0.611111111111111,0.9444444444444443,1.0,0.027092161381505407,0.058795091718550366
euclidean,3,2,0.6666666666666666,1.0,0.8333333333333334,0.09392834599678848,0.21821329576806395
pearson,3,2,0.611111111111111,0.9444444444444443,1.0,0.02111172910909715,0.04209764319534843
cosine,3,3,0.5555555555555556,0.861111111111111,1.0,0.019527435854735375,0.034256740147811215
euclidean,3,3,0.611111111111111,0.9444444444444443,1.0,0.02148718536441084,0.0652264904206964
pearson,3,3,0.5555555555555556,0.861111111111111,1.0,0.018208177794799284,0.030897829144035896
cosine,3,4,0.5555555555555555,0.8888888888888888,1.0,0.016974672498517494,0.033785935267409195
euclidean,3,4,0.5555555555555555,0.8888888888888888,1.0,0.03724528099990547,0.09541932193289364
pearson,3,4,0.611111111111111,0.9444444444444443,1.0,0.014633870788163115,0.03080719467459679
