distance,k,i,precision,recall,mrr,mae,rmse
cosine,2,0,0.625,0.75,0.75,0.33113460216529317,0.5043388179239967
euclidean,2,0,0.625,0.75,0.75,0.3205975468921678,0.5027657640566441
pearson,2,0,0.625,0.75,0.75,0.309609763983204,0.49766134124511946
cosine,2,1,0.625,0.875,1.0,0.1460222776704724,0.1752048201990636
euclidean,2,1,0.625,0.875,1.0,0.17333202882019472,0.20574908100970776
pearson,2,1,0.625,0.875,1.0,0.12863914660740494,0.1656669981253153
cosine,2,2,0.75,1.0,1.0,0.13692442966770066,0.1895352500569456
euclidean,2,2,0.75,1.0,1.0,0.22505926194895243,0.28975977384344526
pearson,2,2,0.75,1.0,1.0,0.10383023569734674,0.17557937336028254
cosine,2,3,0.75,1.0,1.0,0.10258645546460149,0.13681431337059177
euclidean,2,3,0.75,1.0,1.0,0.17210780251834043,0.23321534945767575
pearson,2,3,0.75,1.0,1.0,0.08251439446670128,0.12770184256108755
cosine,2,4,0.75,1.0,1.0,0.09990748457275532,0.1266471780249609
euclidean,2,4,0.75,1.0,1.0,0.1987504961073498,0.22408554906434494
pearson,2,4,0.75,1.0,1.0,0.1199132851864699,0.23343393885594158
