distance,k,i,precision,recall,mrr,mae,rmse
cosine,2,0,0.7777777777777778,0.9444444444444444,0.9444444444444444,0.05918064565639467,0.16754617662119392
euclidean,2,0,0.7777777777777778,0.9444444444444444,0.9444444444444444,0.06653310055334849,0.11439270360515286
pearson,2,0,0.7777777777777778,0.9444444444444444,0.9444444444444444,0.04941709175355011,0.182437470740972
cosine,2,1,0.7777777777777778,0.9444444444444444,1.0,0.041195503151276215,0.10174494626102974
euclidean,2,1,0.7777777777777778,0.9444444444444444,0.9444444444444444,0.07639612662127927,0.1335521675147134
pearson,2,1,0.8333333333333334,1.0,1.0,0.04116931491957298,0.10175646758862966
cosine,2,2,0.8333333333333334,1.0,1.0,0.029754098001951532,0.05886333979609205
euclidean,2,2,0.7222222222222222,0.8888888888888888,0.9444444444444444,0.08324159584587072,0.15535674233397712
pearson,2,2,0.8333333333333334,1.0,1.0,0.033666491269833836,0.06649384870765357
cosine,2,3,0.7222222222222222,0.8888888888888888,1.0,0.10726895281195013,0.19143195208099184
euclidean,2,3,0.7777777777777778,0.9444444444444444,1.0,0.06698998067920509,0.09507600588952238
pearson,2,3,0.7777777777777778,0.9444444444444444,1.0,0.10979371899763472,0.19438376951373082
cosine,2,4,0.875,1.0,1.0,0.018756788522606253,0.03594881375097827
euclidean,2,4,0.875,1.0,1.0,0.05715334498492987,0.10236708954758547
pearson,2,4,0.875,1.0,1.0,0.014961506250238657,0.025964920620157466
