distance,k,i,precision,recall,mrr,mae,rmse
cosine,3,0,0.5555555555555555,0.8888888888888888,1.0,0.02902040107832861,0.08067653236034471
euclidean,3,0,0.5555555555555555,0.8888888888888888,1.0,0.04507614476491587,0.11036836387183167
pearson,3,0,0.5,0.8055555555555555,1.0,0.027946550758083052,0.08057707537622957
cosine,3,1,0.611111111111111,0.9444444444444443,1.0,0.039902227319796625,0.08332897880635093
euclidean,3,1,0.611111111111111,0.9444444444444443,1.0,0.06719417153504799,0.152526307121799
pearson,3,1,0.611111111111111,0.9444444444444443,1.0,0.03737922085423589,0.078641150126754
cosine,3,2,0.611111111111111,0.9444444444444445,1.0,0.05028123759809438,0.1409476515370318
euclidean,3,2,0.611111111111111,0.9444444444444445,1.0,0.07951759568594036,0.18505262429283004
pearson,3,2,0.611111111111111,0.9444444444444445,1.0,0.015471897303567853,0.04369348082810907
cosine,3,3,0.611111111111111,0.9444444444444445,1.0,0.021513544849459717,0.048329367132873426
euclidean,3,3,0.611111111111111,0.9444444444444445,1.0,0.034672789855161375,0.061828754614250185
pearson,3,3,0.611111111111111,0.9444444444444445,1.0,0.014646810147683889,0.04411990835122171
cosine,3,4,0.5555555555555555,0.8888888888888888,1.0,0.02135564897393689,0.055473698641874986
euclidean,3,4,0.5,0.8055555555555555,1.0,0.027697066661150103,0.05739287548097342
pearson,3,4,0.5555555555555555,0.8888888888888888,1.0,0.01976694145033601,0.05554056988008113
