distance,k,i,precision,recall,mrr,mae,rmse
cosine,3,0,0.45833333333333326,1.0,1.0,0.04253661849268871,0.06609153305859702
euclidean,3,0,0.45833333333333326,1.0,1.0,0.0483184051366753,0.07048985548105421
pearson,3,0,0.45833333333333326,1.0,1.0,0.040487404115639614,0.06361689070455571
cosine,3,1,0.48148148148148145,1.0,1.0,0.0617437694073738,0.09247348440745264
euclidean,3,1,0.48148148148148145,1.0,1.0,0.06429936862785876,0.09505961055523245
pearson,3,1,0.48148148148148145,1.0,1.0,0.06176679825447312,0.09236885578129692
cosine,3,2,0.4444444444444444,0.9444444444444444,1.0,0.03402163200903757,0.07220629248044622
euclidean,3,2,0.48148148148148145,1.0,1.0,0.03547749732573163,0.07238981671753432
pearson,3,2,0.4844444444444444,0.9444444444444444,1.0,0.031190627821003354,0.06314112328979112
cosine,3,3,0.48148148148148145,1.0,1.0,0.04385983376959017,0.08286466369268738
euclidean,3,3,0.48148148148148145,1.0,1.0,0.056996661559244585,0.0917650096670519
pearson,3,3,0.48148148148148145,1.0,1.0,0.04331811864977579,0.07606976201245434
cosine,3,4,0.48148148148148145,1.0,1.0,0.03898701816116433,0.0655625584553215
euclidean,3,4,0.48148148148148145,1.0,1.0,0.05055154048013846,0.08711674060068296
pearson,3,4,0.48148148148148145,1.0,1.0,0.034444676235106365,0.06115258327565551
