distance,k,i,precision,recall,mrr,mae,rmse
cosine,2,0,0.75,1.0,1.0,0.1072078346881086,0.13757104107254214
euclidean,2,0,0.75,1.0,1.0,0.17562992684474965,0.2387239297866897
pearson,2,0,0.75,1.0,1.0,0.08678306435893789,0.1281368721148626
cosine,2,1,0.625,0.875,1.0,0.10352053566344048,0.12628194485779776
euclidean,2,1,0.625,0.875,1.0,0.18034057662121014,0.23928357811303247
pearson,2,1,0.625,0.875,1.0,0.08065991550757819,0.11481417333388176
cosine,2,2,0.75,1.0,1.0,0.11139807624674551,0.13652930131425067
euclidean,2,2,0.75,1.0,1.0,0.15638322538793684,0.1785517058547386
pearson,2,2,0.75,1.0,1.0,0.08238611512892613,0.11773536934164275
cosine,2,3,0.75,1.0,1.0,0.09257784077516415,0.12140303123896372
euclidean,2,3,0.75,1.0,1.0,0.17278598365992842,0.2605174095918142
pearson,2,3,0.75,1.0,1.0,0.03903645586847915,0.06380485951211176
cosine,2,4,0.75,1.0,1.0,0.07719806389706337,0.09759556585113377
euclidean,2,4,0.75,1.0,1.0,0.15739080642728837,0.2204701633272504
pearson,2,4,0.75,1.0,1.0,0.037185439131815344,0.0655969576377848
