distance,k,i,precision,recall,mrr,mae,rmse
cosine,1,0,1.0,1.0,1.0,0.11719072624258832,0.18231491147204423
euclidean,1,0,0.8888888888888888,0.8888888888888888,0.8888888888888888,0.1081717983491471,0.1666874000192342
pearson,1,0,0.8888888888888888,0.8888888888888888,0.8888888888888888,0.12001791354866541,0.19234103803133235
cosine,1,1,0.7777777777777778,0.7777777777777778,0.7777777777777778,0.14242699272469678,0.26389071974126066
euclidean,1,1,0.7777777777777778,0.7777777777777778,0.7777777777777778,0.16172745563320978,0.27874667214982246
pearson,1,1,0.7777777777777778,0.7777777777777778,0.7777777777777778,0.12105097803424426,0.2631345760135516
cosine,1,2,0.5,0.5,0.5,0.15383938589835522,0.2763613446750581
euclidean,1,2,0.625,0.625,0.625,0.1476075627307171,0.2558629735489879
pearson,1,2,0.625,0.625,0.625,0.11831797766482516,0.28250045438056015
cosine,1,3,0.7777777777777778,0.7777777777777778,0.7777777777777778,0.16712712520912115,0.26804070403631175
euclidean,1,3,0.5555555555555556,0.5555555555555556,0.5555555555555556,0.18991997690994533,0.25913470296038393
pearson,1,3,0.6666666666666666,0.6666666666666666,0.6666666666666666,0.11316557773879175,0.22032666319831337
cosine,1,4,0.8888888888888888,0.8888888888888888,0.8888888888888888,0.12223931810581606,0.1932903975756902
euclidean,1,4,0.6666666666666666,0.6666666666666666,0.6666666666666666,0.13074697461916582,0.17534268265709818
pearson,1,4,0.8888888888888888,0.8888888888888888,0.8888888888888888,0.10471484197593607,0.17678095501145624
