distance,k,i,precision,recall,mrr,mae,rmse
cosine,1,0,0.5555555555555556,0.5555555555555556,0.5555555555555556,0.19060593223256517,0.3194266734316806
euclidean,1,0,0.7777777777777778,0.7777777777777778,0.7777777777777778,0.15712355010164714,0.26292343663498735
pearson,1,0,0.7777777777777778,0.7777777777777778,0.7777777777777778,0.1657529735315361,0.3089851045509908
cosine,1,1,0.6666666666666666,0.6666666666666666,0.6666666666666666,0.22048436547786135,0.33489334115833835
euclidean,1,1,0.6666666666666666,0.6666666666666666,0.6666666666666666,0.20470431819540522,0.3013620375706958
pearson,1,1,0.6666666666666666,0.6666666666666666,0.6666666666666666,0.17277344840643347,0.2929978685533825
cosine,1,2,0.625,0.625,0.625,0.21535966329102565,0.26433576398078307
euclidean,1,2,0.625,0.625,0.625,0.20691658625153417,0.2489131976949071
pearson,1,2,0.875,0.875,0.875,0.20762668896761305,0.27706106123230695
cosine,1,3,0.6666666666666666,0.6666666666666666,0.6666666666666666,0.21120906825883357,0.2957993872576179
euclidean,1,3,0.5555555555555556,0.5555555555555556,0.5555555555555556,0.20983683020057278,0.2802199255334713
pearson,1,3,0.6666666666666666,0.6666666666666666,0.6666666666666666,0.14891610862723137,0.21304229994893872
cosine,1,4,0.5444444444444444,0.4444444444444444,0.4444444444444444,0.2627235287436453,0.35244988844858643
euclidean,1,4,0.5555555555555556,0.5555555555555556,0.5555555555555556,0.2705366018096362,0.3577926100234116
pearson,1,4,0.5555555555555556,0.5555555555555556,0.5555555555555556,0.22513344830269877,0.34113478469350117
