distance,k,i,precision,recall,mrr,mae,rmse
cosine,3,0,0.5833333333333334,1.0,1.0,0.04190943126089128,0.06683594254789611
euclidean,3,0,0.49999999999999994,0.9166666666666666,1.0,0.08247379203279698,0.13290713352807845
pearson,3,0,0.5833333333333334,1.0,1.0,0.033567334132686824,0.06214503976027567
cosine,3,1,0.5833333333333334,1.0,1.0,0.0581631794394019,0.083261128892261
euclidean,3,1,0.5833333333333334,1.0,1.0,0.07617757771528028,0.09895075559239408
pearson,3,1,0.5833333333333334,1.0,1.0,0.054151300896345456,0.08137064308727653
cosine,3,2,0.5833333333333333,1.0,1.0,0.04345789816332998,0.06637654735782454
euclidean,3,2,0.5833333333333333,1.0,1.0,0.05512372463417041,0.07364211504946848
pearson,3,2,0.5833333333333333,1.0,1.0,0.04089713763507082,0.06491005347004143
cosine,3,3,0.5833333333333333,1.0,1.0,0.08077107702536078,0.1146144913559945
euclidean,3,3,0.5833333333333333,1.0,1.0,0.11914539867019205,0.16441657521638642
pearson,3,3,0.5833333333333333,1.0,1.0,0.07134926577035407,0.10987399037918913
cosine,3,4,0.5833333333333334,1.0,1.0,0.056632908382940925,0.09577973518740998
euclidean,3,4,0.49999999999999994,0.9166666666666666,1.0,0.08396412799091774,0.11462876828982395
pearson,3,4,0.5833333333333334,1.0,1.0,0.05058626381643302,0.09354287150503429
