distance,k,i,precision,recall,mrr,mae,rmse
cosine,2,0,0.7777777777777778,0.9444444444444444,0.9444444444444444,0.09509963527590493,0.14199160953989734
euclidean,2,0,0.7222222222222222,0.8888888888888888,0.8888888888888888,0.1413576314730095,0.22018365008142687
pearson,2,0,0.7222222222222222,0.8888888888888888,1.0,0.0932400135385619,0.18886898949116776
cosine,2,1,0.7222222222222222,0.8333333333333334,0.8333333333333334,0.09329931066317076,0.22183025493706432
euclidean,2,1,0.6666666666666666,0.7777777777777778,0.7777777777777778,0.1240069683981047,0.24133876039380653
pearson,2,1,0.7777777777777778,0.8888888888888888,0.8888888888888888,0.06584274184305393,0.11293760925331196
cosine,2,2,0.8333333333333334,1.0,1.0,0.07189703525971645,0.1319118014143006
euclidean,2,2,0.6666666666666666,0.7777777777777778,0.7777777777777778,0.11967030579498075,0.19163892637865454
pearson,2,2,0.8333333333333334,1.0,1.0,0.0764331111102425,0.12996567592302133
cosine,2,3,0.7222222222222222,0.8888888888888888,0.8888888888888888,0.07703194165957192,0.13678501596004775
euclidean,2,3,0.7222222222222222,0.8888888888888888,0.8333333333333334,0.11166543828480567,0.19149515349582028
pearson,2,3,0.7777777777777778,0.9444444444444444,0.9444444444444444,0.0736793571377417,0.12285863440746576
cosine,2,4,0.7777777777777778,0.9444444444444444,1.0,0.107260419081128,0.16094145851914984
euclidean,2,4,0.7777777777777778,0.9444444444444444,0.8888888888888888,0.11927568879471866,0.1652737001217066
pearson,2,4,0.7777777777777778,0.9444444444444444,1.0,0.09456098702390153,0.13226198028323327
