distance,k,i,precision,recall,mrr,mae,rmse
cosine,3,0,0.5,0.9166666666666666,1.0,0.032526730819122045,0.038752058058004406
euclidean,3,0,0.5,0.9166666666666666,1.0,0.07077781412650873,0.08504570017425575
pearson,3,0,0.5833333333333333,1.0,1.0,0.024621952607788808,0.040687119139979674
cosine,3,1,0.49999999999999994,0.9166666666666666,1.0,0.03157074655015902,0.05064742695519421
euclidean,3,1,0.49999999999999994,0.9166666666666666,1.0,0.08078051343030929,0.13408710429492474
pearson,3,1,0.49999999999999994,0.9166666666666666,1.0,0.02034424733056831,0.03291599192498617
cosine,3,2,0.5833333333333333,1.0,1.0,0.11975384279105163,0.18885588355835103
euclidean,3,2,0.5833333333333333,1.0,1.0,0.1353068943249437,0.20380181150935342
pearson,3,2,0.5833333333333333,1.0,1.0,0.10551939124470691,0.18090043927348579
cosine,3,3,0.5,0.9166666666666666,1.0,0.04339264955734855,0.06172906212790646
euclidean,3,3,0.5,0.9166666666666666,1.0,0.08763882455631813,0.13652566076023606
pearson,3,3,0.5,0.9166666666666666,1.0,0.037964976389246737,0.05931245054844143
cosine,3,4,0.5833333333333333,1.0,1.0,0.0632812969584804,0.088005079943333
euclidean,3,4,0.5,0.9166666666666666,1.0,0.07451089656714169,0.09417576457719466
pearson,3,4,0.5833333333333333,1.0,1.0,0.058968268306908704,0.08557030555205909
