distance,k,i,precision,recall,mrr,mae,rmse
cosine,2,0,0.7777777777777778,1.0,1.0,0.04525308027868476,0.08460774943050825
euclidean,2,0,0.6666666666666666,0.8888888888888888,1.0,0.0864447508407396,0.1334864281444829
pearson,2,0,0.7777777777777778,1.0,1.0,0.04156028459445527,0.08896151920224002
cosine,2,1,0.7222222222222222,0.9444444444444444,1.0,0.06120169566268977,0.1561348060059674
euclidean,2,1,0.6666666666666666,0.8888888888888888,1.0,0.08681952824983627,0.17028497178421237
pearson,2,1,0.7222222222222222,0.9444444444444444,1.0,0.054542207308100096,0.15434299836215942
cosine,2,2,0.6666666666666666,0.8333333333333334,0.8888888888888888,0.09179887588217961,0.19015586834871037
euclidean,2,2,0.7222222222222222,0.8888888888888888,0.8888888888888888,0.10877360604640846,0.21257456298770958
pearson,2,2,0.7222222222222222,0.8888888888888888,0.8888888888888888,0.07712194660884411,0.18964545553267317
cosine,2,3,0.7777777777777778,1.0,1.0,0.07251900405180675,0.11737350374822964
euclidean,2,3,0.7222222222222222,0.9444444444444444,0.9444444444444444,0.09695302788704889,0.1636447119486454
pearson,2,3,0.7777777777777778,1.0,1.0,0.06287255026500996,0.10441388577924415
cosine,2,4,0.7777777777777778,1.0,1.0,0.053419655620091495,0.10497215474825915
euclidean,2,4,0.7222222222222222,0.9444444444444444,1.0,0.06674778647104257,0.10038904433545395
pearson,2,4,0.7222222222222222,0.9444444444444444,1.0,0.0517534511606727,0.10957751637547831
