distance,k,i,precision,recall,mrr,mae,rmse
cosine,1,0,0.54,0.5,0.5,0.2739420097097596,0.4801742672131173
euclidean,1,0,0.25,0.25,0.25,0.2758190898884472,0.4808611314733363
pearson,1,0,0.25,0.25,0.25,0.26826563653667485,0.47811425449548584
cosine,1,1,0.75,0.75,0.75,0.3019506036134731,0.4146359316371788
euclidean,1,1,1.0,1.0,1.0,0.3663014959113338,0.4253752440479705
pearson,1,1,1.0,1.0,1.0,0.2393290728439541,0.38842901141818603
cosine,1,2,0.7,0.5,0.5,0.16488524260574658,0.2079757422759568
euclidean,1,2,0.25,0.25,0.25,0.26325052908183594,0.34879562239686296
pearson,1,2,0.5,0.5,0.5,0.14433297317433844,0.19951685370880506
cosine,1,3,1.0,1.0,1.0,0.13295284173670707,0.15874860957534695
euclidean,1,3,1.0,1.0,1.0,0.19847158667046164,0.2217326430868495
pearson,1,3,1.0,1.0,1.0,0.1295892745636107,0.1657547547224689
cosine,1,4,1.0,1.0,1.0,0.23442325162259378,0.32188427525870195
euclidean,1,4,1.0,1.0,1.0,0.2978115968969457,0.3910278735528156
pearson,1,4,1.0,1.0,1.0,0.21140805211270888,0.35814730459803207
