distance,k,i,precision,recall,mrr,mae,rmse
cosine,2,0,0.625,0.875,1.0,0.13026275583255673,0.18252669952057873
euclidean,2,0,0.625,0.875,1.0,0.2013460432156959,0.2490801130335114
pearson,2,0,0.75,1.0,1.0,0.10744145731800409,0.17427166739398323
cosine,2,1,0.625,0.875,1.0,0.1349156842237053,0.17891833542359295
euclidean,2,1,0.625,0.875,1.0,0.1966531621137745,0.2485315750655074
pearson,2,1,0.625,0.875,1.0,0.12152106681677231,0.17416226719820296
cosine,2,2,0.75,1.0,1.0,0.05848862666601972,0.07630083772986876
euclidean,2,2,0.5,0.75,1.0,0.23120416991283677,0.26076061814874407
pearson,2,2,0.75,1.0,1.0,0.03673084578497529,0.05351388814878526
cosine,2,3,0.625,0.875,1.0,0.1292394680473987,0.17093072065135362
euclidean,2,3,0.625,0.875,1.0,0.12320486382012283,0.15719881645958006
pearson,2,3,0.75,1.0,1.0,0.1236680319582582,0.15520150023877766
cosine,2,4,0.75,1.0,1.0,0.11928715624420118,0.15787533852897792
euclidean,2,4,0.625,0.875,1.0,0.14324696553253605,0.17370678303262052
pearson,2,4,0.75,1.0,1.0,0.11099689730873973,0.15350972802178317
