distance,k,i,precision,recall,mrr,mae,rmse
cosine,2,0,0.6666666666666666,0.8888888888888888,1.0,0.07436815850178141,0.13705867490753848
euclidean,2,0,0.6666666666666666,0.8888888888888888,0.9444444444444444,0.09014386839890903,0.1720478913741569
pearson,2,0,0.6666666666666666,0.8888888888888888,1.0,0.07368962225505173,0.13770127515562922
cosine,2,1,0.6666666666666666,0.8888888888888888,1.0,0.07124551388113894,0.14283012759690955
euclidean,2,1,0.6666666666666666,0.8888888888888888,0.9444444444444444,0.08936442172405347,0.15667539831420627
pearson,2,1,0.6666666666666666,0.8888888888888888,1.0,0.055692319669689426,0.10296912307639375
cosine,2,2,0.7777777777777778,1.0,1.0,0.08152142371469397,0.13486660975836906
euclidean,2,2,0.7222222222222222,0.9444444444444444,1.0,0.09543435114219112,0.1544917976096115
pearson,2,2,0.7777777777777778,1.0,1.0,0.08753632689932359,0.13956284273175748
cosine,2,3,0.6666666666666666,0.8888888888888888,0.9444444444444444,0.0807367833233714,0.1243357461502738
euclidean,2,3,0.6111111111111112,0.8333333333333334,0.9444444444444444,0.09457768102087175,0.14275327838718285
pearson,2,3,0.6666666666666666,0.8333333333333334,0.8888888888888888,0.07629009711942135,0.17716451398355512
cosine,2,4,0.7222222222222222,0.9444444444444444,1.0,0.06643417133539332,0.12334071043574979
euclidean,2,4,0.7777777777777778,1.0,1.0,0.08841449818845215,0.15801628475384677
pearson,2,4,0.7777777777777778,1.0,1.0,0.06586354830046205,0.1210353617950335
