distance,k,i,precision,recall,mrr,mae,rmse
cosine,2,0,0.8333333333333334,1.0,1.0,0.06047416855428731,0.14259362955815696
euclidean,2,0,0.75,0.9166666666666666,0.9166666666666666,0.09202136974856659,0.19404176334707568
pearson,2,0,0.8333333333333334,1.0,1.0,0.023930404657253403,0.06504532047567559
cosine,2,1,0.75,0.9166666666666666,0.9166666666666666,0.06995030236577167,0.16791753770452172
euclidean,2,1,0.75,0.9166666666666666,0.9166666666666666,0.09796765091698927,0.19693395918014447
pearson,2,1,0.8333333333333334,1.0,1.0,0.0386177771713203,0.07549365095244144
cosine,2,2,0.75,0.9166666666666666,1.0,0.0688316181500589,0.13073008123597982
euclidean,2,2,0.6666666666666666,0.8333333333333334,1.0,0.06809899303543393,0.11210451440076946
pearson,2,2,0.75,0.9166666666666666,1.0,0.0628820533110908,0.13022856612175288
cosine,2,3,0.8333333333333334,1.0,1.0,0.04999614811913891,0.11095065478712299
euclidean,2,3,0.75,0.9166666666666666,0.8333333333333334,0.10910478916083531,0.22205550043480995
pearson,2,3,0.8333333333333334,1.0,0.9166666666666666,0.0685448744653701,0.1883024767043839
cosine,2,4,0.75,0.9166666666666666,1.0,0.0460867877063803,0.07164312216686383
euclidean,2,4,0.5833333333333334,0.75,1.0,0.08364675189570805,0.16890050554428868
pearson,2,4,0.75,0.9166666666666666,1.0,0.043855642223047095,0.07052713710526474
