distance,k,i,precision,recall,mrr,mae,rmse
cosine,3,0,0.48148148148148145,1.0,1.0,0.027171094088813928,0.04786553506949562
euclidean,3,0,0.48148148148148145,1.0,1.0,0.0326268502296043,0.049684153930152485
pearson,3,0,0.48148148148148145,1.0,1.0,0.02702801846231962,0.04692051581980098
cosine,3,1,0.48148148148148145,1.0,1.0,0.03175616830740369,0.04660725120024943
euclidean,3,1,0.48148148148148145,1.0,1.0,0.04084928739259307,0.060676359074259376
pearson,3,1,0.48148148148148145,1.0,1.0,0.030638515185859503,0.044487274270734685
cosine,3,2,0.48148148148148145,1.0,1.0,0.033740798754494976,0.060495243083614106
euclidean,3,2,0.48148148148148145,1.0,1.0,0.03924784037531671,0.06753282918622912
pearson,3,2,0.48148148148148145,1.0,1.0,0.03467868547243279,0.06065860281510326
cosine,3,3,0.48148148148148145,1.0,1.0,0.062016196062754485,0.14548612856091309
euclidean,3,3,0.48148148148148145,1.0,1.0,0.033509249908242326,0.05716816954725813
pearson,3,3,0.48148148148148145,1.0,0.9444444444444444,0.07638935059830393,0.19926030738783718
cosine,3,4,0.48148148148148145,1.0,1.0,0.02908094849569282,0.05246694349095994
euclidean,3,4,0.48148148148148145,1.0,1.0,0.027174880569285857,0.04717165273810888
pearson,3,4,0.48148148148148145,1.0,1.0,0.02862690190150277,0.05062751108719332
