distance,k,i,precision,recall,mrr,mae,rmse
cosine,1,0,1.0,1.0,1.0,0.12302203541044195,0.22404166330922445
euclidean,1,0,0.8888888888888888,0.8888888888888888,0.8888888888888888,0.18152043958196473,0.25890290127817295
pearson,1,0,1.0,1.0,1.0,0.1174935020215508,0.21847514110385818
cosine,1,1,0.7777777777777778,0.7777777777777778,0.7777777777777778,0.08476262017092998,0.14924843864283358
euclidean,1,1,0.7777777777777778,0.7777777777777778,0.7777777777777778,0.11413567046187635,0.21463472107443762
pearson,1,1,0.7777777777777778,0.7777777777777778,0.7777777777777778,0.08220868485245836,0.15363169302588442
cosine,1,2,0.8888888888888888,0.8888888888888888,0.8888888888888888,0.06541096498161536,0.12454184304923627
euclidean,1,2,0.8888888888888888,0.8888888888888888,0.8888888888888888,0.11444250722463789,0.18350601955332455
pearson,1,2,1.0,1.0,1.0,0.05487354147904696,0.10871359153725309
cosine,1,3,0.7777777777777778,0.7777777777777778,0.7777777777777778,0.1343939020880798,0.2951907644992458
euclidean,1,3,0.8888888888888888,0.8888888888888888,0.8888888888888888,0.12900797169498493,0.23485499556146805
pearson,1,3,0.8888888888888888,0.8888888888888888,0.8888888888888888,0.11731429304885213,0.3143010188088872
cosine,1,4,0.8888888888888888,0.8888888888888888,0.8888888888888888,0.08187909230950553,0.1438196184411725
euclidean,1,4,0.7777777777777778,0.7777777777777778,0.7777777777777778,0.12444068310018148,0.206576352978987
pearson,1,4,0.8888888888888888,0.8888888888888888,0.8888888888888888,0.06389347178727924,0.10953237936283196
