distance,k,i,precision,recall,mrr,mae,rmse
cosine,3,0,0.5925925925925926,0.9259259259259258,1.0,0.020476614765267673,0.04649230967533089
euclidean,3,0,0.5925925925925926,0.9259259259259258,1.0,0.04168601009255116,0.08144826524208344
pearson,3,0,0.5925925925925926,0.9259259259259258,1.0,0.019632810444674527,0.04400162353275591
cosine,3,1,0.5925925925925926,0.9259259259259258,1.0,0.022325496630145675,0.0519835138308632
euclidean,3,1,0.5555555555555555,0.8703703703703703,1.0,0.03448550761030554,0.0677067771787072
pearson,3,1,0.5925925925925926,0.9259259259259258,1.0,0.02091345411444477,0.04681423232067839
cosine,3,2,0.5925925925925926,0.9259259259259258,1.0,0.02646818304030961,0.05802515493705646
euclidean,3,2,0.5555555555555555,0.8888888888888888,1.0,0.03692490921759479,0.06617661493297866
pearson,3,2,0.5925925925925926,0.9259259259259258,1.0,0.02385996350389433,0.06110921632549585
cosine,3,3,0.5925925925925926,0.9259259259259258,1.0,0.022868033553223168,0.05168465477133258
euclidean,3,3,0.5555555555555555,0.8888888888888888,1.0,0.03385555396489643,0.06469534007161316
pearson,3,3,0.5925925925925926,0.9259259259259258,1.0,0.022625000421225963,0.05860788099734149
cosine,3,4,0.5925925925925926,0.9259259259259258,1.0,0.024570206915626263,0.05033974017353691
euclidean,3,4,0.5555555555555555,0.8888888888888888,1.0,0.053822719415530865,0.09982374476967362
pearson,3,4,0.5925925925925926,0.9259259259259258,1.0,0.025466347752090758,0.05624406840932052
