distance,k,i,precision,recall,mrr,mae,rmse
cosine,3,0,0.5555555555555555,0.9259259259259258,0.9444444444444444,0.09471044015271565,0.2240424114658603
euclidean,3,0,0.5555555555555555,0.9259259259259258,0.9444444444444444,0.10203981859127345,0.21999018014905283
pearson,3,0,0.5925925925925926,0.9629629629629629,1.0,0.05170216450660764,0.08571225883799669
cosine,3,1,0.5925925925925926,0.9629629629629629,0.9444444444444444,0.07690637982340297,0.19949356738817145
euclidean,3,1,0.5925925925925926,0.9629629629629629,0.9444444444444444,0.08991951885847088,0.2144420439762633
pearson,3,1,0.6296296296296295,1.0,1.0,0.035260262207735454,0.07261460617353471
cosine,3,2,0.5925925925925926,0.9629629629629629,1.0,0.05050899282053911,0.08836449890167157
euclidean,3,2,0.5555555555555555,0.9259259259259258,1.0,0.08099671711766422,0.16624066380817681
pearson,3,2,0.5925925925925926,0.9629629629629629,1.0,0.04458901740129604,0.07936026917607975
cosine,3,3,0.5925925925925926,0.9629629629629629,1.0,0.0666865358142391,0.1281858031087715
euclidean,3,3,0.5925925925925926,0.9629629629629629,0.8888888888888888,0.10498276226137175,0.17479020377037455
pearson,3,3,0.6296296296296295,1.0,1.0,0.06080947530495575,0.11544181573918008
cosine,3,4,0.5925925925925926,0.9629629629629629,1.0,0.03043784769901122,0.06527147657097962
euclidean,3,4,0.5555555555555555,0.9259259259259258,0.9444444444444444,0.05755331773544236,0.11665711539888357
pearson,3,4,0.5925925925925926,0.9629629629629629,1.0,0.030520019916121726,0.06549825631661338
