distance,k,i,precision,recall,mrr,mae,rmse
cosine,3,0,0.5925925925925926,0.9259259259259258,1.0,0.03469597193327816,0.0888716675310807
euclidean,3,0,0.6296296296296295,0.9629629629629629,1.0,0.0662020797874126,0.16945050005703638
pearson,3,0,0.5925925925925926,0.9259259259259258,1.0,0.0296574572795047,0.08328442993936129
cosine,3,1,0.6296296296296295,0.9629629629629629,0.8888888888888888,0.05974895256720462,0.1456499103553944
euclidean,3,1,0.5555555555555555,0.8888888888888888,0.9444444444444444,0.06424546834135474,0.1428369282905809
pearson,3,1,0.6666666666666665,1.0,0.9444444444444444,0.044269660192704806,0.12997866160741375
cosine,3,2,0.5925925925925926,0.9074074074074073,1.0,0.08065679905976837,0.1791645201328466
euclidean,3,2,0.5555555555555555,0.8888888888888888,1.0,0.08454117027707003,0.1662304333600237
pearson,3,2,0.5925925925925926,0.9074074074074073,1.0,0.0743192211415604,0.172206166144499
cosine,3,3,0.5925925925925926,0.9259259259259258,1.0,0.036263718210893324,0.07346647301723243
euclidean,3,3,0.6296296296296295,0.9629629629629629,1.0,0.045932111273195894,0.07472446514664531
pearson,3,3,0.5925925925925926,0.9259259259259258,1.0,0.038259140295678666,0.07568655778341667
cosine,3,4,0.5925925925925926,0.8518518518518517,0.8888888888888888,0.062380962515451555,0.17709864310986612
euclidean,3,4,0.6296296296296295,0.8888888888888888,0.8888888888888888,0.06269018899622818,0.17912546650552266
pearson,3,4,0.5925925925925926,0.8518518518518517,0.8888888888888888,0.05117813015160673,0.1742638135295236
