distance,k,i,precision,recall,mrr,mae,rmse
cosine,2,0,0.7777777777777778,0.9444444444444444,0.8888888888888888,0.10901192570337909,0.22868925039756494
euclidean,2,0,0.7222222222222222,0.8888888888888888,0.8888888888888888,0.09775953816522465,0.16855352352094016
pearson,2,0,0.8333333333333334,1.0,1.0,0.09771031225372977,0.20698232783182388
cosine,2,1,0.8333333333333334,1.0,1.0,0.04391852729089642,0.08474348170661047
euclidean,2,1,0.8333333333333334,1.0,1.0,0.09952740487023838,0.21032673420657777
pearson,2,1,0.7777777777777778,0.9444444444444444,1.0,0.04754551265033542,0.092204177064708
cosine,2,2,0.7777777777777778,0.9444444444444444,1.0,0.04239292203488033,0.07450544602161197
euclidean,2,2,0.7222222222222222,0.8888888888888888,0.9444444444444444,0.06960562704981603,0.11247107441517952
pearson,2,2,0.7777777777777778,0.9444444444444444,1.0,0.04148405721070785,0.07248531648918592
cosine,2,3,0.8333333333333334,1.0,1.0,0.025304913290137697,0.038042732133931355
euclidean,2,3,0.7222222222222222,0.8888888888888888,0.8333333333333334,0.10465127452068476,0.22200190780622894
pearson,2,3,0.8333333333333334,1.0,1.0,0.02509633173269578,0.03770475983868979
cosine,2,4,0.7777777777777778,0.9444444444444444,1.0,0.02396618138570605,0.038107850566936344
euclidean,2,4,0.7222222222222222,0.8888888888888888,0.9444444444444444,0.04639817893385161,0.0764105133192821
pearson,2,4,0.7777777777777778,0.9444444444444444,1.0,0.028192163095483544,0.048540463776785746
