distance,k,i,precision,recall,mrr,mae,rmse
cosine,3,0,0.6666666666666665,1.0,1.0,0.030294132271252303,0.06903866407660093
euclidean,3,0,0.6296296296296295,0.9629629629629629,1.0,0.04049405953408929,0.07218202733232951
pearson,3,0,0.6666666666666665,1.0,1.0,0.03055569153180279,0.07405893356835118
cosine,3,1,0.6296296296296295,0.9629629629629629,1.0,0.034974182721119455,0.07124859251395614
euclidean,3,1,0.6296296296296295,0.9629629629629629,1.0,0.050232096402748644,0.0890357637582268
pearson,3,1,0.6296296296296295,0.9629629629629629,1.0,0.03791634114420304,0.0818583077907242
cosine,3,2,0.5925925925925926,0.9259259259259258,1.0,0.02603212701688544,0.05366289440001594
euclidean,3,2,0.5555555555555555,0.8703703703703703,1.0,0.045326028855603225,0.09393679753686467
pearson,3,2,0.5925925925925926,0.9259259259259258,1.0,0.02731606752628382,0.06593000654666768
cosine,3,3,0.5925925925925926,0.9259259259259258,1.0,0.022380464721663575,0.049685255725528975
euclidean,3,3,0.5185185185185185,0.8333333333333334,1.0,0.03191217149792368,0.06629707286064451
pearson,3,3,0.5925925925925926,0.9259259259259258,1.0,0.024927622503676413,0.061090308129523235
cosine,3,4,0.5555555555555555,0.8888888888888888,1.0,0.026741229082446222,0.06116185898829285
euclidean,3,4,0.5925925925925926,0.9259259259259258,1.0,0.056666903881995086,0.13549928603391734
pearson,3,4,0.5555555555555555,0.8888888888888888,1.0,0.025107736542750548,0.057862540476442605
