distance,k,i,precision,recall,mrr,mae,rmse
cosine,2,0,0.7222222222222222,1.0,1.0,0.04539743411023778,0.08462934169298011
euclidean,2,0,0.7222222222222222,1.0,1.0,0.02959419307974173,0.06148516702587147
pearson,2,0,0.7222222222222222,1.0,1.0,0.04197597313881242,0.07732178732627452
cosine,2,1,0.6111111111111112,0.8888888888888888,1.0,0.14696134652411058,0.21553884946230153
euclidean,2,1,0.6111111111111112,0.8888888888888888,1.0,0.14715586643986187,0.20008070712976736
pearson,2,1,0.5555555555555556,0.7777777777777778,0.8888888888888888,0.14555654940791896,0.2788946501435176
cosine,2,2,0.6666666666666666,0.9444444444444444,1.0,0.10565210231834299,0.1618798019499399
euclidean,2,2,0.6666666666666666,0.9444444444444444,1.0,0.10830113472923099,0.15210604136530628
pearson,2,2,0.6111111111111112,0.8888888888888888,1.0,0.113160196799323,0.16385339209533292
cosine,2,3,0.625,0.9375,1.0,0.10226205433597584,0.13763045594585013
euclidean,2,3,0.625,0.9375,1.0,0.13281619881636952,0.17825661385612457
pearson,2,3,0.5,0.6875,0.75,0.17568103094315313,0.35332256902913173
cosine,2,4,0.6111111111111112,0.8888888888888888,1.0,0.06353286874556063,0.08910234530764706
euclidean,2,4,0.6666666666666666,0.9444444444444444,1.0,0.06121695554669131,0.07983308612557796
pearson,2,4,0.6111111111111112,0.8888888888888888,1.0,0.07203329669181835,0.1060670058128919
