distance,k,i,precision,recall,mrr,mae,rmse
cosine,1,0,0.75,0.75,0.75,0.23049470180338594,0.3484349861152856
euclidean,1,0,1.0,1.0,1.0,0.31805927377738175,0.37932208236287707
pearson,1,0,1.0,1.0,1.0,0.06733351591138427,0.1233339212309924
cosine,1,1,0.6666666666666666,0.6666666666666666,0.6666666666666666,0.28460483321528707,0.3357361223088594
euclidean,1,1,0.6666666666666666,0.6666666666666666,0.6666666666666666,0.3435932385530659,0.37283972556070055
pearson,1,1,0.6666666666666666,0.6666666666666666,0.6666666666666666,0.3030743161462115,0.38854767182712896
cosine,1,2,0.75,0.75,0.75,0.4282364989518006,0.5310510808714598
euclidean,1,2,0.75,0.75,0.75,0.47399865541732633,0.5481050577868332
pearson,1,2,1.0,1.0,1.0,0.403548085901027,0.5457695490426573
cosine,1,3,1.0,1.0,1.0,0.17322262053641144,0.21599914810678847
euclidean,1,3,1.0,1.0,1.0,0.27486646223435174,0.3294212558398742
pearson,1,3,1.0,1.0,1.0,0.09052310413205973,0.14969459825035905
cosine,1,4,0.75,0.75,0.75,0.15541590768037047,0.19220524568267275
euclidean,1,4,0.75,0.75,0.75,0.21669590643818204,0.26590315352018956
pearson,1,4,0.75,0.75,0.75,0.20015270225648552,0.2544555039286022
