distance,k,i,precision,recall,mrr,mae,rmse
cosine,2,0,0.8333333333333334,1.0,1.0,0.03648101303078729,0.06542838768104149
euclidean,2,0,0.5833333333333334,0.75,1.0,0.08575981927333103,0.15637183348149103
pearson,2,0,0.8333333333333334,1.0,1.0,0.0342090471624837,0.06344966877524655
cosine,2,1,0.75,0.9166666666666666,1.0,0.07172084886043997,0.13050680966652123
euclidean,2,1,0.6666666666666666,0.8333333333333334,1.0,0.08038368978742805,0.13982597420595425
pearson,2,1,0.75,0.9166666666666666,1.0,0.06923842605109892,0.12753960744473475
cosine,2,2,0.75,0.9166666666666666,1.0,0.025129410756786173,0.0579732040625697
euclidean,2,2,0.75,0.9166666666666666,1.0,0.05162675481185021,0.12367570136868077
pearson,2,2,0.75,0.9166666666666666,1.0,0.02134774020263858,0.05234700313368135
cosine,2,3,0.6666666666666666,0.8333333333333334,1.0,0.04833822472271519,0.10829127894155514
euclidean,2,3,0.6666666666666666,0.8333333333333334,1.0,0.06106477002533293,0.12063753263406167
pearson,2,3,0.6666666666666666,0.8333333333333334,1.0,0.046993652103167194,0.10797114880587222
cosine,2,4,0.75,0.9166666666666666,1.0,0.037590421820280086,0.0719571216489357
euclidean,2,4,0.6666666666666666,0.8333333333333334,0.8333333333333334,0.09748381987326594,0.198813385323428
pearson,2,4,0.75,0.9166666666666666,1.0,0.027829960714723084,0.0598859565918501
