distance,k,i,precision,recall,mrr,mae,rmse
cosine,1,0,0.8888888888888888,0.8888888888888888,0.8888888888888888,0.09774785250768607,0.16247780688706284
euclidean,1,0,0.7777777777777778,0.7777777777777778,0.7777777777777778,0.11226410093424233,0.17201911637758233
pearson,1,0,0.8888888888888888,0.8888888888888888,0.8888888888888888,0.10072818085319324,0.2279110029567409
cosine,1,1,0.7777777777777778,0.7777777777777778,0.7777777777777778,0.10762388274899819,0.23926037006753334
euclidean,1,1,0.8888888888888888,0.8888888888888888,0.8888888888888888,0.11326508799572306,0.18920324989553955
pearson,1,1,0.8888888888888888,0.8888888888888888,0.8888888888888888,0.07195853728530567,0.1369340721314202
cosine,1,2,0.8888888888888888,0.8888888888888888,0.8888888888888888,0.0856701603003565,0.1427048519633751
euclidean,1,2,0.6666666666666666,0.6666666666666666,0.6666666666666666,0.10137832146643273,0.14874948611213407
pearson,1,2,0.8888888888888888,0.8888888888888888,0.8888888888888888,0.05809788437551496,0.09587382152719824
cosine,1,3,0.7777777777777778,0.7777777777777778,0.7777777777777778,0.1309800081634387,0.2621092995314063
euclidean,1,3,0.8888888888888888,0.8888888888888888,0.8888888888888888,0.15344566935642448,0.27912741310340106
pearson,1,3,0.6666666666666666,0.6666666666666666,0.6666666666666666,0.12977679710496257,0.304408930294717
cosine,1,4,0.7777777777777778,0.7777777777777778,0.7777777777777778,0.10932032061908316,0.20469517078432423
euclidean,1,4,0.7777777777777778,0.7777777777777778,0.7777777777777778,0.1444903329837297,0.22963554262524746
pearson,1,4,0.6666666666666666,0.6666666666666666,0.6666666666666666,0.05863306976695668,0.10568146494182784
