distance,k,i,precision,recall,mrr,mae,rmse
cosine,3,0,0.6666666666666666,1.0,1.0,0.02185984942107307,0.040232233049008234
euclidean,3,0,0.6666666666666666,1.0,1.0,0.030013796496903212,0.07986178974493141
pearson,3,0,0.6666666666666666,1.0,1.0,0.017993688110826928,0.033440632680896164
cosine,3,1,0.5555555555555556,0.861111111111111,1.0,0.025463834672223063,0.053966185192096734
euclidean,3,1,0.611111111111111,0.9166666666666666,0.9166666666666666,0.051141834709708386,0.14348474518129323
pearson,3,1,0.5555555555555556,0.861111111111111,1.0,0.020291776679377243,0.03936770712186531
cosine,3,2,0.611111111111111,0.9444444444444445,1.0,0.028467952266074115,0.06673739451905836
euclidean,3,2,0.611111111111111,0.9444444444444445,0.9166666666666666,0.05099363881947516,0.15738250354578148
pearson,3,2,0.611111111111111,0.9444444444444445,1.0,0.01579192688140446,0.03190522289695488
cosine,3,3,0.611111111111111,0.9444444444444445,1.0,0.017691715302070497,0.031419305281590613
euclidean,3,3,0.611111111111111,0.9444444444444445,1.0,0.02902314353102502,0.06567836488701125
pearson,3,3,0.611111111111111,0.9444444444444445,1.0,0.012686081584926684,0.02393797572137443
cosine,3,4,0.5555555555555555,0.8888888888888888,1.0,0.04132503436944402,0.06902251102357752
euclidean,3,4,0.5555555555555555,0.8888888888888888,1.0,0.05318081038306928,0.10580087061515062
pearson,3,4,0.5555555555555555,0.8888888888888888,1.0,0.041364063621522604,0.0701809681453983
