distance,k,i,precision,recall,mrr,mae,rmse
cosine,2,0,0.6111111111111112,0.8888888888888888,1.0,0.05474068256861236,0.09078932885377622
euclidean,2,0,0.6666666666666666,0.9444444444444444,1.0,0.048733848392840166,0.07771908763520613
pearson,2,0,0.6111111111111112,0.8888888888888888,1.0,0.04939863600585631,0.08498351326243493
cosine,2,1,0.6666666666666666,0.9444444444444444,1.0,0.09124382563106359,0.1408915568223353
euclidean,2,1,0.7222222222222222,1.0,1.0,0.09618554187900458,0.13011627353290695
pearson,2,1,0.6111111111111112,0.8333333333333334,0.8888888888888888,0.11977783776370045,0.2635326768521262
cosine,2,2,0.6111111111111112,0.8888888888888888,1.0,0.10361435520645934,0.15008326751529813
euclidean,2,2,0.6111111111111112,0.8888888888888888,1.0,0.10918493796076012,0.14512393307225588
pearson,2,2,0.6111111111111112,0.8888888888888888,1.0,0.10114793193078075,0.14217780409048414
cosine,2,3,0.6666666666666666,0.9444444444444444,1.0,0.05252298769301474,0.078551473317596
euclidean,2,3,0.6666666666666666,0.9444444444444444,1.0,0.06732534406989968,0.09212779997542841
pearson,2,3,0.6666666666666666,0.9444444444444444,1.0,0.05053076815757282,0.07472733324349727
cosine,2,4,0.6666666666666666,0.9444444444444444,1.0,0.07213436162661763,0.09755255979096444
euclidean,2,4,0.6666666666666666,0.9444444444444444,1.0,0.09489851574007864,0.12028186118436532
pearson,2,4,0.6111111111111112,0.8333333333333334,0.8888888888888888,0.09391291508083392,0.24915037006386345
