distance,k,i,precision,recall,mrr,mae,rmse
cosine,3,0,0.5925925925925926,0.9259259259259258,1.0,0.04565712524909646,0.09894598968436835
euclidean,3,0,0.5925925925925926,0.9259259259259258,0.9444444444444444,0.07549952947142619,0.14811814179393668
pearson,3,0,0.5925925925925926,0.9259259259259258,1.0,0.037761127641218285,0.08934189935567147
cosine,3,1,0.5925925925925926,0.9259259259259258,1.0,0.0512879353254299,0.09942134349922799
euclidean,3,1,0.5925925925925926,0.9259259259259258,1.0,0.06539460622095067,0.10442455886855921
pearson,3,1,0.5555555555555555,0.8148148148148148,0.8888888888888888,0.06099487323809269,0.18244889744944473
cosine,3,2,0.6296296296296295,0.9629629629629629,1.0,0.04526899462934872,0.1164661510481927
euclidean,3,2,0.6296296296296295,0.9629629629629629,1.0,0.07108972804757777,0.15925770711060863
pearson,3,2,0.6296296296296295,0.9629629629629629,1.0,0.046849915174369455,0.1312330017160518
cosine,3,3,0.6666666666666665,1.0,1.0,0.02726870125869127,0.07432616176669593
euclidean,3,3,0.5925925925925926,0.9259259259259258,1.0,0.05037114532709142,0.11582218553026714
pearson,3,3,0.6666666666666665,1.0,1.0,0.024781379315987433,0.0699492123662466
cosine,3,4,0.5925925925925926,0.9259259259259258,1.0,0.04133513365238309,0.08122107900441276
euclidean,3,4,0.5925925925925926,0.9259259259259258,1.0,0.054012206913984284,0.10106010970081111
pearson,3,4,0.5925925925925926,0.9259259259259258,1.0,0.039900173654634434,0.07932754614912074
