distance,k,i,precision,recall,mrr,mae,rmse
cosine,1,0,0.875,0.875,0.875,0.1520147730249577,0.19636834722194674
euclidean,1,0,0.875,0.875,0.875,0.13897653529570758,0.17788048917272747
pearson,1,0,0.625,0.625,0.625,0.20480253078978103,0.3669847438093523
cosine,1,1,0.875,0.875,0.875,0.12836086906488284,0.1823473997273368
euclidean,1,1,0.875,0.875,0.875,0.1377116721115932,0.1791331538860072
pearson,1,1,0.75,0.75,0.75,0.1977715510537432,0.3540149202595666
cosine,1,2,0.875,0.875,0.875,0.15418237624966674,0.21620023470784183
euclidean,1,2,0.875,0.875,0.875,0.14063817026774536,0.19166081768733786
pearson,1,2,0.875,0.875,0.875,0.1452363962984099,0.19204767374006193
cosine,1,3,0.8888888888888888,0.8888888888888888,0.8888888888888888,0.15350627364713507,0.21150651349518007
euclidean,1,3,0.8888888888888888,0.8888888888888888,0.8888888888888888,0.17656851357683542,0.23132042295561908
pearson,1,3,0.8888888888888888,0.8888888888888888,0.8888888888888888,0.16799244706290892,0.28266428528816107
cosine,1,4,0.875,0.875,0.875,0.15938666391206968,0.19475495777640292
euclidean,1,4,0.875,0.875,0.875,0.15402452915341033,0.1842019279080315
pearson,1,4,0.75,0.75,0.75,0.20416103490628082,0.3260295579385974
