distance,k,i,precision,recall,mrr,mae,rmse
cosine,1,0,0.8333333333333334,0.8333333333333334,0.8333333333333334,0.1042956062095538,0.20848454441373096
euclidean,1,0,0.6666666666666666,0.6666666666666666,0.6666666666666666,0.1529668698261465,0.22083762408172103
pearson,1,0,0.8333333333333334,0.8333333333333334,0.8333333333333334,0.10975276953203661,0.2344707510857293
cosine,1,1,0.8333333333333334,0.8333333333333334,0.8333333333333334,0.09274633599474623,0.21584473044528482
euclidean,1,1,0.8333333333333334,0.8333333333333334,0.8333333333333334,0.1118664584428693,0.25420886187699454
pearson,1,1,0.8333333333333334,0.8333333333333334,0.8333333333333334,0.09766148910498076,0.21839842126483497
cosine,1,2,0.8333333333333334,0.8333333333333334,0.8333333333333334,0.09832054460858783,0.21453369102002642
euclidean,1,2,0.8333333333333334,0.8333333333333334,0.8333333333333334,0.14629925059473903,0.25394818916701634
pearson,1,2,0.8333333333333334,0.8333333333333334,0.8333333333333334,0.08306745935649183,0.2105855162015641
cosine,1,3,1.0,1.0,1.0,0.04656019538634896,0.07886668285275594
euclidean,1,3,0.8333333333333334,0.8333333333333334,0.8333333333333334,0.06079328930636759,0.10080523932252182
pearson,1,3,1.0,1.0,1.0,0.06703739257251755,0.09799840525006058
cosine,1,4,0.8333333333333334,0.8333333333333334,0.8333333333333334,0.11945412608956497,0.1990632020994543
euclidean,1,4,0.8333333333333334,0.8333333333333334,0.8333333333333334,0.15598359925596275,0.23711502178069846
pearson,1,4,1.0,1.0,1.0,0.06117990562490996,0.09638709742592555
