distance,k,i,precision,recall,mrr,mae,rmse
cosine,1,0,0.6666666666666666,0.6666666666666666,0.6666666666666666,0.3892213569789244,0.5295137669671511
euclidean,1,0,0.6666666666666666,0.6666666666666666,0.6666666666666666,0.40197819597693785,0.524772189469839
pearson,1,0,1.0,1.0,1.0,0.22822025309218155,0.31931631581723746
cosine,1,1,1.0,1.0,1.0,0.29690874420231655,0.35121832138902787
euclidean,1,1,0.75,0.75,0.75,0.34744426603747053,0.4109279214515127
pearson,1,1,1.0,1.0,1.0,0.14101646983226132,0.1790987815480796
cosine,1,2,1.0,1.0,1.0,0.23214379187206832,0.31289401001405603
euclidean,1,2,1.0,1.0,1.0,0.2425668616314535,0.2691148875396637
pearson,1,2,1.0,1.0,1.0,0.19016061307111143,0.23298711841127093
cosine,1,3,1.0,1.0,1.0,0.13938725978201028,0.20169800443667663
euclidean,1,3,0.6666666666666666,0.6666666666666666,0.6666666666666666,0.2525079725355599,0.31326909464295155
pearson,1,3,0.6666666666666666,0.6666666666666666,0.6666666666666666,0.1248422313762558,0.20441134634708022
cosine,1,4,1.0,1.0,1.0,0.16139492629431829,0.21754755641809587
euclidean,1,4,0.75,0.75,0.75,0.22502918171491032,0.32170037874455504
pearson,1,4,1.0,1.0,1.0,0.18918771506069254,0.23173765275527966
