distance,k,i,precision,recall,mrr,mae,rmse
cosine,2,0,0.6666666666666666,0.9444444444444444,1.0,0.10967546423178204,0.1662472106026068
euclidean,2,0,0.6666666666666666,0.9444444444444444,1.0,0.10990174023961223,0.16658914376503356
pearson,2,0,0.7222222222222222,1.0,1.0,0.12110435626756999,0.1712072520362585
cosine,2,1,0.6666666666666666,0.9444444444444444,1.0,0.1161358294518429,0.17199950648804527
euclidean,2,1,0.7222222222222222,1.0,1.0,0.10488165147747139,0.1615726521144965
pearson,2,1,0.6666666666666666,0.9444444444444444,1.0,0.13801505466385117,0.2106053371933642
cosine,2,2,0.6666666666666666,0.9444444444444444,1.0,0.10388638278517816,0.16605414511179203
euclidean,2,2,0.7222222222222222,1.0,1.0,0.10349779438179899,0.1578307674031152
pearson,2,2,0.6666666666666666,0.9444444444444444,1.0,0.10077063108316783,0.15712116237871282
cosine,2,3,0.6666666666666666,0.9444444444444444,1.0,0.10479063096823281,0.15107565540967785
euclidean,2,3,0.6666666666666666,0.9444444444444444,1.0,0.09880172705766938,0.13225766160387228
pearson,2,3,0.6666666666666666,0.9444444444444444,1.0,0.10478329520132654,0.1515655009648056
cosine,2,4,0.625,0.9375,1.0,0.06557474279006908,0.0906555920543109
euclidean,2,4,0.625,0.9375,1.0,0.07836978870666632,0.10084456689964921
pearson,2,4,0.625,0.9375,1.0,0.08211957470283698,0.12605162133120443
