distance,k,i,precision,recall,mrr,mae,rmse
cosine,2,0,0.6666666666666666,0.8888888888888888,1.0,0.03870787623064535,0.07089181794372323
euclidean,2,0,0.6111111111111112,0.8333333333333334,1.0,0.07148027160155536,0.12510351344327272
pearson,2,0,0.6111111111111112,0.8333333333333334,1.0,0.03199451721350988,0.063656842982117
cosine,2,1,0.7222222222222222,0.9444444444444444,1.0,0.08149079179087408,0.1553189032616183
euclidean,2,1,0.7222222222222222,0.9444444444444444,0.9444444444444444,0.11404826155072523,0.19519501930676128
pearson,2,1,0.6666666666666666,0.8333333333333334,0.8888888888888888,0.08448872003830687,0.2281342624415688
cosine,2,2,0.6111111111111112,0.8333333333333334,1.0,0.03958779950932367,0.07931338885702761
euclidean,2,2,0.7222222222222222,0.9444444444444444,1.0,0.057600289021498406,0.11124190396906414
pearson,2,2,0.5555555555555556,0.7777777777777778,1.0,0.0453094435147773,0.09601331649128292
cosine,2,3,0.7777777777777778,1.0,1.0,0.03894551199011668,0.0859499898346891
euclidean,2,3,0.7777777777777778,1.0,1.0,0.04628258904925967,0.08056274725210001
pearson,2,3,0.7222222222222222,0.9444444444444444,1.0,0.039140909120574885,0.08281493105626828
cosine,2,4,0.6111111111111112,0.8333333333333334,1.0,0.0321881254147359,0.06777804262898712
euclidean,2,4,0.6111111111111112,0.8333333333333334,1.0,0.06149647137716385,0.12595122471418738
pearson,2,4,0.6111111111111112,0.8333333333333334,1.0,0.03482325381233004,0.07568253952698961
