distance,k,i,precision,recall,mrr,mae,rmse
cosine,1,0,0.6666666666666666,0.6666666666666666,0.6666666666666666,0.19597252643892663,0.30766702684171754
euclidean,1,0,0.5555555555555556,0.5555555555555556,0.5555555555555556,0.21602772478099552,0.3276767524846933
pearson,1,0,0.7777777777777778,0.7777777777777778,0.7777777777777778,0.18630637589060775,0.3086088085165284
cosine,1,1,0.7777777777777778,0.7777777777777778,0.7777777777777778,0.22268350894896904,0.3736033887772761
euclidean,1,1,0.6666666666666666,0.6666666666666666,0.6666666666666666,0.2222964186044588,0.3452074076275099
pearson,1,1,0.7777777777777778,0.7777777777777778,0.7777777777777778,0.21835015705662006,0.386100772660718
cosine,1,2,0.625,0.625,0.625,0.23360720153666384,0.30608153037465935
euclidean,1,2,0.625,0.625,0.625,0.2208265033028598,0.27379087985990425
pearson,1,2,0.75,0.75,0.75,0.2016658980715644,0.25406278109413294
cosine,1,3,0.5444444444444444,0.4444444444444444,0.4444444444444444,0.2302953016903444,0.36986519861481204
euclidean,1,3,0.6666666666666666,0.6666666666666666,0.6666666666666666,0.20548937270062853,0.33033644138188445
pearson,1,3,0.5555555555555556,0.5555555555555556,0.5555555555555556,0.20252560435171366,0.3483563480381974
cosine,1,4,0.8888888888888888,0.8888888888888888,0.8888888888888888,0.14241690686971895,0.21992134080228995
euclidean,1,4,0.6666666666666666,0.6666666666666666,0.6666666666666666,0.13785239172180125,0.2015236991716773
pearson,1,4,1.0,1.0,1.0,0.10629759333992257,0.14246253843973503
