distance,k,i,precision,recall,mrr,mae,rmse
cosine,1,0,0.7777777777777778,0.7777777777777778,0.7777777777777778,0.12900280463568067,0.27066739654976063
euclidean,1,0,0.7777777777777778,0.7777777777777778,0.7777777777777778,0.12469624544396928,0.17844533374764493
pearson,1,0,0.8888888888888888,0.8888888888888888,0.8888888888888888,0.05182061120291346,0.08087528229534509
cosine,1,1,0.7777777777777778,0.7777777777777778,0.7777777777777778,0.0732895101276378,0.12506761445805195
euclidean,1,1,0.8888888888888888,0.8888888888888888,0.8888888888888888,0.11315206298661044,0.17681805560383762
pearson,1,1,0.8888888888888888,0.8888888888888888,0.8888888888888888,0.05114582669478063,0.08345969780557418
cosine,1,2,0.7777777777777778,0.7777777777777778,0.7777777777777778,0.08543748721784176,0.14970665525208815
euclidean,1,2,0.8888888888888888,0.8888888888888888,0.8888888888888888,0.12146958607084428,0.16445891917733152
pearson,1,2,0.8888888888888888,0.8888888888888888,0.8888888888888888,0.07184290304906386,0.1349848089775904
cosine,1,3,0.7777777777777778,0.7777777777777778,0.7777777777777778,0.11164028119989966,0.23046225304734172
euclidean,1,3,0.7777777777777778,0.7777777777777778,0.7777777777777778,0.11849042396335081,0.18911540843747007
pearson,1,3,0.8888888888888888,0.8888888888888888,0.8888888888888888,0.06839510730887433,0.09009376930104039
cosine,1,4,0.7777777777777778,0.7777777777777778,0.7777777777777778,0.10709475861485475,0.19280575847389825
euclidean,1,4,0.7777777777777778,0.7777777777777778,0.7777777777777778,0.1402731490584235,0.25157022295599096
pearson,1,4,0.8888888888888888,0.8888888888888888,0.8888888888888888,0.08548270978375368,0.1543925403446329
