distance,k,i,precision,recall,mrr,mae,rmse
cosine,1,0,0.6,0.6,0.6,0.08601315265728222,0.15943393701677333
euclidean,1,0,0.8,0.8,0.8,0.1562891740117522,0.24283610753325827
pearson,1,0,0.8,0.8,0.8,0.0764729139944558,0.15050304639858694
cosine,1,1,0.6666666666666666,0.6666666666666666,0.6666666666666666,0.24959355088602117,0.4235068630604456
euclidean,1,1,0.8333333333333334,0.8333333333333334,0.8333333333333334,0.2605258313182706,0.42964601721845436
pearson,1,1,0.5,0.5,0.5,0.23958446961236035,0.43464175608285993
cosine,1,2,1.0,1.0,1.0,0.040460898948264594,0.07752743374182713
euclidean,1,2,0.6,0.6,0.6,0.09644477370660923,0.1972635801725534
pearson,1,2,1.0,1.0,1.0,0.036262058018238695,0.05410844676478863
cosine,1,3,0.6666666666666666,0.6666666666666666,0.6666666666666666,0.09730279356705993,0.17838161459819746
euclidean,1,3,0.8333333333333334,0.8333333333333334,0.8333333333333334,0.09069135337508431,0.16159431226004223
pearson,1,3,0.6666666666666666,0.6666666666666666,0.6666666666666666,0.0993286829142242,0.2135480367009143
cosine,1,4,0.8333333333333334,0.8333333333333334,0.8333333333333334,0.10508614101830364,0.17379894210790148
euclidean,1,4,0.5,0.5,0.5,0.1479757709613506,0.2533750231239053
pearson,1,4,0.8333333333333334,0.8333333333333334,0.8333333333333334,0.10338971790370682,0.2131029316486441
