distance,k,i,precision,recall,mrr,mae,rmse
cosine,2,0,0.6111111111111112,0.8888888888888888,1.0,0.13773625688626548,0.20902784720701378
euclidean,2,0,0.5555555555555556,0.8333333333333334,1.0,0.11391576281078368,0.18878083301048704
pearson,2,0,0.6111111111111112,0.8888888888888888,1.0,0.14265928292538171,0.21325505168944586
cosine,2,1,0.6111111111111112,0.8888888888888888,1.0,0.1818692409990351,0.23866837269934024
euclidean,2,1,0.5555555555555556,0.8333333333333334,1.0,0.16619333239435477,0.2234390337141231
pearson,2,1,0.6111111111111112,0.8888888888888888,1.0,0.1908696485961739,0.24462661806526703
cosine,2,2,0.6666666666666666,0.9444444444444444,1.0,0.06944092803577137,0.10665114728825686
euclidean,2,2,0.6111111111111112,0.8888888888888888,1.0,0.06299633379615074,0.10948556269386711
pearson,2,2,0.6666666666666666,0.9444444444444444,1.0,0.06735614148988897,0.10538530670066182
cosine,2,3,0.6666666666666666,0.9444444444444444,1.0,0.10345825128492316,0.14780318262279038
euclidean,2,3,0.6666666666666666,0.9444444444444444,1.0,0.12599901402959324,0.17387647638235454
pearson,2,3,0.7222222222222222,1.0,1.0,0.10361074800705626,0.1479213756789755
cosine,2,4,0.625,0.9375,1.0,0.11947713752463049,0.1614138022384655
euclidean,2,4,0.625,0.9375,1.0,0.10118020451419807,0.1355066459424934
pearson,2,4,0.625,0.9375,1.0,0.12060058560612681,0.15875233511367906
