distance,k,i,precision,recall,mrr,mae,rmse
cosine,3,0,0.6296296296296295,1.0,1.0,0.042501455905588924,0.0837055280727129
euclidean,3,0,0.6296296296296295,1.0,1.0,0.037096538668575825,0.06877899020822859
pearson,3,0,0.6296296296296295,1.0,1.0,0.04470958799337793,0.09529716276859863
cosine,3,1,0.6296296296296295,1.0,1.0,0.011530367869141881,0.02796186208906606
euclidean,3,1,0.6296296296296295,1.0,1.0,0.03627705538207857,0.07210694082793362
pearson,3,1,0.6296296296296295,1.0,1.0,0.011506638046025273,0.027914235109277714
cosine,3,2,0.6296296296296295,1.0,1.0,0.014010026177296294,0.03494994597087574
euclidean,3,2,0.6296296296296295,1.0,1.0,0.027054313961753115,0.050012358796421755
pearson,3,2,0.6296296296296295,1.0,1.0,0.013965849771295915,0.034881810015592006
cosine,3,3,0.5925925925925926,0.8888888888888888,0.8888888888888888,0.06031502483674646,0.18456803274847436
euclidean,3,3,0.5925925925925926,0.9629629629629629,0.9444444444444444,0.06704765569176875,0.13808591923797497
pearson,3,3,0.6296296296296295,1.0,1.0,0.04823985446702746,0.18245329627057064
cosine,3,4,0.6296296296296295,1.0,1.0,0.01863608545666743,0.03780922138530834
euclidean,3,4,0.6296296296296295,1.0,1.0,0.03595442447024286,0.06054493074546862
pearson,3,4,0.6296296296296295,1.0,1.0,0.018566194425380024,0.03765994057757936
