distance,k,i,precision,recall,mrr,mae,rmse
cosine,1,0,0.8333333333333334,0.8333333333333334,0.8333333333333334,0.17725697823027908,0.3078507555157485
euclidean,1,0,0.5,0.5,0.5,0.19273348018277345,0.3274695947379017
pearson,1,0,0.8333333333333334,0.8333333333333334,0.8333333333333334,0.13593093290706196,0.2931923534917067
cosine,1,1,0.8333333333333334,0.8333333333333334,0.8333333333333334,0.11611309915729384,0.23464475499877038
euclidean,1,1,0.8333333333333334,0.8333333333333334,0.8333333333333334,0.1175900927138536,0.24861453559456523
pearson,1,1,0.8333333333333334,0.8333333333333334,0.8333333333333334,0.11529046952257949,0.24630698247868973
cosine,1,2,0.6666666666666666,0.6666666666666666,0.6666666666666666,0.2024665139925872,0.33850885327835967
euclidean,1,2,0.8333333333333334,0.8333333333333334,0.8333333333333334,0.19707547665889041,0.31185221005945074
pearson,1,2,0.5,0.5,0.5,0.20045296182363226,0.360896894404881
cosine,1,3,0.8333333333333334,0.8333333333333334,0.8333333333333334,0.13189643645438115,0.2592042861513223
euclidean,1,3,0.8333333333333334,0.8333333333333334,0.8333333333333334,0.12915570045173203,0.25669369538614534
pearson,1,3,0.8333333333333334,0.8333333333333334,0.8333333333333334,0.10481978586569675,0.24461197542485238
cosine,1,4,0.8333333333333334,0.8333333333333334,0.8333333333333334,0.07560358941973512,0.1674671083374
euclidean,1,4,0.8333333333333334,0.8333333333333334,0.8333333333333334,0.09450388481142928,0.17630207033468806
pearson,1,4,0.8333333333333334,0.8333333333333334,0.8333333333333334,0.07350722557703972,0.16630706715947513
