distance,k,i,precision,recall,mrr,mae,rmse
cosine,1,0,1.0,1.0,1.0,0.1439412483286676,0.205877803182572
euclidean,1,0,1.0,1.0,1.0,0.11519843109952035,0.1717623760372742
pearson,1,0,0.8333333333333334,0.8333333333333334,0.8333333333333334,0.2276991631596103,0.3049900665139346
cosine,1,1,0.875,0.875,0.875,0.13798392654287378,0.19033346552590283
euclidean,1,1,0.875,0.875,0.875,0.11966000426351714,0.1848224532823778
pearson,1,1,0.75,0.75,0.75,0.17959029355655212,0.2806295897661899
cosine,1,2,0.875,0.875,0.875,0.1244476068711704,0.20856679180854776
euclidean,1,2,0.875,0.875,0.875,0.09864695433519492,0.19182302073651586
pearson,1,2,0.875,0.875,0.875,0.10783034130560903,0.19802839750195536
cosine,1,3,0.8571428571428571,0.8571428571428571,0.8571428571428571,0.18972557235644807,0.25863217412982337
euclidean,1,3,0.8571428571428571,0.8571428571428571,0.8571428571428571,0.1648325690180208,0.2374634259706825
pearson,1,3,0.8571428571428571,0.8571428571428571,0.8571428571428571,0.16960460117514836,0.2403439153733484
cosine,1,4,0.8571428571428571,0.8571428571428571,0.8571428571428571,0.2710888920045065,0.3264632839584827
euclidean,1,4,0.8571428571428571,0.8571428571428571,0.8571428571428571,0.26762020491767213,0.3260003429973429
pearson,1,4,0.5714285714285714,0.5714285714285714,0.5714285714285714,0.3890895248530464,0.5570800222084838
