distance,k,i,precision,recall,mrr,mae,rmse
cosine,1,0,1.0,1.0,1.0,0.07551505108363223,0.11183025836060556
euclidean,1,0,1.0,1.0,1.0,0.05127394471092027,0.06942248201634749
pearson,1,0,0.875,0.875,0.875,0.10282022854797689,0.17104153583879345
cosine,1,1,0.875,0.875,0.875,0.13697411413007343,0.18145995836985512
euclidean,1,1,0.875,0.875,0.875,0.12984335858106544,0.1861936257727261
pearson,1,1,1.0,1.0,1.0,0.09245640137010874,0.13190849170544194
cosine,1,2,1.0,1.0,1.0,0.20640631328297934,0.25158996870965705
euclidean,1,2,1.0,1.0,1.0,0.17982229709786274,0.214009712956794
pearson,1,2,1.0,1.0,1.0,0.27184687081991815,0.32016910508942353
cosine,1,3,1.0,1.0,1.0,0.08646985265997115,0.12324292729897103
euclidean,1,3,1.0,1.0,1.0,0.05707865880979853,0.09869407096331703
pearson,1,3,1.0,1.0,1.0,0.06919320721466077,0.10797519348976455
cosine,1,4,1.0,1.0,1.0,0.1943718710490783,0.2255827141729252
euclidean,1,4,1.0,1.0,1.0,0.21115337866433706,0.23727677995205418
pearson,1,4,0.8571428571428571,0.8571428571428571,0.8571428571428571,0.27072677725079514,0.4039017584109833
