distance,k,i,precision,recall,mrr,mae,rmse
cosine,3,0,0.6296296296296295,1.0,1.0,0.02810076674151773,0.054728882417695246
euclidean,3,0,0.5555555555555555,0.9259259259259258,0.9259259259259258,0.07365832070002894,0.16328856686887927
pearson,3,0,0.6296296296296295,1.0,1.0,0.02795415154270671,0.05443827872140428
cosine,3,1,0.5925925925925926,0.9629629629629629,1.0,0.05361148777468272,0.1008165921118069
euclidean,3,1,0.5925925925925926,0.9629629629629629,0.8888888888888888,0.09356060833490894,0.18241282590404542
pearson,3,1,0.6296296296296295,1.0,1.0,0.049082555721918136,0.08751606560602666
cosine,3,2,0.5555555555555556,0.8518518518518517,0.8888888888888888,0.09194866025195263,0.2193686748204593
euclidean,3,2,0.5555555555555556,0.8518518518518517,0.8888888888888888,0.09906861760649019,0.22261328965298324
pearson,3,2,0.5925925925925926,0.9629629629629629,0.925925925925926,0.08710721010078612,0.21846882071344226
cosine,3,3,0.5555555555555555,0.9259259259259258,0.9444444444444444,0.09390575381121387,0.2115015998939171
euclidean,3,3,0.5185185185185185,0.8888888888888888,0.9444444444444444,0.09300468676588061,0.15852576478850883
pearson,3,3,0.5925925925925926,0.9629629629629629,1.0,0.04304953762213049,0.07153384769619116
cosine,3,4,0.5925925925925926,0.9629629629629629,1.0,0.05376525867686701,0.10087190791066422
euclidean,3,4,0.5555555555555555,0.9259259259259258,0.9444444444444444,0.0748880053074851,0.13254762965970102
pearson,3,4,0.6296296296296295,1.0,1.0,0.05016075885306986,0.09001936753579522
