distance,k,i,precision,recall,mrr,mae,rmse
cosine,2,0,0.7777777777777778,0.9444444444444444,1.0,0.0883328224294287,0.16065045285718563
euclidean,2,0,0.6666666666666666,0.7777777777777778,0.7777777777777778,0.13072188100084153,0.2333197631574283
pearson,2,0,0.7777777777777778,0.9444444444444444,1.0,0.07964814759561323,0.14948885229146322
cosine,2,1,0.7222222222222222,0.8888888888888888,1.0,0.04022875424603196,0.09582990899268365
euclidean,2,1,0.6111111111111112,0.7777777777777778,0.8333333333333334,0.11386115902982051,0.19556999119906968
pearson,2,1,0.7777777777777778,0.9444444444444444,1.0,0.04116250317252196,0.0962135557065281
cosine,2,2,0.8333333333333334,1.0,1.0,0.0485967711931223,0.08385505407248815
euclidean,2,2,0.7222222222222222,0.8888888888888888,0.8888888888888888,0.10269439670790552,0.14451154165239763
pearson,2,2,0.8333333333333334,1.0,1.0,0.05145376136666328,0.08610072604973537
cosine,2,3,0.7777777777777778,0.9444444444444444,0.9444444444444444,0.16181772836004374,0.29517321769905447
euclidean,2,3,0.7222222222222222,0.8888888888888888,0.8888888888888888,0.13130167512101265,0.24117937063697098
pearson,2,3,0.7777777777777778,0.9444444444444444,1.0,0.11161906209835305,0.20806365881709618
cosine,2,4,0.7222222222222222,0.8888888888888888,0.8333333333333334,0.13773018669812495,0.27268650693309876
euclidean,2,4,0.6666666666666666,0.8333333333333334,0.8333333333333334,0.14867807690196086,0.2791758766327635
pearson,2,4,0.8333333333333334,1.0,1.0,0.0815499202826762,0.13152814760278114
