distance,k,i,precision,recall,mrr,mae,rmse
cosine,3,0,0.6296296296296295,1.0,1.0,0.01483724752051653,0.0418678754478141
euclidean,3,0,0.5925925925925926,0.9629629629629629,1.0,0.030820206013355403,0.07058935250167721
pearson,3,0,0.6296296296296295,1.0,1.0,0.014885207499246059,0.041882958371246004
cosine,3,1,0.6296296296296295,1.0,1.0,0.018909041889574426,0.04075377187579735
euclidean,3,1,0.5925925925925926,0.9629629629629629,0.9444444444444444,0.051131002209121285,0.11922395518744226
pearson,3,1,0.6296296296296295,1.0,1.0,0.018869444014302437,0.040679298224046014
cosine,3,2,0.5925925925925926,0.9629629629629629,1.0,0.017396981457326294,0.03627246078037069
euclidean,3,2,0.5555555555555555,0.9259259259259258,0.9444444444444444,0.06887742558770116,0.1736653762161769
pearson,3,2,0.5925925925925926,0.9629629629629629,1.0,0.017351774205424275,0.03619707227845994
cosine,3,3,0.6296296296296295,1.0,1.0,0.019585798845215892,0.040767106201882536
euclidean,3,3,0.6296296296296295,1.0,1.0,0.03918863532670202,0.06341501112258632
pearson,3,3,0.6296296296296295,1.0,1.0,0.01952633292588204,0.040576259915528885
cosine,3,4,0.6296296296296295,1.0,1.0,0.012987373603655074,0.027521614842535097
euclidean,3,4,0.6296296296296295,1.0,1.0,0.023095044986005082,0.04152426722342517
pearson,3,4,0.6296296296296295,1.0,1.0,0.0175573925698601,0.044345335086469005
