distance,k,i,precision,recall,mrr,mae,rmse
cosine,3,0,0.5555555555555555,0.8888888888888888,1.0,0.04758484961374542,0.12507901641719127
euclidean,3,0,0.5,0.8055555555555555,1.0,0.05906823678619956,0.1034521007586122
pearson,3,0,0.5555555555555555,0.8888888888888888,1.0,0.046720203220825395,0.1306200430067032
cosine,3,1,0.5555555555555555,0.8888888888888888,1.0,0.046974673399022365,0.10652149526422847
euclidean,3,1,0.5555555555555555,0.8888888888888888,0.9166666666666666,0.07568036571295764,0.17997765640921645
pearson,3,1,0.5555555555555555,0.8888888888888888,1.0,0.029473284455890234,0.06457816030892757
cosine,3,2,0.611111111111111,0.9444444444444445,1.0,0.02528747300471536,0.06623947604779913
euclidean,3,2,0.611111111111111,0.9444444444444445,1.0,0.040148713860156345,0.08166267562066647
pearson,3,2,0.611111111111111,0.9444444444444445,1.0,0.023720984499359176,0.06506039110545547
cosine,3,3,0.5555555555555555,0.8888888888888888,1.0,0.04015586449078115,0.09021773893410673
euclidean,3,3,0.5555555555555555,0.8888888888888888,0.9166666666666666,0.07098359012354598,0.18521935031641037
pearson,3,3,0.5555555555555555,0.8888888888888888,1.0,0.024559225366831847,0.05005120693617771
cosine,3,4,0.5555555555555555,0.8888888888888888,1.0,0.04001557421838595,0.11497901327513521
euclidean,3,4,0.5,0.8055555555555555,0.9166666666666666,0.06369262227140274,0.1771035901063829
pearson,3,4,0.5555555555555555,0.8888888888888888,1.0,0.014698460550213678,0.036092500467494695
