distance,k,i,precision,recall,mrr,mae,rmse
cosine,3,0,0.48148148148148145,1.0,1.0,0.08632431084423031,0.16146357354971722
euclidean,3,0,0.4444444444444444,0.9444444444444444,1.0,0.07505594139103532,0.14023575305014108
pearson,3,0,0.4844444444444444,0.9444444444444444,1.0,0.07416123736560665,0.1442306744487495
cosine,3,1,0.4444444444444444,0.9444444444444444,1.0,0.023186681724434527,0.04310288296001423
euclidean,3,1,0.4444444444444444,0.9444444444444444,1.0,0.035512603864261576,0.07897871584940885
pearson,3,1,0.4844444444444444,0.9444444444444444,1.0,0.022648560829607072,0.038140881421338514
cosine,3,2,0.48148148148148145,1.0,1.0,0.0696929361454105,0.14438466108347783
euclidean,3,2,0.48148148148148145,1.0,1.0,0.06762183362952198,0.12745167581273775
pearson,3,2,0.48148148148148145,1.0,1.0,0.06608227306521441,0.1294176021606028
cosine,3,3,0.48148148148148145,1.0,1.0,0.07750730636759032,0.11326127908767628
euclidean,3,3,0.48148148148148145,1.0,1.0,0.0929349516897605,0.1398553666199089
pearson,3,3,0.48148148148148145,1.0,1.0,0.07758027534550069,0.11442818912164868
cosine,3,4,0.48148148148148145,1.0,1.0,0.099693639392145,0.1640617274906262
euclidean,3,4,0.48148148148148145,1.0,1.0,0.10223006788982889,0.17909999426856504
pearson,3,4,0.4844444444444444,0.9444444444444444,1.0,0.0722577858405352,0.11193352324134805
