distance,k,i,precision,recall,mrr,mae,rmse
cosine,2,0,0.6666666666666666,0.8333333333333334,1.0,0.06508061998351793,0.1205977237882797
euclidean,2,0,0.5833333333333334,0.6666666666666666,0.8333333333333334,0.1031216019934602,0.18757886294746873
pearson,2,0,0.5833333333333334,0.75,1.0,0.05940681352332506,0.11426390511951401
cosine,2,1,0.75,0.9166666666666666,1.0,0.048844412253961675,0.08776053108997993
euclidean,2,1,0.75,0.9166666666666666,0.9166666666666666,0.07302654873337315,0.14011667995898053
pearson,2,1,0.75,0.9166666666666666,1.0,0.04880304504555349,0.08676365203950528
cosine,2,2,0.6666666666666666,0.75,0.8333333333333334,0.0696050641250886,0.20411403190062963
euclidean,2,2,0.75,0.8333333333333334,0.8333333333333334,0.08183779474961246,0.21990112170738724
pearson,2,2,0.75,0.9166666666666666,0.9166666666666666,0.06593242777691023,0.20258143216820648
cosine,2,3,0.6666666666666666,0.75,0.8333333333333334,0.11523719738392815,0.2422045266932702
euclidean,2,3,0.6666666666666666,0.75,0.8333333333333334,0.12159141679502156,0.24123078412449422
pearson,2,3,0.75,0.9166666666666666,0.9166666666666666,0.09033083702810943,0.23443459409217018
cosine,2,4,0.75,0.9166666666666666,1.0,0.03913805658576099,0.07385422663657508
euclidean,2,4,0.75,0.9166666666666666,0.9166666666666666,0.06431695133856,0.14687051357053432
pearson,2,4,0.75,0.9166666666666666,1.0,0.04050255388771346,0.06740312191633735
