distance,k,i,precision,recall,mrr,mae,rmse
cosine,2,0,0.5,0.5,0.8333333333333334,0.17851637990998923,0.31054999012209267
euclidean,2,0,0.5,0.5,0.8333333333333334,0.17911775254365134,0.3084642283886595
pearson,2,0,0.5555555555555556,0.5555555555555556,0.8888888888888888,0.18092435268675042,0.3121911840602126
cosine,2,1,0.7222222222222222,0.7222222222222222,0.8888888888888888,0.13263229870024923,0.2248284454316624
euclidean,2,1,0.6111111111111112,0.6111111111111112,0.8888888888888888,0.145383153323496,0.2337430675390143
pearson,2,1,0.7777777777777778,0.7777777777777778,0.8888888888888888,0.13969141198909063,0.2417717834760038
cosine,2,2,0.6666666666666666,0.6666666666666666,0.9444444444444444,0.10742374955323085,0.17446269142874266
euclidean,2,2,0.5555555555555556,0.5555555555555556,0.9444444444444444,0.1169425452801015,0.1800107309631894
pearson,2,2,0.6666666666666666,0.6666666666666666,1.0,0.10598939979295699,0.18277776561717
cosine,2,3,0.5555555555555556,0.5555555555555556,0.8333333333333334,0.1421422099558395,0.24763061741242495
euclidean,2,3,0.5555555555555556,0.5555555555555556,0.8333333333333334,0.1416338390942015,0.24223234861043438
pearson,2,3,0.5555555555555556,0.5555555555555556,0.8333333333333334,0.14395553587579837,0.2504365941115357
cosine,2,4,0.6111111111111112,0.6111111111111112,0.8888888888888888,0.10248555683646642,0.1783004796269926
euclidean,2,4,0.5555555555555556,0.5555555555555556,0.8888888888888888,0.11097428023688814,0.18377181363072406
pearson,2,4,0.6666666666666666,0.6666666666666666,0.8888888888888888,0.10545057749660514,0.1861784755203199
cosine,2,5,0.5555555555555556,0.5555555555555556,0.8333333333333334,0.14608294279520972,0.2620921263385996
euclidean,2,5,0.5,0.5,0.8333333333333334,0.1493380854641638,0.2625235191945469
pearson,2,5,0.6111111111111112,0.6111111111111112,0.8333333333333334,0.15209252786232091,0.26380026517663085
cosine,2,6,0.6111111111111112,0.6111111111111112,0.7777777777777778,0.13887754107064648,0.26796466730359986
euclidean,2,6,0.6111111111111112,0.6111111111111112,0.8888888888888888,0.14258831749361292,0.23654807927353932
pearson,2,6,0.5,0.5,0.8333333333333334,0.148946356270714,0.3096951847455473
cosine,2,7,0.5,0.5,0.8333333333333334,0.17525144475155052,0.30223166580351
euclidean,2,7,0.5,0.5,0.8333333333333334,0.17600145333044498,0.2913359630350666
pearson,2,7,0.4444444444444444,0.4444444444444444,0.7222222222222222,0.17018448757820345,0.2889437753520682
cosine,2,8,0.5555555555555556,0.5555555555555556,0.8888888888888888,0.12227757489291631,0.20748446961304465
euclidean,2,8,0.6111111111111112,0.6111111111111112,0.8888888888888888,0.12512224574946867,0.2053517820785317
pearson,2,8,0.5555555555555556,0.5555555555555556,0.8333333333333334,0.1263353384927953,0.22822854102283308
cosine,2,9,0.6111111111111112,0.6111111111111112,0.8888888888888888,0.1702155651425915,0.29352077997516524
euclidean,2,9,0.6111111111111112,0.6111111111111112,0.8888888888888888,0.17533663488428008,0.29490953526349917
pearson,2,9,0.6111111111111112,0.6111111111111112,0.8888888888888888,0.17145990238552805,0.2982417298427615
cosine,2,10,0.5555555555555556,0.5555555555555556,0.8333333333333334,0.1297029738448183,0.20961262947191425
euclidean,2,10,0.5,0.5,0.8333333333333334,0.11646637377504558,0.16921584724930663
pearson,2,10,0.6111111111111112,0.6111111111111112,0.8333333333333334,0.14637239024509371,0.2458607641714066
cosine,2,11,0.6111111111111112,0.6111111111111112,0.9444444444444444,0.13789198363344815,0.23100334857046148
euclidean,2,11,0.5555555555555556,0.5555555555555556,0.8888888888888888,0.1385867956449297,0.22395837688430778
pearson,2,11,0.6666666666666666,0.6666666666666666,0.9444444444444444,0.14022259354130392,0.241622246572844
cosine,2,12,0.5555555555555556,0.5555555555555556,0.7777777777777778,0.11597325642859953,0.2199920324183026
euclidean,2,12,0.5,0.5,0.8333333333333334,0.12469613906071488,0.22364479626833417
pearson,2,12,0.5555555555555556,0.5555555555555556,0.8333333333333334,0.12663363612596812,0.2393781695106672
cosine,2,13,0.6111111111111112,0.6111111111111112,0.8333333333333334,0.1098591623870119,0.2055777247879539
euclidean,2,13,0.5,0.5,0.8333333333333334,0.13393682620576322,0.20841038207261262
pearson,2,13,0.6111111111111112,0.6111111111111112,0.8333333333333334,0.11370055387169888,0.2114807781341216
cosine,2,14,0.6111111111111112,0.6111111111111112,0.7777777777777778,0.12319158578101459,0.23038218676832345
euclidean,2,14,0.6111111111111112,0.6111111111111112,0.8888888888888888,0.1298783093109321,0.21563517686123432
pearson,2,14,0.5,0.5,0.6666666666666666,0.136164252477313,0.25964492199590994
cosine,2,15,0.7222222222222222,0.7222222222222222,0.8888888888888888,0.14460852186977843,0.24170950901931937
euclidean,2,15,0.6111111111111112,0.6111111111111112,0.8888888888888888,0.14372994263481606,0.2354525982739109
pearson,2,15,0.6111111111111112,0.6111111111111112,0.8888888888888888,0.14899620156032292,0.24770204259767137
cosine,2,16,0.6666666666666666,0.6666666666666666,0.7777777777777778,0.1410200363349819,0.24166607196349912
euclidean,2,16,0.4444444444444444,0.4444444444444444,0.7777777777777778,0.13192927706666543,0.21952795170118894
pearson,2,16,0.6666666666666666,0.6666666666666666,0.7777777777777778,0.13923657658418148,0.24861938140541165
cosine,2,17,0.6111111111111112,0.6111111111111112,0.8333333333333334,0.1327224448905975,0.20937463870980655
euclidean,2,17,0.5555555555555556,0.5555555555555556,0.8333333333333334,0.13065755555391223,0.20537759269105865
pearson,2,17,0.5555555555555556,0.5555555555555556,0.8333333333333334,0.13508834792329785,0.21487277800497429
cosine,2,18,0.6111111111111112,0.6111111111111112,0.8333333333333334,0.15126958386421563,0.2739082978817477
euclidean,2,18,0.4444444444444444,0.4444444444444444,0.7777777777777778,0.163673618540547,0.26882904226528476
pearson,2,18,0.6666666666666666,0.6666666666666666,0.8333333333333334,0.1526753153282721,0.27611426309169046
cosine,2,19,0.6666666666666666,0.6666666666666666,0.9444444444444444,0.12760386632104503,0.22579746848698815
euclidean,2,19,0.6666666666666666,0.6666666666666666,0.8888888888888888,0.13883307485864121,0.21317037186850618
pearson,2,19,0.6666666666666666,0.6666666666666666,0.9444444444444444,0.13017904825865811,0.2231743672138481
