distance,k,i,precision,recall,mrr,mae,rmse
cosine,1,0,0.3333333333333333,0.3333333333333333,0.3333333333333333,0.1324445863007023,0.24740312863564062
euclidean,1,0,0.2222222222222222,0.2222222222222222,0.2222222222222222,0.1508755132023754,0.2637674188147092
pearson,1,0,0.3333333333333333,0.3333333333333333,0.3333333333333333,0.13704775005116313,0.24984916469542956
cosine,1,1,0.3333333333333333,0.3333333333333333,0.3333333333333333,0.14711367285058827,0.24446143084699423
euclidean,1,1,0.3333333333333333,0.3333333333333333,0.3333333333333333,0.14826068222932537,0.22512800356141638
pearson,1,1,0.4444444444444444,0.4444444444444444,0.4444444444444444,0.14223433315083991,0.23447669015243358
cosine,1,2,0.3333333333333333,0.3333333333333333,0.3333333333333333,0.15828392989584172,0.2804834713359497
euclidean,1,2,0.2222222222222222,0.2222222222222222,0.2222222222222222,0.1585964437320462,0.270828296031174
pearson,1,2,0.3333333333333333,0.3333333333333333,0.3333333333333333,0.16142079632003278,0.28550126626039835
cosine,1,3,0.2222222222222222,0.2222222222222222,0.2222222222222222,0.17367543584850995,0.3199826374605007
euclidean,1,3,0.2222222222222222,0.2222222222222222,0.2222222222222222,0.1814292926687791,0.3234558878355774
pearson,1,3,0.2222222222222222,0.2222222222222222,0.2222222222222222,0.17386810352732668,0.32015707049729114
cosine,1,4,0.2222222222222222,0.2222222222222222,0.2222222222222222,0.14119630703631025,0.2595983919264459
euclidean,1,4,0.2222222222222222,0.2222222222222222,0.2222222222222222,0.14965003972607246,0.2612478991592107
pearson,1,4,0.2222222222222222,0.2222222222222222,0.2222222222222222,0.14470276426315332,0.26595528139255037
cosine,1,5,0.4444444444444444,0.4444444444444444,0.4444444444444444,0.15112289289319059,0.2728118582715688
euclidean,1,5,0.2222222222222222,0.2222222222222222,0.2222222222222222,0.15609679942458402,0.2780082648701196
pearson,1,5,0.4444444444444444,0.4444444444444444,0.4444444444444444,0.15001232335897877,0.2712797563649164
cosine,1,6,0.2222222222222222,0.2222222222222222,0.2222222222222222,0.13782822277797863,0.23267568635011188
euclidean,1,6,0.2222222222222222,0.2222222222222222,0.2222222222222222,0.12750041702258316,0.2068289517620663
pearson,1,6,0.3333333333333333,0.3333333333333333,0.3333333333333333,0.13723767040510715,0.23737626664915792
cosine,1,7,0.3333333333333333,0.3333333333333333,0.3333333333333333,0.14291781279373408,0.2505967166049229
euclidean,1,7,0.2222222222222222,0.2222222222222222,0.2222222222222222,0.16947245926346444,0.2659657860369988
pearson,1,7,0.3333333333333333,0.3333333333333333,0.3333333333333333,0.14907169523609964,0.2710863743189502
cosine,1,8,0.3333333333333333,0.3333333333333333,0.3333333333333333,0.14503643879740336,0.2745869095400785
euclidean,1,8,0.3333333333333333,0.3333333333333333,0.3333333333333333,0.13731998918843072,0.25776123946314783
pearson,1,8,0.4444444444444444,0.4444444444444444,0.4444444444444444,0.1623811759679125,0.2981388803609003
cosine,1,9,0.3333333333333333,0.3333333333333333,0.3333333333333333,0.13812457689785568,0.2653948668515612
euclidean,1,9,0.3333333333333333,0.3333333333333333,0.3333333333333333,0.14518186595025245,0.2648212916847369
pearson,1,9,0.3333333333333333,0.3333333333333333,0.3333333333333333,0.13511632923111627,0.2619415507310178
cosine,1,10,0.2222222222222222,0.2222222222222222,0.2222222222222222,0.15110790163610682,0.27921468646234154
euclidean,1,10,0.2222222222222222,0.2222222222222222,0.2222222222222222,0.16482305468428074,0.28155017931567217
pearson,1,10,0.2222222222222222,0.2222222222222222,0.2222222222222222,0.15064835331966214,0.2806114474319765
cosine,1,11,0.3333333333333333,0.3333333333333333,0.3333333333333333,0.15932647852525653,0.27088500745448035
euclidean,1,11,0.3333333333333333,0.3333333333333333,0.3333333333333333,0.16566815865188125,0.275006383397021
pearson,1,11,0.3333333333333333,0.3333333333333333,0.3333333333333333,0.15899606722989099,0.2725437699126916
cosine,1,12,0.2222222222222222,0.2222222222222222,0.2222222222222222,0.1464959353376694,0.28009850217224325
euclidean,1,12,0.2222222222222222,0.2222222222222222,0.2222222222222222,0.15042176206221863,0.2762385592327515
pearson,1,12,0.2222222222222222,0.2222222222222222,0.2222222222222222,0.14514412496962767,0.27948999605029695
cosine,1,13,0.3333333333333333,0.3333333333333333,0.3333333333333333,0.1242198240801511,0.21574025772678465
euclidean,1,13,0.2222222222222222,0.2222222222222222,0.2222222222222222,0.1302583305872491,0.21855839454522175
pearson,1,13,0.3333333333333333,0.3333333333333333,0.3333333333333333,0.13587523242380986,0.23421018186968087
cosine,1,14,0.2222222222222222,0.2222222222222222,0.2222222222222222,0.13889270624795386,0.2153625840218452
euclidean,1,14,0.2222222222222222,0.2222222222222222,0.2222222222222222,0.13875042769490084,0.21007426684025804
pearson,1,14,0.2222222222222222,0.2222222222222222,0.2222222222222222,0.13723448402055946,0.21881800793700998
cosine,1,15,0.2222222222222222,0.2222222222222222,0.2222222222222222,0.13776029118854857,0.24517867653142655
euclidean,1,15,0.2222222222222222,0.2222222222222222,0.2222222222222222,0.14210764249648383,0.24808526245630858
pearson,1,15,0.2222222222222222,0.2222222222222222,0.2222222222222222,0.13883933661566883,0.24927659969896415
cosine,1,16,0.3333333333333333,0.3333333333333333,0.3333333333333333,0.15402888629971062,0.26692833424130624
euclidean,1,16,0.3333333333333333,0.3333333333333333,0.3333333333333333,0.14929231522607334,0.23170415529955612
pearson,1,16,0.3333333333333333,0.3333333333333333,0.3333333333333333,0.13996450421018822,0.24953931001503138
cosine,1,17,0.2222222222222222,0.2222222222222222,0.2222222222222222,0.12020623884122747,0.2051884639158945
euclidean,1,17,0.2222222222222222,0.2222222222222222,0.2222222222222222,0.12748132929900996,0.2051177837792606
pearson,1,17,0.2222222222222222,0.2222222222222222,0.2222222222222222,0.12815171758867575,0.2232374508090957
cosine,1,18,0.2222222222222222,0.2222222222222222,0.2222222222222222,0.13191025134546897,0.22208489430081643
euclidean,1,18,0.2222222222222222,0.2222222222222222,0.2222222222222222,0.14377106160008069,0.2129112748334136
pearson,1,18,0.3333333333333333,0.3333333333333333,0.3333333333333333,0.1322173643111227,0.21623175674025244
cosine,1,19,0.4444444444444444,0.4444444444444444,0.4444444444444444,0.13930127955528318,0.22666554009748466
euclidean,1,19,0.3333333333333333,0.3333333333333333,0.3333333333333333,0.1490191685754383,0.22981045854305152
pearson,1,19,0.4444444444444444,0.4444444444444444,0.4444444444444444,0.1486435410869719,0.2515032369445686
