distance,k,i,precision,recall,mrr,mae,rmse
cosine,3,0,0.7037037037037037,0.7037037037037037,1.0,0.1271785975328476,0.22697094402800416
euclidean,3,0,0.5555555555555555,0.5555555555555555,1.0,0.12965777733055706,0.2330425042543694
pearson,3,0,0.6666666666666665,0.6666666666666665,1.0,0.1430535308868703,0.2459241535856942
cosine,3,1,0.6666666666666666,0.6666666666666666,1.0,0.12799297674215745,0.2546109061908318
euclidean,3,1,0.5555555555555555,0.5555555555555555,1.0,0.14327689267048163,0.2629613907721
pearson,3,1,0.7407407407407408,0.6666666666666666,1.0,0.13275744865281336,0.2701695554908953
cosine,3,2,0.7037037037037037,0.7037037037037037,1.0,0.120402393324956,0.21669489322297897
euclidean,3,2,0.5555555555555556,0.5555555555555556,1.0,0.1463484946952614,0.24228043603551702
pearson,3,2,0.6666666666666666,0.6666666666666666,1.0,0.12938238551171355,0.2364765030398336
cosine,3,3,0.6666666666666666,0.6666666666666666,1.0,0.1241881738580591,0.23850593890814453
euclidean,3,3,0.5925925925925926,0.5925925925925926,1.0,0.13695966175566285,0.24637772214751147
pearson,3,3,0.7407407407407407,0.6666666666666665,1.0,0.1316996479622354,0.2481749393071923
cosine,3,4,0.6296296296296297,0.6296296296296297,1.0,0.1371489063860779,0.2263662998246964
euclidean,3,4,0.5925925925925926,0.5925925925925926,1.0,0.13604564281164674,0.22421915524051375
pearson,3,4,0.6666666666666666,0.6666666666666666,1.0,0.1411844346283825,0.23638321452836572
cosine,3,5,0.5925925925925926,0.5925925925925926,1.0,0.15251516126496983,0.2742351184180792
euclidean,3,5,0.48148148148148145,0.48148148148148145,1.0,0.14828505605806222,0.26231150885475446
pearson,3,5,0.5925925925925926,0.5185185185185185,1.0,0.14876986033112316,0.2725459451069838
cosine,3,6,0.5185185185185186,0.5555555555555556,0.7037037037037037,0.1299430880571609,0.2195123525177547
euclidean,3,6,0.3703703703703704,0.3888888888888889,0.574074074074074,0.1316904980976335,0.22033653694362146
pearson,3,6,0.5555555555555556,0.5925925925925926,0.7592592592592592,0.12983020405146745,0.22210526938872832
cosine,3,7,0.7037037037037037,0.7037037037037037,1.0,0.12670145372684266,0.21763802979375607
euclidean,3,7,0.5925925925925926,0.5925925925925926,1.0,0.1256460578288609,0.21581499784196165
pearson,3,7,0.6296296296296297,0.6296296296296297,0.9444444444444444,0.14073504960758149,0.2602114195388865
cosine,3,8,0.7407407407407408,0.7407407407407408,1.0,0.14941323904742332,0.23823173972397818
euclidean,3,8,0.5925925925925926,0.5925925925925926,1.0,0.159689580595654,0.2449586382665054
pearson,3,8,0.7407407407407408,0.7407407407407408,1.0,0.14717843777553258,0.23769017494483774
cosine,3,9,0.6296296296296297,0.6296296296296297,1.0,0.17075553896852097,0.2888824121517263
euclidean,3,9,0.5925925925925926,0.5925925925925926,1.0,0.17839754746606734,0.2949238718537828
pearson,3,9,0.6666666666666666,0.6666666666666666,1.0,0.1697703910046281,0.29034077043970696
cosine,3,10,0.6296296296296295,0.6296296296296295,1.0,0.12182152549607221,0.22221899202116954
euclidean,3,10,0.5925925925925926,0.5925925925925926,1.0,0.1398547851813153,0.2044105063719692
pearson,3,10,0.7037037037037037,0.7037037037037037,0.9444444444444444,0.12490263163094603,0.22665302273633506
cosine,3,11,0.5925925925925926,0.5925925925925926,0.9444444444444444,0.12467618306304087,0.23354070437707403
euclidean,3,11,0.48148148148148145,0.48148148148148145,1.0,0.13388043488647197,0.2203066635525583
pearson,3,11,0.7407407407407408,0.6666666666666666,1.0,0.10866516414017789,0.21972869645387882
cosine,3,12,0.7037037037037037,0.7037037037037037,1.0,0.16079697969589593,0.2700963655592032
euclidean,3,12,0.5925925925925926,0.5925925925925926,1.0,0.16263488364491738,0.2693296400008905
pearson,3,12,0.7037037037037037,0.7037037037037037,1.0,0.1592184035387273,0.26972904901290945
cosine,3,13,0.5925925925925926,0.5925925925925926,0.8333333333333334,0.15409182936999608,0.28116254618420267
euclidean,3,13,0.5185185185185185,0.5185185185185185,1.0,0.15925038190898758,0.26552669499848347
pearson,3,13,0.5925925925925926,0.5925925925925926,0.8333333333333334,0.16585751893893783,0.29703925211336357
cosine,3,14,0.6666666666666666,0.6666666666666666,1.0,0.11042185442997245,0.21647269586937568
euclidean,3,14,0.48148148148148145,0.48148148148148145,1.0,0.11731486742110066,0.2208499748074722
pearson,3,14,0.6666666666666666,0.6666666666666666,1.0,0.10942195220980486,0.21661729547070446
cosine,3,15,0.6296296296296297,0.6296296296296297,1.0,0.1546313618033452,0.2805815991690413
euclidean,3,15,0.5185185185185185,0.5185185185185185,1.0,0.15154343133711798,0.2555515296482052
pearson,3,15,0.6111111111111112,0.5925925925925926,1.0,0.15025566058588047,0.2731713563167771
cosine,3,16,0.5555555555555555,0.5555555555555555,1.0,0.14957432377638352,0.2235883475469794
euclidean,3,16,0.5185185185185185,0.5185185185185185,1.0,0.15225077782101656,0.22725503773227906
pearson,3,16,0.6296296296296295,0.6296296296296295,1.0,0.15071212386658364,0.2259063995860298
cosine,3,17,0.7037037037037037,0.7037037037037037,1.0,0.13272033232553138,0.21761179578275128
euclidean,3,17,0.5555555555555556,0.5555555555555556,1.0,0.14014352405174718,0.2220695847043905
pearson,3,17,0.7407407407407407,0.7407407407407407,1.0,0.11918044971979809,0.21261207716438976
cosine,3,18,0.6666666666666666,0.6666666666666666,1.0,0.12550155413247752,0.21475211301335817
euclidean,3,18,0.6666666666666666,0.6666666666666666,1.0,0.13867970245675595,0.21901155570905195
pearson,3,18,0.6481481481481481,0.6296296296296297,1.0,0.1291151736239675,0.2231082951094533
cosine,3,19,0.5925925925925926,0.5925925925925926,1.0,0.12920218828128077,0.23904103306062835
euclidean,3,19,0.5555555555555555,0.5555555555555555,1.0,0.14213381831488334,0.2429642422224994
pearson,3,19,0.6296296296296295,0.6296296296296295,1.0,0.12840653726805554,0.23674561367542998
