distance,k,i,precision,recall,mrr,mae,rmse
cosine,1,0,0.6578947368421053,0.6578947368421053,0.6578947368421053,0.11172647532377418,0.19996624451214695
euclidean,1,0,0.6842105263157895,0.6842105263157895,0.6842105263157895,0.12448939882400592,0.2034618336199828
pearson,1,0,0.6578947368421053,0.6578947368421053,0.6578947368421053,0.09931269846730718,0.1995009057343667
cosine,1,1,0.7894736842105263,0.7894736842105263,0.7894736842105263,0.07252815804593517,0.14828560590107795
euclidean,1,1,0.8157894736842105,0.8157894736842105,0.8157894736842105,0.0887922555302397,0.1470275700183445
pearson,1,1,0.868421052631579,0.868421052631579,0.868421052631579,0.06235393304229639,0.1374275966959459
cosine,1,2,0.7105263157894737,0.7105263157894737,0.7105263157894737,0.09373902875504571,0.18413147975633548
euclidean,1,2,0.7368421052631579,0.7368421052631579,0.7368421052631579,0.09471794750050261,0.1645492275132253
pearson,1,2,0.7368421052631579,0.7368421052631579,0.7368421052631579,0.07100828700154849,0.1637464914433806
cosine,1,3,0.7631578947368421,0.7631578947368421,0.7631578947368421,0.08804373975480918,0.15965783313706805
euclidean,1,3,0.7105263157894737,0.7105263157894737,0.7105263157894737,0.10684686357278446,0.17119958851711292
pearson,1,3,0.7894736842105263,0.7894736842105263,0.7894736842105263,0.062019105079897406,0.1448590160714009
cosine,1,4,0.7894736842105263,0.7894736842105263,0.7894736842105263,0.0823291857133178,0.1465458749086553
euclidean,1,4,0.7368421052631579,0.7368421052631579,0.7368421052631579,0.09330479959217612,0.14751354259449678
pearson,1,4,0.7368421052631579,0.7368421052631579,0.7368421052631579,0.07521088087472795,0.15590500499314608
cosine,1,5,0.7105263157894737,0.7105263157894737,0.7105263157894737,0.09823069369958684,0.18996789230190336
euclidean,1,5,0.7631578947368421,0.7631578947368421,0.7631578947368421,0.11072774960083687,0.18841271656751118
pearson,1,5,0.631578947368421,0.631578947368421,0.631578947368421,0.09327668089757564,0.2079962533950579
cosine,1,6,0.8157894736842105,0.8157894736842105,0.8157894736842105,0.08064708501521622,0.15333892587765097
euclidean,1,6,0.868421052631579,0.868421052631579,0.868421052631579,0.09904668674592534,0.16819255392260266
pearson,1,6,0.7631578947368421,0.7631578947368421,0.7631578947368421,0.07375424124806136,0.1669670409292121
cosine,1,7,0.7105263157894737,0.7105263157894737,0.7105263157894737,0.08508915655575404,0.16241419348796973
euclidean,1,7,0.6842105263157895,0.6842105263157895,0.6842105263157895,0.09631306055331629,0.15763999577821486
pearson,1,7,0.7105263157894737,0.7105263157894737,0.7105263157894737,0.07757614034567539,0.1694402444378143
cosine,1,8,0.7894736842105263,0.7894736842105263,0.7894736842105263,0.0793072574828298,0.17550420382666343
euclidean,1,8,0.7631578947368421,0.7631578947368421,0.7631578947368421,0.10251092824321921,0.18749606738551539
pearson,1,8,0.7894736842105263,0.7894736842105263,0.7894736842105263,0.06829860308967856,0.17272584416606485
cosine,1,9,0.7631578947368421,0.7631578947368421,0.7631578947368421,0.07165630858180926,0.14797075265078502
euclidean,1,9,0.7894736842105263,0.7894736842105263,0.7894736842105263,0.09347067245991933,0.15954344077851293
pearson,1,9,0.7631578947368421,0.7631578947368421,0.7631578947368421,0.06631244831430103,0.15630274878302103
