distance,k,i,precision,recall,mrr,mae,rmse
cosine,1,0,0.8157894736842105,0.8157894736842105,0.8157894736842105,0.07629966132377307,0.1730686086368435
euclidean,1,0,0.9210526315789473,0.9210526315789473,0.9210526315789473,0.07770419313827956,0.15829522946375288
pearson,1,0,0.7631578947368421,0.7631578947368421,0.7631578947368421,0.07520675658685182,0.1817893684667129
cosine,1,1,0.8947368421052632,0.8947368421052632,0.8947368421052632,0.06634039634022851,0.1307248514047107
euclidean,1,1,0.868421052631579,0.868421052631579,0.868421052631579,0.08555235178617318,0.15233806647226214
pearson,1,1,0.868421052631579,0.868421052631579,0.868421052631579,0.05832570372255687,0.13539271304396688
cosine,1,2,0.9210526315789473,0.9210526315789473,0.9210526315789473,0.07949238540118282,0.15630109457419394
euclidean,1,2,0.9210526315789473,0.9210526315789473,0.9210526315789473,0.08317389498971495,0.14594586283243077
pearson,1,2,0.8157894736842105,0.8157894736842105,0.8157894736842105,0.06831793995064196,0.16636111704061013
cosine,1,3,0.8157894736842105,0.8157894736842105,0.8157894736842105,0.07407636135451336,0.1552717649972998
euclidean,1,3,0.8421052631578947,0.8421052631578947,0.8421052631578947,0.07956173321989017,0.15220984287275738
pearson,1,3,0.7894736842105263,0.7894736842105263,0.7894736842105263,0.0673931467779553,0.15565383579297368
cosine,1,4,0.7894736842105263,0.7894736842105263,0.7894736842105263,0.08413909602880877,0.1497274882382058
euclidean,1,4,0.8947368421052632,0.8947368421052632,0.8947368421052632,0.09377024651757757,0.15590773385581905
pearson,1,4,0.7894736842105263,0.7894736842105263,0.7894736842105263,0.07044442713466029,0.15778166642226274
cosine,1,5,0.9210526315789473,0.9210526315789473,0.9210526315789473,0.07380922417382894,0.1427667822299463
euclidean,1,5,0.8947368421052632,0.8947368421052632,0.8947368421052632,0.09423815147775139,0.16068466134644668
pearson,1,5,0.8947368421052632,0.8947368421052632,0.8947368421052632,0.06245778866771729,0.12942522228034764
cosine,1,6,0.868421052631579,0.868421052631579,0.868421052631579,0.07363060443762878,0.15349969754545548
euclidean,1,6,0.9473684210526315,0.9473684210526315,0.9473684210526315,0.0793434841805291,0.12924818008289254
pearson,1,6,0.8157894736842105,0.8157894736842105,0.8157894736842105,0.0719936791807139,0.16511996188851683
cosine,1,7,0.8421052631578947,0.8421052631578947,0.8421052631578947,0.07633684079164657,0.15760937403681072
euclidean,1,7,0.8421052631578947,0.8421052631578947,0.8421052631578947,0.09688320570599615,0.16468157367571676
pearson,1,7,0.8157894736842105,0.8157894736842105,0.8157894736842105,0.06467538911835224,0.1507517681201427
cosine,1,8,0.868421052631579,0.868421052631579,0.868421052631579,0.08307573589871471,0.17596935007790918
euclidean,1,8,0.868421052631579,0.868421052631579,0.868421052631579,0.10514570046076213,0.18940229951117155
pearson,1,8,0.8421052631578947,0.8421052631578947,0.8421052631578947,0.07433491194221621,0.1788004691794731
cosine,1,9,0.7105263157894737,0.7105263157894737,0.7105263157894737,0.08961850509339095,0.17211832594091955
euclidean,1,9,0.7894736842105263,0.7894736842105263,0.7894736842105263,0.09295189054879134,0.16551955347059683
pearson,1,9,0.7105263157894737,0.7105263157894737,0.7105263157894737,0.08916145231909858,0.18129840437560962
