distance,k,i,precision,recall,mrr,mae,rmse
cosine,1,0,0.7567567567567568,0.7567567567567568,0.7567567567567568,0.09145403516492139,0.1754040398201973
euclidean,1,0,0.7837837837837838,0.7837837837837838,0.7837837837837838,0.10144159797913087,0.17126188942158954
pearson,1,0,0.7027027027027027,0.7027027027027027,0.7027027027027027,0.0811818761079066,0.18181635215013225
cosine,1,1,0.7567567567567568,0.7567567567567568,0.7567567567567568,0.10065101715198435,0.19659671949272217
euclidean,1,1,0.7837837837837838,0.7837837837837838,0.7837837837837838,0.11150446995832365,0.19312098881459128
pearson,1,1,0.6756756756756757,0.6756756756756757,0.6756756756756757,0.08974351195335198,0.20359308181681765
cosine,1,2,0.7027027027027027,0.7027027027027027,0.7027027027027027,0.08715775811089713,0.16781315607152206
euclidean,1,2,0.7297297297297297,0.7297297297297297,0.7297297297297297,0.10008618670104466,0.17242832926695215
pearson,1,2,0.7027027027027027,0.7027027027027027,0.7027027027027027,0.08991711429095116,0.1921111317627245
cosine,1,3,0.8648648648648649,0.8648648648648649,0.8648648648648649,0.08381149352794562,0.15450455339414604
euclidean,1,3,0.9459459459459459,0.9459459459459459,0.9459459459459459,0.09168643272498145,0.1502780962883207
pearson,1,3,0.7567567567567568,0.7567567567567568,0.7567567567567568,0.0738242446373718,0.16277566987829442
cosine,1,4,0.8108108108108109,0.8108108108108109,0.8108108108108109,0.08335074152812405,0.18039148240478314
euclidean,1,4,0.8378378378378378,0.8378378378378378,0.8378378378378378,0.09157644999321335,0.1653733005096754
pearson,1,4,0.8108108108108109,0.8108108108108109,0.8108108108108109,0.07749056771855471,0.1860491248171661
cosine,1,5,0.7837837837837838,0.7837837837837838,0.7837837837837838,0.09477337058426408,0.17423521679895113
euclidean,1,5,0.8108108108108109,0.8108108108108109,0.8108108108108109,0.10172561326109428,0.17356850669406373
pearson,1,5,0.7027027027027027,0.7027027027027027,0.7027027027027027,0.09475639299226722,0.19825881670504836
cosine,1,6,0.8918918918918919,0.8918918918918919,0.8918918918918919,0.08529477956125196,0.14712204061842116
euclidean,1,6,0.8378378378378378,0.8378378378378378,0.8378378378378378,0.10445056349583343,0.1717320097682624
pearson,1,6,0.8378378378378378,0.8378378378378378,0.8378378378378378,0.0799468234228453,0.15873071565558583
cosine,1,7,0.7027027027027027,0.7027027027027027,0.7027027027027027,0.11083682817460763,0.20749359674176376
euclidean,1,7,0.7297297297297297,0.7297297297297297,0.7297297297297297,0.12969544124332713,0.2126169938983336
pearson,1,7,0.7027027027027027,0.7027027027027027,0.7027027027027027,0.08885779435425914,0.18878353086811442
cosine,1,8,0.8648648648648649,0.8648648648648649,0.8648648648648649,0.07491482040419518,0.13325383440526511
euclidean,1,8,0.8108108108108109,0.8108108108108109,0.8108108108108109,0.09587644589322465,0.1602191191091403
pearson,1,8,0.8108108108108109,0.8108108108108109,0.8108108108108109,0.07834944659094001,0.16192718183347501
cosine,1,9,0.7837837837837838,0.7837837837837838,0.7837837837837838,0.09131148690207473,0.173172401631393
euclidean,1,9,0.8108108108108109,0.8108108108108109,0.8108108108108109,0.11079254377005003,0.1881442399562039
pearson,1,9,0.7567567567567568,0.7567567567567568,0.7567567567567568,0.08265722473212374,0.1761591157905806
