distance,k,i,precision,recall,mrr,mae,rmse
cosine,1,0,0.7777777777777778,0.7777777777777778,0.7777777777777778,0.08038033256814667,0.15396626446345127
euclidean,1,0,0.7222222222222222,0.7222222222222222,0.7222222222222222,0.11114407311599182,0.1860783393166543
pearson,1,0,0.7777777777777778,0.7777777777777778,0.7777777777777778,0.07069546110546013,0.16682286603545982
cosine,1,1,0.6944444444444444,0.6944444444444444,0.6944444444444444,0.127685699590467,0.24308863545516973
euclidean,1,1,0.7222222222222222,0.7222222222222222,0.7222222222222222,0.12682777570556816,0.2342911122602356
pearson,1,1,0.6111111111111112,0.6111111111111112,0.6111111111111112,0.11408184975892256,0.2539496878316151
cosine,1,2,0.7777777777777778,0.7777777777777778,0.7777777777777778,0.08207251030357744,0.16579651885842614
euclidean,1,2,0.8055555555555556,0.8055555555555556,0.8055555555555556,0.09458721231384377,0.15717551454270318
pearson,1,2,0.8333333333333334,0.8333333333333334,0.8333333333333334,0.07054414365565817,0.15809651103308595
cosine,1,3,0.8055555555555556,0.8055555555555556,0.8055555555555556,0.07254544569650377,0.13038696142293824
euclidean,1,3,0.8055555555555556,0.8055555555555556,0.8055555555555556,0.0997720764702488,0.15683427027651503
pearson,1,3,0.7777777777777778,0.7777777777777778,0.7777777777777778,0.05894767495606576,0.1571475403082946
cosine,1,4,0.9166666666666666,0.9166666666666666,0.9166666666666666,0.09340826656818127,0.17818693664352378
euclidean,1,4,0.9166666666666666,0.9166666666666666,0.9166666666666666,0.10008464466640678,0.16397607354788052
pearson,1,4,0.8333333333333334,0.8333333333333334,0.8333333333333334,0.08944796347068223,0.20378672224314565
cosine,1,5,0.7777777777777778,0.7777777777777778,0.7777777777777778,0.09182825207937742,0.16824929345639078
euclidean,1,5,0.8055555555555556,0.8055555555555556,0.8055555555555556,0.09850970928702063,0.1661502889079387
pearson,1,5,0.8333333333333334,0.8333333333333334,0.8333333333333334,0.07276291393097187,0.17216153053897373
cosine,1,6,0.7777777777777778,0.7777777777777778,0.7777777777777778,0.07753992284254908,0.156463474182908
euclidean,1,6,0.8611111111111112,0.8611111111111112,0.8611111111111112,0.0884311372738199,0.13793904897861725
pearson,1,6,0.8055555555555556,0.8055555555555556,0.8055555555555556,0.06365347880418813,0.15103993590858358
cosine,1,7,0.8055555555555556,0.8055555555555556,0.8055555555555556,0.08956117921765855,0.17194918571805878
euclidean,1,7,0.7777777777777778,0.7777777777777778,0.7777777777777778,0.10116084936209825,0.17541883421183468
pearson,1,7,0.7777777777777778,0.7777777777777778,0.7777777777777778,0.07967720888255059,0.19200901320999153
cosine,1,8,0.6388888888888888,0.6388888888888888,0.6388888888888888,0.11679999041483448,0.22453349022579222
euclidean,1,8,0.6666666666666666,0.6666666666666666,0.6666666666666666,0.11696041034849468,0.2056071674982678
pearson,1,8,0.6388888888888888,0.6388888888888888,0.6388888888888888,0.09796504746260143,0.22587907508375846
cosine,1,9,0.8055555555555556,0.8055555555555556,0.8055555555555556,0.08457482508580977,0.1548017329334179
euclidean,1,9,0.75,0.75,0.75,0.10104041333640598,0.17183622457204775
pearson,1,9,0.8055555555555556,0.8055555555555556,0.8055555555555556,0.0680313203147027,0.17226582237557322
