distance,k,i,precision,recall,mrr,mae,rmse
cosine,3,0,0.5,0.5,0.7083333333333333,0.10163272230512636,0.1867012053303447
euclidean,3,0,0.5333333333333333,0.5333333333333333,0.8083333333333333,0.1075290799831556,0.17725937142419365
pearson,3,0,0.5666666666666667,0.5666666666666667,0.6708333333333334,0.09238089392762128,0.19756063026970752
cosine,3,1,0.55,0.55,0.8,0.09294371295590924,0.16585513695402807
euclidean,3,1,0.5166666666666666,0.5166666666666666,0.7916666666666667,0.1101250478069304,0.1817804972949101
pearson,3,1,0.575,0.575,0.7375,0.08398628093022438,0.17301094349108148
cosine,3,2,0.4916666666666666,0.4916666666666666,0.7333333333333333,0.0984725606695599,0.1872371439640467
euclidean,3,2,0.5166666666666667,0.5166666666666667,0.8041666666666666,0.10472553740288441,0.18427723199105267
pearson,3,2,0.575,0.575,0.6958333333333333,0.08560717455101037,0.20185102102635807
cosine,3,3,0.5166666666666666,0.5166666666666666,0.6666666666666667,0.10697507670344521,0.1862215990029189
euclidean,3,3,0.4583333333333333,0.4583333333333333,0.7375,0.11540970659956928,0.19040775120348066
pearson,3,3,0.5833333333333333,0.5833333333333333,0.6208333333333333,0.09690896514544511,0.1874935842545434
cosine,3,4,0.525,0.525,0.7041666666666666,0.09954266363288439,0.1788418201725003
euclidean,3,4,0.4833333333333333,0.4833333333333333,0.8458333333333332,0.09722531951798064,0.1601510828072863
pearson,3,4,0.5166666666666666,0.5166666666666666,0.6166666666666667,0.09727522860598474,0.1995757531964007
cosine,3,5,0.4916666666666666,0.4916666666666666,0.6958333333333333,0.09872677122225547,0.17906211292619822
euclidean,3,5,0.4583333333333333,0.4583333333333333,0.6833333333333333,0.11718295301811539,0.18827928901534266
pearson,3,5,0.575,0.575,0.7083333333333333,0.07698842102936276,0.1721791961458721
cosine,3,6,0.5083333333333333,0.5083333333333333,0.6791666666666666,0.09613665494993567,0.1804609928731056
euclidean,3,6,0.5249999999999999,0.5249999999999999,0.7333333333333334,0.10380861542439157,0.17632615738238955
pearson,3,6,0.575,0.575,0.6083333333333334,0.08965007806914264,0.19655354875705225
cosine,3,7,0.525,0.525,0.7083333333333334,0.09940763821989122,0.19459525400444344
euclidean,3,7,0.5333333333333333,0.5333333333333333,0.7208333333333334,0.10778308462560388,0.19582080356024342
pearson,3,7,0.6166666666666666,0.6166666666666666,0.5958333333333333,0.10102463209469341,0.21734939830708397
cosine,3,8,0.5,0.5,0.7583333333333333,0.10470762666038223,0.19067401824686125
euclidean,3,8,0.4916666666666666,0.4916666666666666,0.8291666666666668,0.10636743153073225,0.17686460105507232
pearson,3,8,0.5833333333333333,0.5833333333333333,0.6583333333333333,0.10227370360364639,0.2067328014224807
cosine,3,9,0.5333333333333333,0.5333333333333333,0.8333333333333333,0.0918784427440339,0.1468502750996089
euclidean,3,9,0.5,0.5,0.8416666666666666,0.10957764696409385,0.1591147945490822
pearson,3,9,0.5583333333333333,0.5583333333333333,0.8458333333333332,0.06766310721973337,0.13719420149752606
cosine,3,10,0.5166666666666666,0.5166666666666666,0.7708333333333334,0.10413962227754363,0.1776966681915812
euclidean,3,10,0.4916666666666666,0.4916666666666666,0.7791666666666667,0.11495668680525799,0.18655297948654007
pearson,3,10,0.5166666666666667,0.5166666666666667,0.6375,0.10217197366397933,0.19814689490586457
cosine,3,11,0.55,0.55,0.725,0.11430995774998655,0.19931444457407813
euclidean,3,11,0.4583333333333333,0.4583333333333333,0.7458333333333333,0.12085791657950216,0.2025278851838604
pearson,3,11,0.6,0.6,0.6,0.10623786046606287,0.21213894738566938
cosine,3,12,0.5583333333333333,0.5583333333333333,0.7541666666666667,0.08744429474801073,0.15798203829472904
euclidean,3,12,0.475,0.475,0.9,0.08736512703248296,0.14350018432720885
pearson,3,12,0.5916666666666666,0.5916666666666666,0.6916666666666667,0.08595408631757244,0.1773851771257857
cosine,3,13,0.4916666666666667,0.4916666666666667,0.6333333333333334,0.10887938242248629,0.19816968080024655
euclidean,3,13,0.55,0.55,0.7333333333333333,0.11134317590238801,0.19258388642031923
pearson,3,13,0.575,0.575,0.5958333333333333,0.10473390753319517,0.21415259395723915
cosine,3,14,0.5916666666666666,0.5916666666666666,0.7291666666666666,0.10227585593123796,0.1904168540964773
euclidean,3,14,0.5583333333333333,0.5583333333333333,0.7916666666666666,0.10878014541606512,0.19152206347280704
pearson,3,14,0.5916666666666666,0.5916666666666666,0.6541666666666667,0.10109680110253862,0.20340375975886302
cosine,3,15,0.5416666666666666,0.5416666666666666,0.7458333333333333,0.08781546175496603,0.168934661413421
euclidean,3,15,0.4833333333333334,0.4833333333333334,0.8083333333333332,0.09511634302136396,0.15938589812960238
pearson,3,15,0.5916666666666666,0.5916666666666666,0.7083333333333334,0.08225742054923162,0.16905646038923836
cosine,3,16,0.55,0.55,0.7333333333333333,0.10117194882689166,0.19044730812043817
euclidean,3,16,0.5083333333333333,0.5083333333333333,0.7708333333333334,0.1024820269638161,0.18775721838201462
pearson,3,16,0.5999999999999999,0.5999999999999999,0.6833333333333333,0.09130396886028498,0.1988861206641276
cosine,3,17,0.5416666666666667,0.5416666666666667,0.8166666666666668,0.09369573106373791,0.16071741189783062
euclidean,3,17,0.4583333333333333,0.4583333333333333,0.7833333333333332,0.11017024279194787,0.17269190119270125
pearson,3,17,0.5583333333333333,0.5583333333333333,0.7708333333333334,0.0845919976262121,0.17167611617933232
cosine,3,18,0.55,0.55,0.8625,0.08979245504638449,0.1462537873725221
euclidean,3,18,0.4916666666666666,0.4916666666666666,0.8291666666666668,0.09719667584131504,0.1511991058359797
pearson,3,18,0.6083333333333333,0.6083333333333333,0.825,0.08068202965173209,0.1647189360695719
cosine,3,19,0.475,0.475,0.6958333333333333,0.10192010542189918,0.19424055509418534
euclidean,3,19,0.4916666666666666,0.4916666666666666,0.7041666666666666,0.1177555823136744,0.198839159331227
pearson,3,19,0.5583333333333333,0.5583333333333333,0.6208333333333333,0.09279538462150429,0.2002493264032297
