distance,k,i,precision,recall,mrr,mae,rmse
cosine,2,0,0.65,0.65,0.8375,0.08343206174279345,0.14356951848640143
euclidean,2,0,0.575,0.575,0.8375,0.09025509470473787,0.14746978214912163
pearson,2,0,0.6375,0.6375,0.7125,0.08131226590174677,0.1666113115831256
cosine,2,1,0.65,0.65,0.75,0.09991734618478833,0.17264739175938865
euclidean,2,1,0.5625,0.5625,0.8375,0.10401966806788877,0.16830690351303865
pearson,2,1,0.65,0.65,0.7875,0.08255301774267854,0.15535569479239836
cosine,2,2,0.6,0.6,0.8,0.09154777499017915,0.15223289717243324
euclidean,2,2,0.5375,0.5375,0.825,0.11028321081949045,0.15973685094922727
pearson,2,2,0.6125,0.6125,0.7375,0.0833073934107006,0.16252917946234124
cosine,2,3,0.65,0.65,0.825,0.08757750384950828,0.15814891592271815
euclidean,2,3,0.5875,0.5875,0.8,0.10279247987185525,0.17184479434310712
pearson,2,3,0.6,0.6,0.7375,0.07430354049852748,0.1673139067976066
cosine,2,4,0.6625,0.6625,0.725,0.08025661387097927,0.14672721198656286
euclidean,2,4,0.5875,0.5875,0.7875,0.09672085303967821,0.14932542414516442
pearson,2,4,0.6375,0.6375,0.7,0.0733788525798104,0.16082088600124778
cosine,2,5,0.6375,0.6375,0.725,0.09874885016404977,0.18070579656572988
euclidean,2,5,0.55,0.55,0.775,0.11506092945312892,0.17874203498560326
pearson,2,5,0.675,0.675,0.7,0.09381734481762442,0.18875531561908154
cosine,2,6,0.6,0.6,0.7625,0.10261388175011506,0.17288082644490682
euclidean,2,6,0.5375,0.5375,0.75,0.11323431215235846,0.1734428808398122
pearson,2,6,0.6125,0.6125,0.725,0.08309358351886628,0.16388506686716597
cosine,2,7,0.5875,0.5875,0.7875,0.09956612160594734,0.16792148107561874
euclidean,2,7,0.5625,0.5625,0.85,0.10792659541541245,0.16465224091694847
pearson,2,7,0.5375,0.5375,0.7375,0.07937375086681248,0.16346324516163802
cosine,2,8,0.6,0.6,0.7625,0.09893404942601476,0.16861081060220787
euclidean,2,8,0.55,0.55,0.8375,0.11397115332695455,0.17086740257345348
pearson,2,8,0.575,0.575,0.7375,0.0807145605505815,0.1626981004983726
cosine,2,9,0.6,0.6,0.7,0.10666808109377292,0.18446098403283737
euclidean,2,9,0.5375,0.5375,0.725,0.12157090576730982,0.18962792653265903
pearson,2,9,0.5625,0.5625,0.6,0.10730146910857663,0.20588822771582538
cosine,2,10,0.65,0.65,0.775,0.09435888923664677,0.16290691670995885
euclidean,2,10,0.5375,0.5375,0.8,0.10381805629147456,0.16325384252787273
pearson,2,10,0.6375,0.6375,0.6875,0.08350055590392931,0.17278286640063248
cosine,2,11,0.6125,0.6125,0.7875,0.09061995176021849,0.15314870032132494
euclidean,2,11,0.575,0.575,0.8,0.09732375846015695,0.1571431239664012
pearson,2,11,0.5875,0.5875,0.7375,0.07293028171304965,0.15665451224653373
cosine,2,12,0.625,0.625,0.825,0.0860163346289519,0.15348471128726707
euclidean,2,12,0.5125,0.5125,0.8875,0.09729573072592669,0.1460329351384673
pearson,2,12,0.625,0.625,0.8,0.08354143750998366,0.16131787048791835
cosine,2,13,0.6,0.6,0.8125,0.0980822892348562,0.16859275492974893
euclidean,2,13,0.5375,0.5375,0.8875,0.1094854731806612,0.1633471147323665
pearson,2,13,0.6,0.6,0.7625,0.08550540489815234,0.17634968366093465
cosine,2,14,0.6,0.6,0.775,0.08853672392315443,0.14483667985198953
euclidean,2,14,0.5375,0.5375,0.8375,0.10741844288337792,0.1589163740480277
pearson,2,14,0.575,0.575,0.75,0.0763438097322271,0.14576591881169873
cosine,2,15,0.5375,0.5375,0.6625,0.10694849590320953,0.20471035668952958
euclidean,2,15,0.525,0.525,0.6875,0.11410479061754823,0.2041697390766996
pearson,2,15,0.5375,0.5375,0.5625,0.09899979942738463,0.21661664066238367
cosine,2,16,0.625,0.625,0.8375,0.0890120702846619,0.16158953529768127
euclidean,2,16,0.625,0.625,0.8625,0.09109429805947329,0.1581529222502653
pearson,2,16,0.6,0.6,0.7375,0.08657675081863063,0.18412030707065632
cosine,2,17,0.5375,0.5375,0.6875,0.1031616291991884,0.18871406387984538
euclidean,2,17,0.5125,0.5125,0.7625,0.10896111986504232,0.18457508874436035
pearson,2,17,0.5875,0.5875,0.6,0.09715423540039599,0.2018175328302506
cosine,2,18,0.5625,0.5625,0.7375,0.09688127507312605,0.17703441563883346
euclidean,2,18,0.55,0.55,0.7625,0.11025014614152313,0.17836875720588902
pearson,2,18,0.6,0.6,0.725,0.08201731989904393,0.17975007599807177
cosine,2,19,0.6125,0.6125,0.75,0.08564014498301072,0.16301689657281407
euclidean,2,19,0.5875,0.5875,0.8,0.09974967766017943,0.16897984956494497
pearson,2,19,0.6,0.6,0.7,0.08158419442402605,0.18061223365287918
