distance,k,i,precision,recall,mrr,mae,rmse
cosine,1,0,0.625,0.625,0.625,0.09911129103600154,0.16154958086453433
euclidean,1,0,0.6,0.6,0.6,0.116338627369467,0.18571857006970524
pearson,1,0,0.625,0.625,0.625,0.09528576188486491,0.1794241619742973
cosine,1,1,0.775,0.775,0.775,0.08247241089395844,0.1476965101937582
euclidean,1,1,0.75,0.75,0.75,0.09739134409998113,0.1613714182667787
pearson,1,1,0.675,0.675,0.675,0.0896416095276542,0.17584125516187255
cosine,1,2,0.575,0.575,0.575,0.10497655535620208,0.18836811784174606
euclidean,1,2,0.625,0.625,0.625,0.11910439113058395,0.1952360830438936
pearson,1,2,0.55,0.55,0.55,0.09833575558594303,0.1881834655505706
cosine,1,3,0.65,0.65,0.65,0.10179230836817273,0.1769755451229676
euclidean,1,3,0.65,0.65,0.65,0.10790137577518895,0.17815346474814817
pearson,1,3,0.65,0.65,0.65,0.09113513825497672,0.18182121344866925
cosine,1,4,0.75,0.75,0.75,0.0913061622087147,0.15755653406445402
euclidean,1,4,0.8,0.8,0.8,0.09931927683144377,0.15486835045656455
pearson,1,4,0.65,0.65,0.65,0.08946425492358062,0.1758632164968638
cosine,1,5,0.625,0.625,0.625,0.10099756808544125,0.17792914607275281
euclidean,1,5,0.725,0.725,0.725,0.1050278344539501,0.17011404997587987
pearson,1,5,0.675,0.675,0.675,0.08434524974851411,0.16849375598378555
cosine,1,6,0.675,0.675,0.675,0.10227214736832384,0.18811575239072195
euclidean,1,6,0.725,0.725,0.725,0.10442402127511045,0.18390826002574565
pearson,1,6,0.6,0.6,0.6,0.09417311666435073,0.1978400182484541
cosine,1,7,0.75,0.75,0.75,0.09391563966072063,0.16641456030660276
euclidean,1,7,0.75,0.75,0.75,0.10456899410792742,0.16972453576157587
pearson,1,7,0.7,0.7,0.7,0.08468531369228567,0.17686113928212732
cosine,1,8,0.75,0.75,0.75,0.0852048536804501,0.15090592072542666
euclidean,1,8,0.75,0.75,0.75,0.0974411569540476,0.1549903153058626
pearson,1,8,0.725,0.725,0.725,0.07536070284030492,0.15763943118914014
cosine,1,9,0.65,0.65,0.65,0.10184822846129411,0.1785953899033027
euclidean,1,9,0.75,0.75,0.75,0.11625012290471093,0.1836388963382256
pearson,1,9,0.55,0.55,0.55,0.09924515568485644,0.19990178852834425
cosine,1,10,0.7,0.7,0.7,0.0966646001796541,0.17374321469332124
euclidean,1,10,0.8,0.8,0.8,0.11059599107118652,0.17613334680894974
pearson,1,10,0.7,0.7,0.7,0.08285365532631428,0.17690284265009262
cosine,1,11,0.775,0.775,0.775,0.09223152770899316,0.16546213675675528
euclidean,1,11,0.8,0.8,0.8,0.10318631404013175,0.17178218182018293
pearson,1,11,0.7,0.7,0.7,0.0877957497463646,0.1717989672285217
cosine,1,12,0.775,0.775,0.775,0.08808222460021393,0.16211120818807911
euclidean,1,12,0.775,0.775,0.775,0.11278847279528108,0.16781857903216876
pearson,1,12,0.725,0.725,0.725,0.09072904557948247,0.18251872781268938
cosine,1,13,0.625,0.625,0.625,0.09189225836036863,0.17135491146925408
euclidean,1,13,0.725,0.725,0.725,0.09675008275727755,0.1569596495191626
pearson,1,13,0.65,0.65,0.65,0.08065677335810201,0.16053403771096392
cosine,1,14,0.725,0.725,0.725,0.08898845055625931,0.16878927727439028
euclidean,1,14,0.675,0.675,0.675,0.10608434302850989,0.1731351416563902
pearson,1,14,0.725,0.725,0.725,0.07414066115228102,0.16295666474591222
cosine,1,15,0.675,0.675,0.675,0.0976074836027528,0.184887056374117
euclidean,1,15,0.675,0.675,0.675,0.10554488540949573,0.18635952770375433
pearson,1,15,0.6,0.6,0.6,0.09626904076159477,0.2045567856548447
cosine,1,16,0.65,0.65,0.65,0.09463936388876704,0.17740249061146177
euclidean,1,16,0.7,0.7,0.7,0.10402140046444634,0.1783202434838232
pearson,1,16,0.6,0.6,0.6,0.09301667793463571,0.18959099076695665
cosine,1,17,0.7,0.7,0.7,0.10066816244268591,0.18359043709191297
euclidean,1,17,0.8,0.8,0.8,0.10516437222730661,0.18528200982641774
pearson,1,17,0.65,0.65,0.65,0.09727914231561403,0.19453527417110647
cosine,1,18,0.75,0.75,0.75,0.08523676760304834,0.15765036650452452
euclidean,1,18,0.775,0.775,0.775,0.09004379452499374,0.15163195493455459
pearson,1,18,0.675,0.675,0.675,0.08007122830105431,0.1694142281266667
cosine,1,19,0.7,0.7,0.7,0.1202207608858395,0.19707937953585394
euclidean,1,19,0.75,0.75,0.75,0.12215313928642928,0.19450863769807242
pearson,1,19,0.625,0.625,0.625,0.09874707413552748,0.1971634058707186
