distance,k,i,precision,recall,mrr,mae,rmse
cosine,2,0,0.8333333333333334,0.8333333333333334,0.8888888888888888,0.03708025498528998,0.06725948916859936
euclidean,2,0,0.5,0.5,0.6666666666666666,0.035832908023016315,0.062278901320203736
pearson,2,0,0.7222222222222222,0.7222222222222222,0.8333333333333334,0.04214235161709144,0.07802487283694629
cosine,2,1,0.7222222222222222,0.7222222222222222,0.7777777777777778,0.03494105869301476,0.06594363116408639
euclidean,2,1,0.5,0.5,0.6666666666666666,0.0368222034068311,0.06376091952392411
pearson,2,1,0.7777777777777778,0.7777777777777778,0.7777777777777778,0.03656783101322036,0.07542367395606453
cosine,2,2,0.5555555555555556,0.5555555555555556,0.7222222222222222,0.04073585509909621,0.08542509784602882
euclidean,2,2,0.5555555555555556,0.5555555555555556,0.6666666666666666,0.040811751833278814,0.08388307387347263
pearson,2,2,0.6111111111111112,0.6111111111111112,0.7222222222222222,0.04188317344767835,0.08831577928237042
cosine,2,3,0.7222222222222222,0.7222222222222222,0.7777777777777778,0.04176362775120595,0.08531619381212077
euclidean,2,3,0.4444444444444444,0.4444444444444444,0.6111111111111112,0.04011292173739114,0.0724804966170911
pearson,2,3,0.6666666666666666,0.6666666666666666,0.7777777777777778,0.046357127316107805,0.10592992264565025
cosine,2,4,0.6666666666666666,0.6666666666666666,0.7777777777777778,0.035612484446776255,0.06658910859387365
euclidean,2,4,0.5,0.5,0.7222222222222222,0.04228829740384021,0.06992407686505106
pearson,2,4,0.6666666666666666,0.6666666666666666,0.7777777777777778,0.0343398659822506,0.06492619250202204
cosine,2,5,0.7777777777777778,0.7777777777777778,0.7777777777777778,0.03648750969117256,0.07092341126327119
euclidean,2,5,0.5,0.5,0.7222222222222222,0.04235589488213005,0.07426459029052206
pearson,2,5,0.7777777777777778,0.7777777777777778,0.7777777777777778,0.03390743412040809,0.06782298807152978
cosine,2,6,0.7777777777777778,0.7777777777777778,0.7777777777777778,0.04365508975121204,0.10137518863526422
euclidean,2,6,0.4444444444444444,0.4444444444444444,0.6111111111111112,0.040872804940980154,0.06799402256943671
pearson,2,6,0.7777777777777778,0.7777777777777778,0.7777777777777778,0.03751642385278035,0.07339332829529553
cosine,2,7,0.8333333333333334,0.8333333333333334,0.8333333333333334,0.04063601777682887,0.07627418396424192
euclidean,2,7,0.4444444444444444,0.4444444444444444,0.6111111111111112,0.050724593689835236,0.08708859778447106
pearson,2,7,0.8333333333333334,0.8333333333333334,0.7777777777777778,0.04021901681994839,0.08038332282851454
cosine,2,8,0.6666666666666666,0.6666666666666666,0.6666666666666666,0.046959784062301765,0.09085480477378508
euclidean,2,8,0.5,0.5,0.6666666666666666,0.05094443479657166,0.09358354260086385
pearson,2,8,0.6111111111111112,0.6111111111111112,0.5555555555555556,0.04979637335816989,0.10131650348966893
cosine,2,9,0.7222222222222222,0.7222222222222222,0.7777777777777778,0.030592117269389173,0.061399663259639484
euclidean,2,9,0.5555555555555556,0.5555555555555556,0.7222222222222222,0.03790526928827593,0.062225115869294634
pearson,2,9,0.6666666666666666,0.6666666666666666,0.7777777777777778,0.03120666462811645,0.06656888116917521
