distance,k,i,precision,recall,mrr,mae,rmse
cosine,1,0,0.8888888888888888,0.8888888888888888,0.8888888888888888,0.04004569865364895,0.1016152806781464
euclidean,1,0,0.7777777777777778,0.7777777777777778,0.7777777777777778,0.04162226811515781,0.10184386519387824
pearson,1,0,0.8888888888888888,0.8888888888888888,0.8888888888888888,0.03908683848276687,0.10071562321849276
cosine,1,1,0.8888888888888888,0.8888888888888888,0.8888888888888888,0.03280148298073602,0.05504689027313818
euclidean,1,1,0.6666666666666666,0.6666666666666666,0.6666666666666666,0.03892200729671928,0.06316319060332014
pearson,1,1,0.8888888888888888,0.8888888888888888,0.8888888888888888,0.03294791627813629,0.059172379800024155
cosine,1,2,0.6666666666666666,0.6666666666666666,0.6666666666666666,0.03286745212816139,0.06305088291648672
euclidean,1,2,0.6666666666666666,0.6666666666666666,0.6666666666666666,0.03928369515219605,0.06679018333846265
pearson,1,2,0.8888888888888888,0.8888888888888888,0.8888888888888888,0.03264687964657965,0.06392946575743053
cosine,1,3,0.8888888888888888,0.8888888888888888,0.8888888888888888,0.037889324112554655,0.07306711852072549
euclidean,1,3,0.6666666666666666,0.6666666666666666,0.6666666666666666,0.04831932131702587,0.09247723080913826
pearson,1,3,0.8888888888888888,0.8888888888888888,0.8888888888888888,0.03505582489251278,0.07024388026838564
cosine,1,4,1.0,1.0,1.0,0.03657583363952525,0.06289991575277337
euclidean,1,4,0.6666666666666666,0.6666666666666666,0.6666666666666666,0.039888417871800426,0.06741621059949447
pearson,1,4,1.0,1.0,1.0,0.03549910452833706,0.06414060492292942
cosine,1,5,0.7777777777777778,0.7777777777777778,0.7777777777777778,0.033447246772921296,0.0718265630250573
euclidean,1,5,0.6666666666666666,0.6666666666666666,0.6666666666666666,0.035162178761466094,0.07153965950782418
pearson,1,5,0.7777777777777778,0.7777777777777778,0.7777777777777778,0.03187101004338091,0.07206029202164639
cosine,1,6,0.7777777777777778,0.7777777777777778,0.7777777777777778,0.03999836448504489,0.10057733181148616
euclidean,1,6,0.7777777777777778,0.7777777777777778,0.7777777777777778,0.03831876039008819,0.09643582064679838
pearson,1,6,0.7777777777777778,0.7777777777777778,0.7777777777777778,0.041645636096987626,0.10508231161091912
cosine,1,7,0.7777777777777778,0.7777777777777778,0.7777777777777778,0.048946055283762224,0.09034073746660475
euclidean,1,7,0.6666666666666666,0.6666666666666666,0.6666666666666666,0.048456612245136074,0.08801883628591514
pearson,1,7,0.7777777777777778,0.7777777777777778,0.7777777777777778,0.0499289528814625,0.09352803895230763
cosine,1,8,0.7777777777777778,0.7777777777777778,0.7777777777777778,0.03960846479981251,0.08590685411149837
euclidean,1,8,0.6666666666666666,0.6666666666666666,0.6666666666666666,0.03992708021091823,0.08659760718903277
pearson,1,8,0.7777777777777778,0.7777777777777778,0.7777777777777778,0.030287954808625863,0.06226767577296127
cosine,1,9,0.7777777777777778,0.7777777777777778,0.7777777777777778,0.04895052101727744,0.09645725773550816
euclidean,1,9,0.6666666666666666,0.6666666666666666,0.6666666666666666,0.052825433421858796,0.09913080736151453
pearson,1,9,0.7777777777777778,0.7777777777777778,0.7777777777777778,0.04163787104994074,0.08517533548840409
