distance,k,i,precision,recall,mrr,mae,rmse
cosine,3,0,0.4761904761904762,0.4761904761904762,0.7619047619047619,0.06342294425271527,0.15934984857583
euclidean,3,0,0.2857142857142857,0.2857142857142857,0.4761904761904762,0.06526254189178204,0.15833673479013205
pearson,3,0,0.5714285714285714,0.5714285714285714,0.7857142857142857,0.04630949138494139,0.14276745355163345
cosine,3,1,0.42857142857142855,0.42857142857142855,0.42857142857142855,0.08641448918251629,0.21663112515384633
euclidean,3,1,0.2857142857142857,0.2857142857142857,0.3095238095238095,0.07344273244928474,0.17460283680353067
pearson,3,1,0.4761904761904762,0.4761904761904762,0.5714285714285714,0.059439491401616994,0.15689655426797944
cosine,3,2,0.4761904761904763,0.4761904761904763,0.7857142857142857,0.07097934587530036,0.16776304031065437
euclidean,3,2,0.2857142857142857,0.2857142857142857,0.5238095238095238,0.06013378958609504,0.10667191605842626
pearson,3,2,0.5238095238095238,0.5238095238095238,0.7857142857142857,0.040934903568158,0.08852938741400006
cosine,3,3,0.4761904761904762,0.4761904761904762,0.14285714285714285,0.0909787749695808,0.22465302863050762
euclidean,3,3,0.19047619047619047,0.19047619047619047,0.07142857142857142,0.08996512181684374,0.22453064605954734
pearson,3,3,0.33333333333333337,0.33333333333333337,0.14285714285714285,0.08595868162373749,0.22255844689946616
cosine,3,4,0.5238095238095238,0.5238095238095238,0.7142857142857143,0.04659375667241995,0.10384842101380642
euclidean,3,4,0.38095238095238093,0.38095238095238093,0.619047619047619,0.04993706976367161,0.10023434076075305
pearson,3,4,0.7142857142857143,0.7142857142857143,0.7857142857142857,0.04179966480271473,0.07895052893668492
cosine,3,5,0.42857142857142855,0.42857142857142855,0.47619047619047616,0.09618349423219666,0.19252823389443
euclidean,3,5,0.3333333333333333,0.3333333333333333,0.4047619047619047,0.09338700399529015,0.1909871270194996
pearson,3,5,0.4761904761904762,0.4761904761904762,0.35714285714285715,0.0740824093926375,0.18305428079596123
cosine,3,6,0.42857142857142855,0.42857142857142855,0.5,0.0940185127873678,0.18734640463549493
euclidean,3,6,0.2857142857142857,0.2857142857142857,0.4523809523809524,0.06952604568368494,0.11518329212377484
pearson,3,6,0.5714285714285714,0.5714285714285714,0.5,0.057633050846015464,0.10966852092135315
cosine,3,7,0.4761904761904763,0.4761904761904763,0.7619047619047619,0.05419664496396221,0.12622805173695062
euclidean,3,7,0.3333333333333333,0.3333333333333333,0.5,0.05172447458747457,0.0976665839819481
pearson,3,7,0.4761904761904763,0.4761904761904763,0.7857142857142857,0.040135018653439276,0.07475934946259431
cosine,3,8,0.5238095238095238,0.5238095238095238,0.7857142857142857,0.05461952668421379,0.15481618842426828
euclidean,3,8,0.3333333333333333,0.3333333333333333,0.619047619047619,0.05445295243462549,0.14875825769834658
pearson,3,8,0.5714285714285714,0.5714285714285714,0.7857142857142857,0.046235082676337046,0.15223582615917716
cosine,3,9,0.42857142857142866,0.42857142857142866,0.5476190476190476,0.06968703149517103,0.16453228186661426
euclidean,3,9,0.2857142857142857,0.2857142857142857,0.3333333333333333,0.0698189779055296,0.15303745988547138
pearson,3,9,0.42857142857142866,0.42857142857142866,0.6428571428571429,0.05518328768259852,0.14594484107116612
