distance,k,i,precision,recall,mrr,mae,rmse
cosine,1,0,0.6666666666666666,0.6666666666666666,0.6666666666666666,0.08401173698016129,0.19589718238420223
euclidean,1,0,0.5555555555555556,0.5555555555555556,0.5555555555555556,0.08182941602062686,0.18805703499866547
pearson,1,0,0.5555555555555556,0.5555555555555556,0.5555555555555556,0.07382845026656035,0.20254970551194415
cosine,1,1,0.6666666666666666,0.6666666666666666,0.6666666666666666,0.06832147923947177,0.16541234774104502
euclidean,1,1,0.5555555555555556,0.5555555555555556,0.5555555555555556,0.06958267875078276,0.16444161612300506
pearson,1,1,0.6666666666666666,0.6666666666666666,0.6666666666666666,0.057606836422709605,0.1517616727034325
cosine,1,2,0.7777777777777778,0.7777777777777778,0.7777777777777778,0.07057514568788659,0.15500630186274764
euclidean,1,2,0.5555555555555556,0.5555555555555556,0.5555555555555556,0.07306918949066132,0.15378710172550228
pearson,1,2,0.6666666666666666,0.6666666666666666,0.6666666666666666,0.06238706657071916,0.15494971422726025
cosine,1,3,0.7777777777777778,0.7777777777777778,0.7777777777777778,0.05650807307490168,0.14345687635675666
euclidean,1,3,0.5555555555555556,0.5555555555555556,0.5555555555555556,0.06250684477110595,0.14891514948866547
pearson,1,3,0.7777777777777778,0.7777777777777778,0.7777777777777778,0.04516756896921153,0.1299906258999147
cosine,1,4,0.7777777777777778,0.7777777777777778,0.7777777777777778,0.0688251011171929,0.13007695855036722
euclidean,1,4,0.5555555555555556,0.5555555555555556,0.5555555555555556,0.0654821652427523,0.10512337499803415
pearson,1,4,0.6666666666666666,0.6666666666666666,0.6666666666666666,0.06313646032457688,0.13439623868518885
cosine,1,5,0.8888888888888888,0.8888888888888888,0.8888888888888888,0.06683030906049077,0.14511395890330853
euclidean,1,5,0.5555555555555556,0.5555555555555556,0.5555555555555556,0.06374998231028951,0.10752376935050999
pearson,1,5,0.8888888888888888,0.8888888888888888,0.8888888888888888,0.04097640108047576,0.08456250023567854
cosine,1,6,0.7777777777777778,0.7777777777777778,0.7777777777777778,0.07486222976226461,0.17306466334875392
euclidean,1,6,0.7777777777777778,0.7777777777777778,0.7777777777777778,0.06933854040271992,0.1556810532153019
pearson,1,6,0.7777777777777778,0.7777777777777778,0.7777777777777778,0.06187678032910669,0.16825876942755705
cosine,1,7,0.6666666666666666,0.6666666666666666,0.6666666666666666,0.07779587239477162,0.18628484981048024
euclidean,1,7,0.5555555555555556,0.5555555555555556,0.5555555555555556,0.06414712805287688,0.1240940612232662
pearson,1,7,0.8888888888888888,0.8888888888888888,0.8888888888888888,0.03603352813857173,0.0696527533570151
cosine,1,8,0.7777777777777778,0.7777777777777778,0.7777777777777778,0.06909257769756087,0.16879308933512668
euclidean,1,8,0.6666666666666666,0.6666666666666666,0.6666666666666666,0.0657787278513308,0.14490825604078095
pearson,1,8,0.7777777777777778,0.7777777777777778,0.7777777777777778,0.05621218634494643,0.15198506944530527
cosine,1,9,0.6666666666666666,0.6666666666666666,0.6666666666666666,0.06828690708432722,0.15835708573597257
euclidean,1,9,0.5555555555555556,0.5555555555555556,0.5555555555555556,0.07343405408965768,0.16302284733361566
pearson,1,9,0.6666666666666666,0.6666666666666666,0.6666666666666666,0.06536615007761618,0.1629243392401886
