distance,k,i,precision,recall,mrr,mae,rmse
cosine,1,0,1.0,1.0,1.0,0.036235491582265675,0.06012026306193376
euclidean,1,0,0.8888888888888888,0.8888888888888888,0.8888888888888888,0.039656525553907564,0.0693678156417009
pearson,1,0,0.8888888888888888,0.8888888888888888,0.8888888888888888,0.03650630490311342,0.06789289983671612
cosine,1,1,0.8888888888888888,0.8888888888888888,0.8888888888888888,0.04132003665578258,0.08407574779665236
euclidean,1,1,0.8888888888888888,0.8888888888888888,0.8888888888888888,0.045044899990164866,0.07736889935865073
pearson,1,1,0.8888888888888888,0.8888888888888888,0.8888888888888888,0.03937537993336856,0.09722154019421293
cosine,1,2,0.6666666666666666,0.6666666666666666,0.6666666666666666,0.05455608691556996,0.11359249993642546
euclidean,1,2,0.6666666666666666,0.6666666666666666,0.6666666666666666,0.049183288180157006,0.08626514286143308
pearson,1,2,0.6666666666666666,0.6666666666666666,0.6666666666666666,0.04497304916728823,0.10010166355711968
cosine,1,3,0.7777777777777778,0.7777777777777778,0.7777777777777778,0.052349275640179424,0.11505727663961103
euclidean,1,3,0.6666666666666666,0.6666666666666666,0.6666666666666666,0.0549058848397127,0.13000919232044264
pearson,1,3,0.7777777777777778,0.7777777777777778,0.7777777777777778,0.04935757161141841,0.12087819541994928
cosine,1,4,0.6666666666666666,0.6666666666666666,0.6666666666666666,0.05487584785423406,0.12711641174114474
euclidean,1,4,0.6666666666666666,0.6666666666666666,0.6666666666666666,0.0635956089540274,0.12963120255081886
pearson,1,4,0.6666666666666666,0.6666666666666666,0.6666666666666666,0.045347683040298695,0.11413014396961349
cosine,1,5,1.0,1.0,1.0,0.030784448887770138,0.05906081619715348
euclidean,1,5,0.6666666666666666,0.6666666666666666,0.6666666666666666,0.033929013902830804,0.06409356411338359
pearson,1,5,0.8888888888888888,0.8888888888888888,0.8888888888888888,0.031193349453559366,0.05490715859218114
cosine,1,6,1.0,1.0,1.0,0.03689305695321609,0.06942347841781855
euclidean,1,6,0.8888888888888888,0.8888888888888888,0.8888888888888888,0.03730587372988624,0.06261692083231477
pearson,1,6,1.0,1.0,1.0,0.03494886445934563,0.06737755451790792
cosine,1,7,0.7777777777777778,0.7777777777777778,0.7777777777777778,0.040880452385924866,0.07167111259116944
euclidean,1,7,0.8888888888888888,0.8888888888888888,0.8888888888888888,0.041500620048198676,0.06453175585001429
pearson,1,7,0.8888888888888888,0.8888888888888888,0.8888888888888888,0.038486558712964324,0.07808654654597921
cosine,1,8,0.8888888888888888,0.8888888888888888,0.8888888888888888,0.04479896872421937,0.08834412289663861
euclidean,1,8,0.8888888888888888,0.8888888888888888,0.8888888888888888,0.04257520469979282,0.07068090550145625
pearson,1,8,0.8888888888888888,0.8888888888888888,0.8888888888888888,0.0484430386625149,0.10387807016264376
cosine,1,9,1.0,1.0,1.0,0.02976320114048197,0.07078015869566999
euclidean,1,9,0.7777777777777778,0.7777777777777778,0.7777777777777778,0.03316602453534935,0.07453711558825703
pearson,1,9,1.0,1.0,1.0,0.03005177295432729,0.07064769797325109
