distance,k,i,precision,recall,mrr,mae,rmse
cosine,1,0,0.7777777777777778,0.7777777777777778,0.7777777777777778,0.032921930612182806,0.06548096986958081
euclidean,1,0,0.5555555555555556,0.5555555555555556,0.5555555555555556,0.03731892402660467,0.06843135882009828
pearson,1,0,0.7777777777777778,0.7777777777777778,0.7777777777777778,0.033439494738396296,0.06627718013215164
cosine,1,1,0.7777777777777778,0.7777777777777778,0.7777777777777778,0.026757661914772458,0.05264880659616658
euclidean,1,1,0.6666666666666666,0.6666666666666666,0.6666666666666666,0.03584237176842957,0.06395606301170075
pearson,1,1,0.6666666666666666,0.6666666666666666,0.6666666666666666,0.029576969301728383,0.05855425124521485
cosine,1,2,0.6666666666666666,0.6666666666666666,0.6666666666666666,0.029815929345641094,0.08001706354007805
euclidean,1,2,0.6666666666666666,0.6666666666666666,0.6666666666666666,0.03394568387362896,0.08093999960469932
pearson,1,2,0.7777777777777778,0.7777777777777778,0.7777777777777778,0.029350580588694393,0.08083563507675513
cosine,1,3,0.7777777777777778,0.7777777777777778,0.7777777777777778,0.03148073892226351,0.06530999335765691
euclidean,1,3,0.5555555555555556,0.5555555555555556,0.5555555555555556,0.031734824125693784,0.06499958558087934
pearson,1,3,0.7777777777777778,0.7777777777777778,0.7777777777777778,0.03160350422773443,0.06576456051504286
cosine,1,4,0.6666666666666666,0.6666666666666666,0.6666666666666666,0.03624107326503768,0.06812380800429892
euclidean,1,4,0.6666666666666666,0.6666666666666666,0.6666666666666666,0.039658046663402384,0.06980306090005256
pearson,1,4,0.5555555555555556,0.5555555555555556,0.5555555555555556,0.0344658532534998,0.06674325606193574
cosine,1,5,0.7777777777777778,0.7777777777777778,0.7777777777777778,0.03230934204367449,0.06303584448990476
euclidean,1,5,0.5555555555555556,0.5555555555555556,0.5555555555555556,0.03800173702000348,0.07060934234736019
pearson,1,5,0.7777777777777778,0.7777777777777778,0.7777777777777778,0.026752550727592594,0.05703960720017459
cosine,1,6,0.6666666666666666,0.6666666666666666,0.6666666666666666,0.03439681697623394,0.06978949018956639
euclidean,1,6,0.5555555555555556,0.5555555555555556,0.5555555555555556,0.03852970060637549,0.07174184982265998
pearson,1,6,0.6666666666666666,0.6666666666666666,0.6666666666666666,0.033420600381661794,0.07002323296342
cosine,1,7,0.6666666666666666,0.6666666666666666,0.6666666666666666,0.034425336183489204,0.06262581808828177
euclidean,1,7,0.5555555555555556,0.5555555555555556,0.5555555555555556,0.03996188693933229,0.06845748558525279
pearson,1,7,0.6666666666666666,0.6666666666666666,0.6666666666666666,0.03435137798085539,0.06389134815742456
cosine,1,8,0.7777777777777778,0.7777777777777778,0.7777777777777778,0.026828483191191486,0.05073744336250901
euclidean,1,8,0.7777777777777778,0.7777777777777778,0.7777777777777778,0.02602006190314596,0.04647615532984009
pearson,1,8,0.7777777777777778,0.7777777777777778,0.7777777777777778,0.025211446091834577,0.04658038965734077
cosine,1,9,0.6666666666666666,0.6666666666666666,0.6666666666666666,0.035006862038490995,0.06624857623367393
euclidean,1,9,0.5555555555555556,0.5555555555555556,0.5555555555555556,0.04066134463872873,0.07064364389402722
pearson,1,9,0.6666666666666666,0.6666666666666666,0.6666666666666666,0.03152576234259403,0.0649787702126225
