distance,k,i,precision,recall,mrr,mae,rmse
cosine,3,0,0.5185185185185186,0.5185185185185186,0.7037037037037037,0.06749780194137667,0.15221872639424866
euclidean,3,0,0.2962962962962963,0.2962962962962963,0.4259259259259259,0.06630145319164406,0.1440835947930397
pearson,3,0,0.5555555555555556,0.5555555555555556,0.7777777777777778,0.05501150229098771,0.15343519643737571
cosine,3,1,0.48148148148148145,0.48148148148148145,0.6481481481481481,0.06635790877743274,0.12683194484284407
euclidean,3,1,0.2962962962962963,0.2962962962962963,0.3888888888888889,0.06689677905924482,0.11802977939813228
pearson,3,1,0.6296296296296295,0.6296296296296295,0.8888888888888888,0.04248219273148427,0.10623815866841703
cosine,3,2,0.5185185185185185,0.5185185185185185,0.7037037037037037,0.0583278066163152,0.12265295797163102
euclidean,3,2,0.40740740740740733,0.40740740740740733,0.5925925925925926,0.05187967902491825,0.08943162083695591
pearson,3,2,0.6666666666666666,0.6666666666666666,0.9444444444444444,0.03729518363284832,0.057683406601729624
cosine,3,3,0.4074074074074074,0.4074074074074074,0.5925925925925926,0.07672541082910568,0.14748442826442099
euclidean,3,3,0.33333333333333326,0.33333333333333326,0.4259259259259259,0.07156568592507936,0.14160283774292548
pearson,3,3,0.37037037037037035,0.37037037037037035,0.4444444444444444,0.07450123353969108,0.16112676211929253
cosine,3,4,0.6296296296296297,0.6296296296296297,0.8703703703703703,0.05893884152364911,0.1333450896400364
euclidean,3,4,0.4444444444444444,0.4444444444444444,0.6296296296296295,0.06435106116763789,0.14492450688965475
pearson,3,4,0.5925925925925926,0.5925925925925926,0.7777777777777778,0.06673182687129042,0.15775054910559555
cosine,3,5,0.48148148148148145,0.48148148148148145,0.7037037037037037,0.06560141274184542,0.121041122991551
euclidean,3,5,0.4444444444444444,0.4444444444444444,0.5925925925925926,0.06433337103596838,0.12279257074036434
pearson,3,5,0.5555555555555555,0.5555555555555555,0.5555555555555556,0.060773468565354094,0.1409118752784423
cosine,3,6,0.5925925925925926,0.5925925925925926,0.8518518518518517,0.05537401162345654,0.10611932572977621
euclidean,3,6,0.40740740740740733,0.40740740740740733,0.7222222222222222,0.05883557683073003,0.11377886414994512
pearson,3,6,0.6296296296296297,0.6296296296296297,0.7592592592592592,0.0482986660158869,0.12827758092721228
cosine,3,7,0.33333333333333326,0.33333333333333326,0.48148148148148145,0.07548783883923935,0.15258987026639428
euclidean,3,7,0.2962962962962963,0.2962962962962963,0.4444444444444444,0.07273658787784588,0.1401322396619277
pearson,3,7,0.48148148148148145,0.48148148148148145,0.4074074074074074,0.06387855040255459,0.15072502219505524
cosine,3,8,0.48148148148148145,0.48148148148148145,0.7592592592592592,0.06681010434293612,0.12048994182176108
euclidean,3,8,0.2962962962962963,0.2962962962962963,0.4629629629629629,0.06905895758420681,0.11841838521074485
pearson,3,8,0.6296296296296297,0.6296296296296297,0.8703703703703703,0.050113852930947556,0.10915995272130602
cosine,3,9,0.48148148148148145,0.48148148148148145,0.7777777777777778,0.06711916098669639,0.15854141007573763
euclidean,3,9,0.37037037037037035,0.37037037037037035,0.5,0.07197477227767493,0.15646329822237978
pearson,3,9,0.4444444444444444,0.4444444444444444,0.7222222222222222,0.0575207766318658,0.16555269758350408
