distance,k,i,precision,recall,mrr,mae,rmse
cosine,1,0,0.5555555555555556,0.5555555555555556,0.5555555555555556,0.04299713455374849,0.09464418264901062
euclidean,1,0,0.6666666666666666,0.6666666666666666,0.6666666666666666,0.04517875253971524,0.09537451645129204
pearson,1,0,0.6666666666666666,0.6666666666666666,0.6666666666666666,0.04334625400292478,0.09621965983702858
cosine,1,1,0.4444444444444444,0.4444444444444444,0.4444444444444444,0.040643103544445454,0.07971669846220558
euclidean,1,1,0.3333333333333333,0.3333333333333333,0.3333333333333333,0.046900638340684246,0.08640888446566691
pearson,1,1,0.5555555555555556,0.5555555555555556,0.5555555555555556,0.039040276114521086,0.07710978061667208
cosine,1,2,0.4444444444444444,0.4444444444444444,0.4444444444444444,0.037145994710345874,0.07043037203737282
euclidean,1,2,0.3333333333333333,0.3333333333333333,0.3333333333333333,0.03989188235944276,0.07772346923008445
pearson,1,2,0.4444444444444444,0.4444444444444444,0.4444444444444444,0.03600083571252694,0.06603572063801177
cosine,1,3,0.5555555555555556,0.5555555555555556,0.5555555555555556,0.03385516601771238,0.061279376117415435
euclidean,1,3,0.4444444444444444,0.4444444444444444,0.4444444444444444,0.0378054628546668,0.06682478643221486
pearson,1,3,0.6666666666666666,0.6666666666666666,0.6666666666666666,0.0324609030361543,0.062137093179129715
cosine,1,4,0.4444444444444444,0.4444444444444444,0.4444444444444444,0.03972727296785644,0.08165874312861483
euclidean,1,4,0.3333333333333333,0.3333333333333333,0.3333333333333333,0.04581978487006917,0.08490009043966695
pearson,1,4,0.3333333333333333,0.3333333333333333,0.3333333333333333,0.044141194913166856,0.09109288931324466
cosine,1,5,0.7777777777777778,0.7777777777777778,0.7777777777777778,0.03515500248738003,0.0757720978170997
euclidean,1,5,0.4444444444444444,0.4444444444444444,0.4444444444444444,0.039687331047919286,0.07657012799731677
pearson,1,5,0.7777777777777778,0.7777777777777778,0.7777777777777778,0.03700247003985046,0.07857060790667195
cosine,1,6,0.5555555555555556,0.5555555555555556,0.5555555555555556,0.03692732914705106,0.08478896733158695
euclidean,1,6,0.2222222222222222,0.2222222222222222,0.2222222222222222,0.039273725675347065,0.08848944144990434
pearson,1,6,0.6666666666666666,0.6666666666666666,0.6666666666666666,0.037477793608015335,0.08262965755641663
cosine,1,7,0.5555555555555556,0.5555555555555556,0.5555555555555556,0.032275068963195215,0.06273828200518063
euclidean,1,7,0.4444444444444444,0.4444444444444444,0.4444444444444444,0.04098229521197192,0.07445417087518869
pearson,1,7,0.5555555555555556,0.5555555555555556,0.5555555555555556,0.030579125864863724,0.06050155331553022
cosine,1,8,0.6666666666666666,0.6666666666666666,0.6666666666666666,0.03424504526244637,0.06846598472900844
euclidean,1,8,0.4444444444444444,0.4444444444444444,0.4444444444444444,0.03895417609555759,0.07543973584681275
pearson,1,8,0.6666666666666666,0.6666666666666666,0.6666666666666666,0.03343287676109985,0.06592355540828262
cosine,1,9,0.7777777777777778,0.7777777777777778,0.7777777777777778,0.04822749936619763,0.10974669635336312
euclidean,1,9,0.4444444444444444,0.4444444444444444,0.4444444444444444,0.04461619399198256,0.10147584950953997
pearson,1,9,0.7777777777777778,0.7777777777777778,0.7777777777777778,0.04997404881830713,0.11322799289841518
