distance,k,i,precision,recall,mrr,mae,rmse
cosine,2,0,0.3888888888888889,0.3888888888888889,0.6666666666666666,0.04517724409001978,0.10074758675023805
euclidean,2,0,0.3888888888888889,0.3888888888888889,0.6666666666666666,0.048338703215842674,0.09480389775038314
pearson,2,0,0.3888888888888889,0.3888888888888889,0.7222222222222222,0.038817201913351765,0.084773756926963
cosine,2,1,0.5,0.5,0.7222222222222222,0.049044438509161896,0.12120161165188177
euclidean,2,1,0.2777777777777778,0.2777777777777778,0.4444444444444444,0.054696705005616936,0.12121398740896175
pearson,2,1,0.4444444444444444,0.4444444444444444,0.6666666666666666,0.04445563244624619,0.1264845889250477
cosine,2,2,0.5,0.5,0.7777777777777778,0.05191448480407367,0.12986605916619043
euclidean,2,2,0.3888888888888889,0.3888888888888889,0.7222222222222222,0.04711628697871221,0.07844293015430526
pearson,2,2,0.6111111111111112,0.6111111111111112,0.7777777777777778,0.04734958655492369,0.08769005823585128
cosine,2,3,0.3888888888888889,0.3888888888888889,0.5555555555555556,0.06469268044856247,0.14281153379859768
euclidean,2,3,0.3888888888888889,0.3888888888888889,0.5,0.05986834064034271,0.13811492478673984
pearson,2,3,0.3333333333333333,0.3333333333333333,0.5555555555555556,0.057714400425638926,0.14694932154538276
cosine,2,4,0.4444444444444444,0.4444444444444444,0.6666666666666666,0.04918637061434047,0.09161581465173829
euclidean,2,4,0.3333333333333333,0.3333333333333333,0.4444444444444444,0.043508441301898855,0.07910390623173773
pearson,2,4,0.6111111111111112,0.6111111111111112,0.7222222222222222,0.051017780199966535,0.09531827333945161
cosine,2,5,0.5,0.5,0.6666666666666666,0.0483950811414791,0.10279957682896441
euclidean,2,5,0.3888888888888889,0.3888888888888889,0.5555555555555556,0.04610052862416714,0.09470712309068567
pearson,2,5,0.5555555555555556,0.5555555555555556,0.7222222222222222,0.042808465218720254,0.09381701558822451
cosine,2,6,0.5,0.5,0.7777777777777778,0.050151712470220634,0.09060164339422473
euclidean,2,6,0.3888888888888889,0.3888888888888889,0.6111111111111112,0.052872709818669754,0.09203163784246635
pearson,2,6,0.6111111111111112,0.6111111111111112,0.8333333333333334,0.0517393117830431,0.09994454054627103
cosine,2,7,0.3888888888888889,0.3888888888888889,0.7222222222222222,0.05080724729349867,0.09639250631038626
euclidean,2,7,0.4444444444444444,0.4444444444444444,0.7222222222222222,0.050890930425007,0.09640478200379185
pearson,2,7,0.3888888888888889,0.3888888888888889,0.5555555555555556,0.05357181501458171,0.11204324198792422
cosine,2,8,0.3888888888888889,0.3888888888888889,0.6111111111111112,0.04256433802790759,0.10396247584792415
euclidean,2,8,0.3888888888888889,0.3888888888888889,0.6666666666666666,0.04367950991404704,0.09702859191950507
pearson,2,8,0.3888888888888889,0.3888888888888889,0.6666666666666666,0.03960908595273968,0.09854155993841301
cosine,2,9,0.5,0.5,0.7222222222222222,0.03943326961620761,0.07484324293248519
euclidean,2,9,0.4444444444444444,0.4444444444444444,0.6666666666666666,0.04137527712937735,0.07045350192554087
pearson,2,9,0.5555555555555556,0.5555555555555556,0.7777777777777778,0.0397484370230413,0.07282737529903345
