distance,k,i,precision,recall,mrr,mae,rmse
cosine,3,0,0.7037037037037037,0.7037037037037037,0.6666666666666665,0.043802412609128344,0.08817020093183264
euclidean,3,0,0.5925925925925926,0.5925925925925926,0.611111111111111,0.043478403010827525,0.08622651874275555
pearson,3,0,0.6296296296296295,0.6296296296296295,0.5555555555555556,0.04572995893743425,0.09600742198859807
cosine,3,1,0.6666666666666665,0.6666666666666665,0.7037037037037037,0.03648254400986546,0.06864984988328147
euclidean,3,1,0.5555555555555555,0.5555555555555555,0.5555555555555556,0.041125245261761326,0.0715575808219398
pearson,3,1,0.7407407407407408,0.7407407407407408,0.7037037037037037,0.03551241492228309,0.06852712623988129
cosine,3,2,0.7407407407407408,0.7407407407407408,0.8888888888888888,0.027978693651267383,0.06812656131684496
euclidean,3,2,0.5185185185185185,0.5185185185185185,0.6111111111111112,0.032580868684128114,0.06687849240723538
pearson,3,2,0.7407407407407408,0.7407407407407408,0.8888888888888888,0.026963077418859928,0.06897480605602113
cosine,3,3,0.7037037037037037,0.7037037037037037,0.7222222222222222,0.0391186515541788,0.0981502463358532
euclidean,3,3,0.6296296296296297,0.6296296296296297,0.574074074074074,0.04026437940384092,0.10020847274227297
pearson,3,3,0.6666666666666666,0.6666666666666666,0.6111111111111112,0.04009179397322233,0.10173455152930087
cosine,3,4,0.6666666666666666,0.6666666666666666,0.8703703703703703,0.030464174055594144,0.05514003527523317
euclidean,3,4,0.5555555555555555,0.5555555555555555,0.7222222222222222,0.030008134817463266,0.05210001329967364
pearson,3,4,0.7037037037037037,0.7037037037037037,0.8333333333333334,0.030477327168597242,0.0637655571828613
cosine,3,5,0.5925925925925926,0.5925925925925926,0.6666666666666666,0.03767636752981446,0.07445021837199214
euclidean,3,5,0.48148148148148145,0.48148148148148145,0.48148148148148145,0.03923828227337942,0.07050460178156182
pearson,3,5,0.5925925925925926,0.5925925925925926,0.6666666666666666,0.038255750796007855,0.07920802431213483
cosine,3,6,0.7037037037037037,0.7037037037037037,0.7777777777777778,0.03360401663839878,0.06078178842249944
euclidean,3,6,0.5555555555555555,0.5555555555555555,0.537037037037037,0.038304099753907236,0.06743397700991594
pearson,3,6,0.7777777777777778,0.7777777777777778,0.8888888888888888,0.034442299282089715,0.06507123786973325
cosine,3,7,0.5925925925925926,0.5925925925925926,0.537037037037037,0.04160501048069705,0.09159282533259551
euclidean,3,7,0.5185185185185185,0.5185185185185185,0.537037037037037,0.04297354475341541,0.09054771167100345
pearson,3,7,0.6296296296296297,0.6296296296296297,0.5555555555555556,0.04168037206137807,0.0947261486739178
cosine,3,8,0.7037037037037037,0.7037037037037037,0.7222222222222222,0.039277972156216506,0.07002344235715065
euclidean,3,8,0.5925925925925926,0.5925925925925926,0.6851851851851852,0.04081543357746354,0.07589708114760457
pearson,3,8,0.8148148148148148,0.8148148148148148,0.8703703703703703,0.03915684668912079,0.06677989240412385
cosine,3,9,0.6666666666666666,0.6666666666666666,0.8148148148148148,0.040960518690524444,0.09474053015444386
euclidean,3,9,0.5185185185185185,0.5185185185185185,0.537037037037037,0.043220374205500296,0.09862469669614295
pearson,3,9,0.7037037037037037,0.7037037037037037,0.8148148148148148,0.04031185951051169,0.0945252603466132
