distance,k,i,precision,recall,mrr,mae,rmse
cosine,3,0,0.6666666666666665,0.6666666666666665,0.7592592592592592,0.04053944115648581,0.08345665193960639
euclidean,3,0,0.4444444444444444,0.4444444444444444,0.7037037037037037,0.04608155004566611,0.08490001392834783
pearson,3,0,0.6296296296296295,0.6296296296296295,0.7592592592592592,0.0439344163935169,0.08788103353051206
cosine,3,1,0.6666666666666665,0.6666666666666665,0.8333333333333334,0.03025750180008222,0.07864601509178752
euclidean,3,1,0.5555555555555555,0.5555555555555555,0.7037037037037037,0.03465466415008406,0.08154120708907305
pearson,3,1,0.7037037037037037,0.7037037037037037,0.8333333333333334,0.029643207502963783,0.07694014817372591
cosine,3,2,0.6296296296296295,0.6296296296296295,0.8888888888888888,0.029556642580598463,0.050832459121689384
euclidean,3,2,0.48148148148148145,0.48148148148148145,0.6666666666666666,0.03014805533712828,0.052603803023516506
pearson,3,2,0.6296296296296295,0.6296296296296295,0.8888888888888888,0.03132037351381296,0.054157238496957374
cosine,3,3,0.5185185185185186,0.5185185185185186,0.7777777777777778,0.03907851661520427,0.0883065982160836
euclidean,3,3,0.5185185185185185,0.5185185185185185,0.6851851851851851,0.04412883596941008,0.09406096395889055
pearson,3,3,0.5185185185185185,0.5185185185185185,0.7777777777777778,0.042184040746368084,0.09727970378489902
cosine,3,4,0.5925925925925926,0.5925925925925926,0.7777777777777778,0.045402068375435804,0.09932393246414103
euclidean,3,4,0.5185185185185185,0.5185185185185185,0.5185185185185185,0.04704915936996112,0.10056869186058812
pearson,3,4,0.5925925925925926,0.5925925925925926,0.7777777777777778,0.04544428218320904,0.09889784731976531
cosine,3,5,0.6296296296296295,0.6296296296296295,0.8888888888888888,0.030333507241720726,0.053791786919581766
euclidean,3,5,0.48148148148148145,0.48148148148148145,0.6666666666666666,0.03395991750196246,0.05743852557739483
pearson,3,5,0.6296296296296295,0.6296296296296295,0.8888888888888888,0.02860648863268916,0.05320617688190836
cosine,3,6,0.5925925925925926,0.5925925925925926,0.7222222222222222,0.03131533934661973,0.0706440411738179
euclidean,3,6,0.48148148148148145,0.48148148148148145,0.6666666666666666,0.03427999389150987,0.07185434414347606
pearson,3,6,0.6296296296296295,0.6296296296296295,0.7222222222222222,0.031339523319223225,0.07067282536649436
cosine,3,7,0.6666666666666666,0.6666666666666666,0.7962962962962963,0.03739559719679143,0.07275791576208385
euclidean,3,7,0.4444444444444444,0.4444444444444444,0.6481481481481481,0.04415998454189392,0.0725861504000832
pearson,3,7,0.6666666666666666,0.6666666666666666,0.7962962962962963,0.03557162735892674,0.07209386724166342
cosine,3,8,0.5925925925925926,0.5925925925925926,0.7407407407407407,0.038089553852364226,0.07611573755301222
euclidean,3,8,0.4444444444444444,0.4444444444444444,0.6481481481481481,0.04048364187214839,0.06898270955642204
pearson,3,8,0.5925925925925926,0.5925925925925926,0.7407407407407407,0.034473955880530024,0.06659298784563758
cosine,3,9,0.5925925925925926,0.5925925925925926,0.8148148148148148,0.03726506174498211,0.06775032061830588
euclidean,3,9,0.5555555555555555,0.5555555555555555,0.7777777777777778,0.03693153928189204,0.05527369075481961
pearson,3,9,0.5925925925925926,0.5925925925925926,0.8333333333333334,0.039522925820700626,0.08377176195329754
