distance,k,i,precision,recall,mrr,mae,rmse
cosine,2,0,0.6111111111111112,0.6111111111111112,0.7777777777777778,0.04709826288157368,0.08734856006113789
euclidean,2,0,0.5,0.5,0.7777777777777778,0.050427235667822125,0.09603851936476675
pearson,2,0,0.6111111111111112,0.6111111111111112,0.7777777777777778,0.04675414861720031,0.08814945006807884
cosine,2,1,0.6111111111111112,0.6111111111111112,0.8333333333333334,0.037479349004943825,0.08182847270317603
euclidean,2,1,0.4444444444444444,0.4444444444444444,0.7222222222222222,0.04200477726839425,0.08129271014872058
pearson,2,1,0.6111111111111112,0.6111111111111112,0.7777777777777778,0.03758869604512421,0.08545953746967133
cosine,2,2,0.6111111111111112,0.6111111111111112,0.8333333333333334,0.041367090881009476,0.10097780758030829
euclidean,2,2,0.4444444444444444,0.4444444444444444,0.7222222222222222,0.04154972085722459,0.08110263942514434
pearson,2,2,0.6111111111111112,0.6111111111111112,0.7777777777777778,0.03524056783185437,0.0792594960665172
cosine,2,3,0.7222222222222222,0.7222222222222222,1.0,0.029116582535280267,0.05687715985808138
euclidean,2,3,0.5555555555555556,0.5555555555555556,0.7777777777777778,0.03435655999163791,0.06549159700691692
pearson,2,3,0.7222222222222222,0.7222222222222222,1.0,0.028769456904872575,0.059160249218073516
cosine,2,4,0.7777777777777778,0.7777777777777778,0.8333333333333334,0.03780015642108695,0.07902715861750584
euclidean,2,4,0.4444444444444444,0.4444444444444444,0.7222222222222222,0.03879949009969611,0.07778249259948765
pearson,2,4,0.7777777777777778,0.7777777777777778,0.8333333333333334,0.03877982280019106,0.0881384090720402
cosine,2,5,0.7222222222222222,0.7222222222222222,0.8888888888888888,0.03287788874142625,0.06588954392313837
euclidean,2,5,0.5,0.5,0.8333333333333334,0.03823958776814319,0.06576161427617991
pearson,2,5,0.6666666666666666,0.6666666666666666,0.8888888888888888,0.033062864491260884,0.0645730300286023
cosine,2,6,0.6111111111111112,0.6111111111111112,0.9444444444444444,0.03889105957300458,0.0758706665167093
euclidean,2,6,0.6111111111111112,0.6111111111111112,0.7777777777777778,0.03314764479599546,0.055450541213090475
pearson,2,6,0.6111111111111112,0.6111111111111112,1.0,0.03375931414420418,0.06061253755113719
cosine,2,7,0.5555555555555556,0.5555555555555556,0.8333333333333334,0.04921640144050889,0.08950767074558906
euclidean,2,7,0.5,0.5,0.7222222222222222,0.049558702959482094,0.09077109850062215
pearson,2,7,0.5555555555555556,0.5555555555555556,0.8888888888888888,0.04997559874262562,0.09325392741997122
cosine,2,8,0.5555555555555556,0.5555555555555556,0.8888888888888888,0.03921812830014533,0.07632617511165624
euclidean,2,8,0.5555555555555556,0.5555555555555556,0.7777777777777778,0.04201523440200452,0.08192659490139115
pearson,2,8,0.5555555555555556,0.5555555555555556,0.8888888888888888,0.03989700993124858,0.08085459789807435
cosine,2,9,0.6666666666666666,0.6666666666666666,0.7777777777777778,0.043166623156358795,0.08341170155115779
euclidean,2,9,0.5,0.5,0.7777777777777778,0.049453789276499016,0.0901688271204572
pearson,2,9,0.6666666666666666,0.6666666666666666,0.7777777777777778,0.038367551111913756,0.07752477877580624
