distance,k,i,precision,recall,mrr,mae,rmse
cosine,2,0,0.625,0.625,0.8125,0.03666232933407924,0.07216660920105682
euclidean,2,0,0.5,0.5,0.625,0.045666441463449996,0.07998706319412464
pearson,2,0,0.625,0.625,0.8125,0.03972672504494714,0.07358445932023583
cosine,2,1,0.5625,0.5625,0.5625,0.05004227847533715,0.09042684540479795
euclidean,2,1,0.125,0.125,0.1875,0.05179526576906875,0.08788949215941311
pearson,2,1,0.75,0.75,0.8125,0.039969170511006756,0.07319160422940471
cosine,2,2,0.5,0.5,0.5,0.05768713685712116,0.15428186361666554
euclidean,2,2,0.5625,0.5625,0.5625,0.05478187529569936,0.15055560337823903
pearson,2,2,0.5625,0.5625,0.5,0.059634033024046816,0.15869836821841474
cosine,2,3,0.4375,0.4375,0.375,0.054203496791338186,0.1536012508047455
euclidean,2,3,0.4375,0.4375,0.5,0.05392196281039304,0.1520976654424141
pearson,2,3,0.5,0.5,0.4375,0.05466124904878097,0.16133743765268604
cosine,2,4,0.5,0.5,0.4375,0.06189932627505162,0.13200737464208245
euclidean,2,4,0.5,0.5,0.5625,0.0497428331202712,0.11200145482675274
pearson,2,4,0.5625,0.5625,0.5,0.05340826026953694,0.11529707298030498
cosine,2,5,0.6875,0.6875,0.75,0.04123022805047462,0.10016666065622029
euclidean,2,5,0.625,0.625,0.6875,0.04178756755426191,0.10111380376410893
pearson,2,5,0.6875,0.6875,0.75,0.04274774512503809,0.1004746353040546
cosine,2,6,0.625,0.625,0.8125,0.04075636360729343,0.08451434880927981
euclidean,2,6,0.5,0.5,0.5625,0.04465342044517692,0.08797411676297702
pearson,2,6,0.625,0.625,0.875,0.03680766183969789,0.07162922725029312
cosine,2,7,0.625,0.625,0.8125,0.04542764369749531,0.08522411615018514
euclidean,2,7,0.3125,0.3125,0.5,0.04435313885732984,0.08031229307749578
pearson,2,7,0.625,0.625,0.875,0.041510276889266326,0.08728086680225063
cosine,2,8,0.5625,0.5625,0.6875,0.05289563975521556,0.13681761133644108
euclidean,2,8,0.5,0.5,0.5,0.05653966945669816,0.140011067234601
pearson,2,8,0.5,0.5,0.5625,0.056038900458031025,0.14460752050987838
cosine,2,9,0.4375,0.4375,0.5625,0.05785341291498272,0.10362872147565778
euclidean,2,9,0.375,0.375,0.5,0.05924043643908734,0.10152456053081257
pearson,2,9,0.5625,0.5625,0.75,0.045442196824828605,0.08800756967824203
