distance,k,i,precision,recall,mrr,mae,rmse
cosine,2,0,0.3888888888888889,0.3888888888888889,0.7222222222222222,0.058644354266449594,0.14610892218674446
euclidean,2,0,0.3888888888888889,0.3888888888888889,0.6111111111111112,0.06312819712011483,0.14433086693977792
pearson,2,0,0.5555555555555556,0.5555555555555556,0.7777777777777778,0.04464977953898054,0.1305265655575501
cosine,2,1,0.4444444444444444,0.4444444444444444,0.8888888888888888,0.08095799217015773,0.165249147503184
euclidean,2,1,0.3888888888888889,0.3888888888888889,0.6666666666666666,0.07717139365406103,0.1398267759057386
pearson,2,1,0.6111111111111112,0.6111111111111112,1.0,0.0464639020760579,0.08238299412570366
cosine,2,2,0.4444444444444444,0.4444444444444444,0.6666666666666666,0.07439394423232679,0.19111989931917875
euclidean,2,2,0.4444444444444444,0.4444444444444444,0.6111111111111112,0.07865106321372364,0.1907256156868858
pearson,2,2,0.3888888888888889,0.3888888888888889,0.6666666666666666,0.05869549181746057,0.19085458847331785
cosine,2,3,0.3888888888888889,0.3888888888888889,0.7222222222222222,0.07491601158361054,0.18808918659591062
euclidean,2,3,0.4444444444444444,0.4444444444444444,0.7222222222222222,0.07922076303620243,0.18216994995138724
pearson,2,3,0.3333333333333333,0.3333333333333333,0.6666666666666666,0.0652797457771111,0.18977092185631464
cosine,2,4,0.4444444444444444,0.4444444444444444,0.6666666666666666,0.06183545846988084,0.13141058621670856
euclidean,2,4,0.4444444444444444,0.4444444444444444,0.7222222222222222,0.05512103802572879,0.1093524878606054
pearson,2,4,0.6111111111111112,0.6111111111111112,0.7222222222222222,0.05448816060091683,0.14347783765509675
cosine,2,5,0.4444444444444444,0.4444444444444444,0.7222222222222222,0.07735863826145457,0.1730302850551866
euclidean,2,5,0.4444444444444444,0.4444444444444444,0.7222222222222222,0.0646858853340786,0.1194852327364747
pearson,2,5,0.5,0.5,0.7777777777777778,0.05428222143151551,0.10598722506920466
cosine,2,6,0.3888888888888889,0.3888888888888889,0.6666666666666666,0.06769702573082338,0.17023213930626765
euclidean,2,6,0.3333333333333333,0.3333333333333333,0.6666666666666666,0.07261388148185774,0.1753571145254095
pearson,2,6,0.4444444444444444,0.4444444444444444,0.6111111111111112,0.05693769497724236,0.18515542317661218
cosine,2,7,0.3888888888888889,0.3888888888888889,0.5555555555555556,0.08666976100257925,0.19925880471044313
euclidean,2,7,0.3888888888888889,0.3888888888888889,0.6111111111111112,0.08263426872720425,0.190381845647117
pearson,2,7,0.3888888888888889,0.3888888888888889,0.5,0.07555645605209087,0.20923112376853198
cosine,2,8,0.5,0.5,0.8888888888888888,0.05084925803517056,0.10921072740205597
euclidean,2,8,0.4444444444444444,0.4444444444444444,0.7777777777777778,0.049613118955036076,0.09913657601846612
pearson,2,8,0.6111111111111112,0.6111111111111112,0.9444444444444444,0.028594255585195887,0.054828234270936485
cosine,2,9,0.4444444444444444,0.4444444444444444,0.6111111111111112,0.11055849308211749,0.19978815379612214
euclidean,2,9,0.4444444444444444,0.4444444444444444,0.7222222222222222,0.0822138607313036,0.14692649747122444
pearson,2,9,0.6111111111111112,0.6111111111111112,0.5555555555555556,0.07996183141538923,0.17697183711544043
