distance,k,i,precision,recall,mrr,mae,rmse
cosine,1,0,0.625,0.625,0.625,0.05191057804869436,0.13451312661453865
euclidean,1,0,0.375,0.375,0.375,0.05441438627665174,0.1338611412276174
pearson,1,0,0.625,0.625,0.625,0.04921901366689703,0.13591184980561746
cosine,1,1,0.875,0.875,0.875,0.06403083030950107,0.11353249015015207
euclidean,1,1,0.25,0.25,0.25,0.06297525434469198,0.10905410427931866
pearson,1,1,0.625,0.625,0.625,0.05697176621753262,0.1017778240123924
cosine,1,2,0.5,0.5,0.5,0.05434776958506258,0.12052327397307458
euclidean,1,2,0.375,0.375,0.375,0.04772821249436831,0.10490467260360871
pearson,1,2,0.625,0.625,0.625,0.04861028035304457,0.11097638925042672
cosine,1,3,0.625,0.625,0.625,0.03498456617650259,0.0694595551329783
euclidean,1,3,0.5,0.5,0.5,0.03698333281312908,0.07144154971153475
pearson,1,3,0.625,0.625,0.625,0.03261363342865805,0.06100733731831281
cosine,1,4,0.5,0.5,0.5,0.05402786747850207,0.11883150526220364
euclidean,1,4,0.625,0.625,0.625,0.053296881194500406,0.11777497218197312
pearson,1,4,0.5,0.5,0.5,0.053752016180931,0.11875945989272982
cosine,1,5,0.5,0.5,0.5,0.0774088459721414,0.1383843368474535
euclidean,1,5,0.125,0.125,0.125,0.06623107596496162,0.10708897153515168
pearson,1,5,0.75,0.75,0.75,0.054628273091463585,0.09634075462334413
cosine,1,6,0.75,0.75,0.75,0.049622603592401116,0.0975263213104589
euclidean,1,6,0.5,0.5,0.5,0.04935601276247622,0.08350137400650094
pearson,1,6,0.875,0.875,0.875,0.035525925463551766,0.05917179028599635
cosine,1,7,0.625,0.625,0.625,0.047449793085457104,0.12677572271952253
euclidean,1,7,0.375,0.375,0.375,0.04934838109265608,0.13060189671958858
pearson,1,7,0.625,0.625,0.625,0.043436704125228896,0.12706856958236093
cosine,1,8,0.5,0.5,0.5,0.041212402667980624,0.08352287051724994
euclidean,1,8,0.375,0.375,0.375,0.03840727247127298,0.07297682805714323
pearson,1,8,0.625,0.625,0.625,0.03593594131241307,0.09495853529124418
cosine,1,9,0.375,0.375,0.375,0.06548253478316379,0.1230133528002162
euclidean,1,9,0.125,0.125,0.125,0.05594683009341554,0.0996848213800152
pearson,1,9,0.5,0.5,0.5,0.05697863609520775,0.11685641157505113
