distance,k,i,precision,recall,mrr,mae,rmse
cosine,3,0,0.6666666666666666,0.6666666666666666,0.8333333333333334,0.03669043343693416,0.07033944278217023
euclidean,3,0,0.5555555555555555,0.5555555555555555,0.7962962962962963,0.03600354374597918,0.06105094726520545
pearson,3,0,0.6666666666666666,0.6666666666666666,0.8888888888888888,0.038206199117801175,0.07389084606850638
cosine,3,1,0.5925925925925926,0.5925925925925926,0.7222222222222222,0.038695191780786294,0.071045772100998
euclidean,3,1,0.5185185185185185,0.5185185185185185,0.7222222222222222,0.04029470692675162,0.07224692104243464
pearson,3,1,0.5555555555555555,0.5555555555555555,0.7222222222222222,0.040980620710001345,0.07646690598906383
cosine,3,2,0.6296296296296297,0.6296296296296297,0.6481481481481481,0.050486875917072745,0.10518901461015268
euclidean,3,2,0.5555555555555555,0.5555555555555555,0.6481481481481481,0.0495990424942387,0.10035487841256494
pearson,3,2,0.6666666666666666,0.6666666666666666,0.7037037037037037,0.04655742343838113,0.0976721761980617
cosine,3,3,0.6296296296296297,0.6296296296296297,0.6481481481481481,0.04284068536143795,0.07963610495330671
euclidean,3,3,0.5185185185185185,0.5185185185185185,0.4444444444444444,0.04733924234740913,0.08194429500134302
pearson,3,3,0.7407407407407407,0.7407407407407407,0.5925925925925926,0.04481201301107251,0.0856352053556358
cosine,3,4,0.7037037037037037,0.7037037037037037,0.7222222222222222,0.04376666718825483,0.09655191624777038
euclidean,3,4,0.5555555555555555,0.5555555555555555,0.7037037037037037,0.045173699196249376,0.09410958864327733
pearson,3,4,0.7407407407407407,0.7407407407407407,0.6666666666666666,0.04325737645158335,0.09928132688858107
cosine,3,5,0.48148148148148145,0.48148148148148145,0.37037037037037035,0.054999079018176494,0.1061058821815421
euclidean,3,5,0.5185185185185185,0.5185185185185185,0.7037037037037037,0.05068155586743036,0.08989481078489862
pearson,3,5,0.48148148148148145,0.48148148148148145,0.2777777777777778,0.05349523546400898,0.10805306303215811
cosine,3,6,0.6666666666666666,0.6666666666666666,0.7592592592592592,0.044257297620465604,0.09499811208525903
euclidean,3,6,0.48148148148148145,0.48148148148148145,0.5925925925925926,0.046965204430592274,0.1012196241445316
pearson,3,6,0.5925925925925926,0.5925925925925926,0.5555555555555556,0.04612416246992124,0.09850126315242784
cosine,3,7,0.5555555555555556,0.5555555555555556,0.8148148148148148,0.03715883670220444,0.06934279847524968
euclidean,3,7,0.4444444444444444,0.4444444444444444,0.6666666666666666,0.0382834024287232,0.07096483513933557
pearson,3,7,0.5925925925925926,0.5925925925925926,0.8333333333333334,0.037122082535844064,0.0750012550653423
cosine,3,8,0.5925925925925926,0.5925925925925926,0.8888888888888888,0.02380003363428297,0.040922133023883096
euclidean,3,8,0.5185185185185185,0.5185185185185185,0.7962962962962963,0.033032227179525524,0.051910140258220265
pearson,3,8,0.6296296296296295,0.6296296296296295,0.9444444444444444,0.022556832438222266,0.044029620814297794
cosine,3,9,0.6296296296296297,0.6296296296296297,0.7222222222222222,0.04367965741374536,0.09911460505149754
euclidean,3,9,0.48148148148148145,0.48148148148148145,0.7037037037037037,0.042813959473230245,0.09750359344667983
pearson,3,9,0.6666666666666666,0.6666666666666666,0.7222222222222222,0.04480897808021169,0.09998606091565149
