distance,k,i,precision,recall,mrr,mae,rmse
cosine,2,0,0.6111111111111112,0.6111111111111112,0.7777777777777778,0.0346232808062576,0.06893728853045629
euclidean,2,0,0.5,0.5,0.7777777777777778,0.03650499775143769,0.06926357697688251
pearson,2,0,0.6666666666666666,0.6666666666666666,0.7777777777777778,0.03484017419908872,0.06912918465072508
cosine,2,1,0.5555555555555556,0.5555555555555556,0.7222222222222222,0.041606252638606206,0.07687970506684456
euclidean,2,1,0.5,0.5,0.6666666666666666,0.04066534403548155,0.07267647195750407
pearson,2,1,0.6666666666666666,0.6666666666666666,0.7222222222222222,0.037562768635124005,0.0720648654012126
cosine,2,2,0.5555555555555556,0.5555555555555556,0.8333333333333334,0.029659939106329247,0.05233094396047545
euclidean,2,2,0.5,0.5,0.7222222222222222,0.038210317123695055,0.060510322436292195
pearson,2,2,0.5555555555555556,0.5555555555555556,0.8333333333333334,0.02836215019624224,0.05198457893738645
cosine,2,3,0.6111111111111112,0.6111111111111112,0.6666666666666666,0.03142023904933891,0.05817810259193741
euclidean,2,3,0.5,0.5,0.6111111111111112,0.0371433025218917,0.06228400064914492
pearson,2,3,0.6666666666666666,0.6666666666666666,0.7222222222222222,0.030285504242550373,0.05964096800566753
cosine,2,4,0.6666666666666666,0.6666666666666666,0.7777777777777778,0.03955679634447201,0.07011808346403746
euclidean,2,4,0.4444444444444444,0.4444444444444444,0.6111111111111112,0.04319009505978182,0.07404447371111492
pearson,2,4,0.6666666666666666,0.6666666666666666,0.7777777777777778,0.03938667423750993,0.07068738750192184
cosine,2,5,0.6666666666666666,0.6666666666666666,0.8333333333333334,0.035840583184537755,0.06463460302169029
euclidean,2,5,0.5,0.5,0.6111111111111112,0.03829660077540587,0.06334705216208984
pearson,2,5,0.7777777777777778,0.7777777777777778,0.9444444444444444,0.03529251886519774,0.0675284058938918
cosine,2,6,0.4444444444444444,0.4444444444444444,0.6666666666666666,0.04661517975893069,0.0818867665765582
euclidean,2,6,0.5,0.5,0.7222222222222222,0.0484093901789401,0.08275950969405696
pearson,2,6,0.4444444444444444,0.4444444444444444,0.6666666666666666,0.04040893929502222,0.07836046059824894
cosine,2,7,0.5,0.5,0.6111111111111112,0.05540751628283082,0.09568669139224868
euclidean,2,7,0.4444444444444444,0.4444444444444444,0.6666666666666666,0.05232933837362105,0.08593572933645086
pearson,2,7,0.5,0.5,0.5555555555555556,0.05636055046592089,0.10322058953466046
cosine,2,8,0.6111111111111112,0.6111111111111112,0.7777777777777778,0.03865294071752234,0.06595493955490495
euclidean,2,8,0.4444444444444444,0.4444444444444444,0.6111111111111112,0.03964850803900152,0.06726922240474542
pearson,2,8,0.6666666666666666,0.6666666666666666,0.8333333333333334,0.03908890905038023,0.0678513900824378
cosine,2,9,0.5,0.5,0.7222222222222222,0.03729745643787518,0.0822109654542952
euclidean,2,9,0.5,0.5,0.7222222222222222,0.0379445835980697,0.06381513239579781
pearson,2,9,0.5,0.5,0.7222222222222222,0.033583736166132507,0.06407060071412007
