distance,k,i,precision,recall,mrr,mae,rmse
cosine,2,0,0.7222222222222222,0.7222222222222222,0.9444444444444444,0.042431936386359635,0.09006555953167553
euclidean,2,0,0.6111111111111112,0.6111111111111112,0.8333333333333334,0.04492694757326601,0.08694950963991735
pearson,2,0,0.7777777777777778,0.7777777777777778,0.9444444444444444,0.03625154913077856,0.08276753789026686
cosine,2,1,0.6666666666666666,0.6666666666666666,1.0,0.0413784216265741,0.07533074789157625
euclidean,2,1,0.4444444444444444,0.4444444444444444,0.8333333333333334,0.04204336475350799,0.07315396517615298
pearson,2,1,0.7222222222222222,0.7222222222222222,1.0,0.03633158999805002,0.06863400491158198
cosine,2,2,0.6666666666666666,0.6666666666666666,0.8333333333333334,0.04764509981688806,0.09743144417563014
euclidean,2,2,0.6111111111111112,0.6111111111111112,0.8888888888888888,0.050246262184573856,0.09414492389677583
pearson,2,2,0.6666666666666666,0.6666666666666666,0.8888888888888888,0.042195987558039404,0.08811854972556718
cosine,2,3,0.6111111111111112,0.6111111111111112,0.8333333333333334,0.05351026439712706,0.11381031035256582
euclidean,2,3,0.5555555555555556,0.5555555555555556,0.7777777777777778,0.04762472188986179,0.08326975207609785
pearson,2,3,0.7222222222222222,0.7222222222222222,0.9444444444444444,0.04327641345265368,0.1048977354557251
cosine,2,4,0.6111111111111112,0.6111111111111112,1.0,0.03157344629546142,0.060111529249477
euclidean,2,4,0.5555555555555556,0.5555555555555556,0.8888888888888888,0.036836340219047345,0.0683807171663059
pearson,2,4,0.6111111111111112,0.6111111111111112,1.0,0.02977764467428082,0.05671977249953295
cosine,2,5,0.6111111111111112,0.6111111111111112,1.0,0.04103475859185021,0.0760801846184907
euclidean,2,5,0.4444444444444444,0.4444444444444444,0.8333333333333334,0.0470664346744928,0.0796286241989691
pearson,2,5,0.6111111111111112,0.6111111111111112,1.0,0.03509207719404278,0.0725991620621094
cosine,2,6,0.6666666666666666,0.6666666666666666,0.8333333333333334,0.058166603289914263,0.11385115325748914
euclidean,2,6,0.6111111111111112,0.6111111111111112,0.8333333333333334,0.0575838210304229,0.10921059901204828
pearson,2,6,0.6666666666666666,0.6666666666666666,0.7222222222222222,0.05648505161003968,0.12193947702394989
cosine,2,7,0.5555555555555556,0.5555555555555556,0.8888888888888888,0.052756358724175556,0.10476402116963565
euclidean,2,7,0.5,0.5,0.8888888888888888,0.052132559601183764,0.08758509747491196
pearson,2,7,0.5555555555555556,0.5555555555555556,0.7777777777777778,0.057031520839675144,0.11502089497797867
cosine,2,8,0.7222222222222222,0.7222222222222222,0.7222222222222222,0.049719517208408004,0.1148630864298287
euclidean,2,8,0.5555555555555556,0.5555555555555556,0.7222222222222222,0.050806558650311126,0.11028896898165462
pearson,2,8,0.6666666666666666,0.6666666666666666,0.6666666666666666,0.04856867542424274,0.11692659590161993
cosine,2,9,0.6666666666666666,0.6666666666666666,0.8888888888888888,0.041244456210744206,0.1024786008789541
euclidean,2,9,0.6111111111111112,0.6111111111111112,0.7222222222222222,0.04560795071888914,0.10980643784001871
pearson,2,9,0.6666666666666666,0.6666666666666666,0.8888888888888888,0.039559979322596785,0.10999399761305598
