distance,k,i,precision,recall,mrr,mae,rmse
cosine,3,0,0.7777777777777778,0.7777777777777778,0.8703703703703703,0.03314303259241636,0.06744644687653718
euclidean,3,0,0.5555555555555555,0.5555555555555555,0.7777777777777778,0.036119074928137075,0.07114637500122271
pearson,3,0,0.7407407407407408,0.7407407407407408,0.8888888888888888,0.03511473147153701,0.07225359039250631
cosine,3,1,0.6296296296296295,0.6296296296296295,0.8333333333333334,0.042227578349619634,0.09853731823928644
euclidean,3,1,0.5555555555555555,0.5555555555555555,0.7592592592592592,0.03969669888185756,0.07493004515558556
pearson,3,1,0.6296296296296295,0.6296296296296295,0.7777777777777778,0.035699711531035176,0.07630608640500282
cosine,3,2,0.6296296296296297,0.6296296296296297,0.8703703703703703,0.039963413635886,0.07936331979259766
euclidean,3,2,0.5555555555555556,0.5555555555555556,0.8148148148148148,0.03881528886880933,0.07486361992147864
pearson,3,2,0.6666666666666666,0.6666666666666666,0.7592592592592592,0.042008996129840874,0.08119824960030322
cosine,3,3,0.6296296296296297,0.6296296296296297,0.8888888888888888,0.0394556081179096,0.07989613361393001
euclidean,3,3,0.5555555555555555,0.5555555555555555,0.8148148148148148,0.0384212416161452,0.07019081975571762
pearson,3,3,0.5925925925925926,0.5925925925925926,0.8888888888888888,0.036201154179258,0.06993655531880907
cosine,3,4,0.7037037037037037,0.7037037037037037,0.8888888888888888,0.026793537734617384,0.06145615455363245
euclidean,3,4,0.5555555555555555,0.5555555555555555,0.8333333333333334,0.032733808163325204,0.06437566138764186
pearson,3,4,0.7037037037037037,0.7037037037037037,0.9444444444444444,0.024800783822192606,0.058332782684313605
cosine,3,5,0.7037037037037037,0.7037037037037037,0.7407407407407407,0.048058952004483374,0.09095690280634006
euclidean,3,5,0.48148148148148145,0.48148148148148145,0.6666666666666666,0.04850569166986649,0.08901340539045322
pearson,3,5,0.7037037037037037,0.7037037037037037,0.7592592592592592,0.04808167686842683,0.09402232903019335
cosine,3,6,0.5555555555555555,0.5555555555555555,0.9444444444444444,0.03784508878135351,0.0755339715716409
euclidean,3,6,0.5185185185185185,0.5185185185185185,0.8703703703703703,0.038870851999072566,0.07578975803880289
pearson,3,6,0.5555555555555555,0.5555555555555555,0.9444444444444444,0.03744229667517968,0.07723839726583674
cosine,3,7,0.5925925925925926,0.5925925925925926,0.8703703703703703,0.03092997120199467,0.0633934050455041
euclidean,3,7,0.5555555555555556,0.5555555555555556,0.7777777777777778,0.03774010920028723,0.07275501450533257
pearson,3,7,0.6296296296296295,0.6296296296296295,0.8888888888888888,0.030048830078231867,0.06426918800355412
cosine,3,8,0.7037037037037037,0.7037037037037037,0.9444444444444444,0.028578562091266434,0.060985829158332644
euclidean,3,8,0.5925925925925926,0.5925925925925926,0.8148148148148148,0.03973449043122795,0.077720760892685
pearson,3,8,0.7777777777777777,0.7777777777777777,0.9444444444444444,0.025567193685348436,0.05740146771922364
cosine,3,9,0.6296296296296295,0.6296296296296295,0.8888888888888888,0.04106987696290565,0.10061222320545575
euclidean,3,9,0.5555555555555555,0.5555555555555555,0.8333333333333334,0.04297679889917469,0.10106126616186542
pearson,3,9,0.6296296296296295,0.6296296296296295,0.8888888888888888,0.04138640601269639,0.10164160007851077
