distance,k,i,precision,recall,mrr,mae,rmse
cosine,1,0,0.4444444444444444,0.4444444444444444,0.4444444444444444,0.06389136228003513,0.12959011822031571
euclidean,1,0,0.3333333333333333,0.3333333333333333,0.3333333333333333,0.0571851331076351,0.11523510576533053
pearson,1,0,0.7777777777777778,0.7777777777777778,0.7777777777777778,0.05245879568364842,0.10983605676818127
cosine,1,1,0.3333333333333333,0.3333333333333333,0.3333333333333333,0.08826842688183272,0.16670572520493512
euclidean,1,1,0.1111111111111111,0.1111111111111111,0.1111111111111111,0.0813707419391422,0.14924867213626627
pearson,1,1,0.2222222222222222,0.2222222222222222,0.2222222222222222,0.07188973180663034,0.149083066966222
cosine,1,2,0.4444444444444444,0.4444444444444444,0.4444444444444444,0.05845552959040936,0.14499895798404341
euclidean,1,2,0.3333333333333333,0.3333333333333333,0.3333333333333333,0.0505792454684544,0.10213801349670662
pearson,1,2,0.4444444444444444,0.4444444444444444,0.4444444444444444,0.04593506033985304,0.09412782675702062
cosine,1,3,0.4444444444444444,0.4444444444444444,0.4444444444444444,0.0511020858769488,0.11437953131882928
euclidean,1,3,0.3333333333333333,0.3333333333333333,0.3333333333333333,0.05049881620893563,0.10032942102906571
pearson,1,3,0.4444444444444444,0.4444444444444444,0.4444444444444444,0.039774099988221456,0.08663187943518852
cosine,1,4,0.5555555555555556,0.5555555555555556,0.5555555555555556,0.06830057158095064,0.12885553175809444
euclidean,1,4,0.3333333333333333,0.3333333333333333,0.3333333333333333,0.058694315007847365,0.10952534562968197
pearson,1,4,0.5555555555555556,0.5555555555555556,0.5555555555555556,0.04676698875612731,0.11200887843909083
cosine,1,5,0.5555555555555556,0.5555555555555556,0.5555555555555556,0.0645047755295549,0.12700739210640838
euclidean,1,5,0.0,0.0,0.0,0.06126179886031209,0.11702926165831565
pearson,1,5,0.7777777777777778,0.7777777777777778,0.7777777777777778,0.0526804638363081,0.09345562719436681
cosine,1,6,0.6666666666666666,0.6666666666666666,0.6666666666666666,0.05442755592862921,0.14104708418292777
euclidean,1,6,0.4444444444444444,0.4444444444444444,0.4444444444444444,0.059062714301128895,0.148655733516164
pearson,1,6,0.6666666666666666,0.6666666666666666,0.6666666666666666,0.04795963290289617,0.1369519008825919
cosine,1,7,0.4444444444444444,0.4444444444444444,0.4444444444444444,0.06075660083290783,0.13105800420762787
euclidean,1,7,0.4444444444444444,0.4444444444444444,0.4444444444444444,0.06362093872088911,0.10762018410713114
pearson,1,7,0.7777777777777778,0.7777777777777778,0.7777777777777778,0.03378422880192616,0.06577041937281786
cosine,1,8,0.5555555555555556,0.5555555555555556,0.5555555555555556,0.04848705642614142,0.13390473710345877
euclidean,1,8,0.4444444444444444,0.4444444444444444,0.4444444444444444,0.046357114578407736,0.08857869746566202
pearson,1,8,0.6666666666666666,0.6666666666666666,0.6666666666666666,0.033900439127933175,0.07420136094606407
cosine,1,9,0.4444444444444444,0.4444444444444444,0.4444444444444444,0.051928956370017224,0.11255740997598841
euclidean,1,9,0.3333333333333333,0.3333333333333333,0.3333333333333333,0.05672222200804964,0.10776918078696907
pearson,1,9,0.4444444444444444,0.4444444444444444,0.4444444444444444,0.04279785982210423,0.10941325233729624
