distance,k,i,precision,recall,mrr,mae,rmse
cosine,1,0,0.5555555555555556,0.5555555555555556,0.5555555555555556,0.035461630493277364,0.06599197935080826
euclidean,1,0,0.4444444444444444,0.4444444444444444,0.4444444444444444,0.03772765508568481,0.06307270612412068
pearson,1,0,0.5555555555555556,0.5555555555555556,0.5555555555555556,0.037425004363186076,0.07410856677969276
cosine,1,1,0.5555555555555556,0.5555555555555556,0.5555555555555556,0.04855962406020846,0.09288071105322235
euclidean,1,1,0.4444444444444444,0.4444444444444444,0.4444444444444444,0.04825326839028578,0.08707830415988907
pearson,1,1,0.5555555555555556,0.5555555555555556,0.5555555555555556,0.05110695837341463,0.09687094817723155
cosine,1,2,0.5555555555555556,0.5555555555555556,0.5555555555555556,0.029821753344976724,0.0567342561348229
euclidean,1,2,0.5555555555555556,0.5555555555555556,0.5555555555555556,0.0299605486766176,0.051898780071297175
pearson,1,2,0.7777777777777778,0.7777777777777778,0.7777777777777778,0.0325646428691537,0.06437494174838249
cosine,1,3,0.4444444444444444,0.4444444444444444,0.4444444444444444,0.049725689076904445,0.09140376781624285
euclidean,1,3,0.3333333333333333,0.3333333333333333,0.3333333333333333,0.04822205273932347,0.08330506554951095
pearson,1,3,0.5555555555555556,0.5555555555555556,0.5555555555555556,0.045794781831466305,0.09344732016389357
cosine,1,4,0.6666666666666666,0.6666666666666666,0.6666666666666666,0.05165795242243853,0.11171295709961211
euclidean,1,4,0.4444444444444444,0.4444444444444444,0.4444444444444444,0.053481376550742026,0.10925363235884107
pearson,1,4,0.5555555555555556,0.5555555555555556,0.5555555555555556,0.0519667935170863,0.11781561512430035
cosine,1,5,0.5555555555555556,0.5555555555555556,0.5555555555555556,0.04827052869339637,0.10191107629298995
euclidean,1,5,0.5555555555555556,0.5555555555555556,0.5555555555555556,0.04951569140247817,0.10423382570498713
pearson,1,5,0.5555555555555556,0.5555555555555556,0.5555555555555556,0.049260175458276094,0.10825622206505103
cosine,1,6,0.7777777777777778,0.7777777777777778,0.7777777777777778,0.035048919590394884,0.06371229429965819
euclidean,1,6,0.5555555555555556,0.5555555555555556,0.5555555555555556,0.041308392082751985,0.07152994425685874
pearson,1,6,0.8888888888888888,0.8888888888888888,0.8888888888888888,0.03512462319749898,0.0694540859916075
cosine,1,7,0.6666666666666666,0.6666666666666666,0.6666666666666666,0.04214340900228241,0.07232920632996118
euclidean,1,7,0.1111111111111111,0.1111111111111111,0.1111111111111111,0.047585691629517944,0.07793255922962114
pearson,1,7,0.7777777777777778,0.7777777777777778,0.7777777777777778,0.04466004704546499,0.08135932865073708
cosine,1,8,0.5555555555555556,0.5555555555555556,0.5555555555555556,0.041185912104366285,0.07967980015556583
euclidean,1,8,0.3333333333333333,0.3333333333333333,0.3333333333333333,0.045315968376671754,0.08589872943548339
pearson,1,8,0.5555555555555556,0.5555555555555556,0.5555555555555556,0.039261867141845215,0.08114481928431588
cosine,1,9,0.4444444444444444,0.4444444444444444,0.4444444444444444,0.035301266469974994,0.0677396471224967
euclidean,1,9,0.4444444444444444,0.4444444444444444,0.4444444444444444,0.039303001495888674,0.07253718574518433
pearson,1,9,0.5555555555555556,0.5555555555555556,0.5555555555555556,0.030324438062893335,0.060781097747416635
