distance,k,i,precision,recall,mrr,mae,rmse
cosine,1,0,0.6666666666666666,0.6666666666666666,0.6666666666666666,0.03202075360898685,0.05769065575338649
euclidean,1,0,0.6666666666666666,0.6666666666666666,0.6666666666666666,0.031751773548124675,0.05590947907955653
pearson,1,0,0.6666666666666666,0.6666666666666666,0.6666666666666666,0.03618814465657089,0.06363388877721815
cosine,1,1,0.6666666666666666,0.6666666666666666,0.6666666666666666,0.04198313350202688,0.0742619664079346
euclidean,1,1,0.5555555555555556,0.5555555555555556,0.5555555555555556,0.038644030508287006,0.0662474159561277
pearson,1,1,0.6666666666666666,0.6666666666666666,0.6666666666666666,0.04802172375335979,0.08628999569847794
cosine,1,2,0.6666666666666666,0.6666666666666666,0.6666666666666666,0.04645062940372143,0.09483239606545438
euclidean,1,2,0.5555555555555556,0.5555555555555556,0.5555555555555556,0.041851461219776086,0.07256710723146499
pearson,1,2,0.7777777777777778,0.7777777777777778,0.7777777777777778,0.04032794407645639,0.07323602151189072
cosine,1,3,0.7777777777777778,0.7777777777777778,0.7777777777777778,0.033092839320382414,0.060261133354844856
euclidean,1,3,0.6666666666666666,0.6666666666666666,0.6666666666666666,0.034756825408238684,0.06287937160012846
pearson,1,3,0.7777777777777778,0.7777777777777778,0.7777777777777778,0.03426473185090402,0.06186714542697615
cosine,1,4,0.7777777777777778,0.7777777777777778,0.7777777777777778,0.0335323627237322,0.06682315706947928
euclidean,1,4,0.5555555555555556,0.5555555555555556,0.5555555555555556,0.03491332741220743,0.060604744565703764
pearson,1,4,0.7777777777777778,0.7777777777777778,0.7777777777777778,0.036438936258119954,0.07207297071756777
cosine,1,5,0.7777777777777778,0.7777777777777778,0.7777777777777778,0.03273509607969525,0.06178229981886397
euclidean,1,5,0.7777777777777778,0.7777777777777778,0.7777777777777778,0.0348508005022766,0.0634121835761731
pearson,1,5,0.7777777777777778,0.7777777777777778,0.7777777777777778,0.03320255735002707,0.06335502368709355
cosine,1,6,0.5555555555555556,0.5555555555555556,0.5555555555555556,0.05074352653192145,0.09798222965061631
euclidean,1,6,0.5555555555555556,0.5555555555555556,0.5555555555555556,0.044749938187158174,0.0899388881403422
pearson,1,6,0.6666666666666666,0.6666666666666666,0.6666666666666666,0.05032576065527626,0.0995786144054363
cosine,1,7,0.7777777777777778,0.7777777777777778,0.7777777777777778,0.03426572982451983,0.06709531776752117
euclidean,1,7,0.5555555555555556,0.5555555555555556,0.5555555555555556,0.03736911076373234,0.06794870565500306
pearson,1,7,0.7777777777777778,0.7777777777777778,0.7777777777777778,0.03363420591830876,0.067068748711469
cosine,1,8,0.6666666666666666,0.6666666666666666,0.6666666666666666,0.030666057083208922,0.05182475880887532
euclidean,1,8,0.6666666666666666,0.6666666666666666,0.6666666666666666,0.03175691650993136,0.050936989115792905
pearson,1,8,0.7777777777777778,0.7777777777777778,0.7777777777777778,0.02784167204833183,0.05215124186879574
cosine,1,9,0.6666666666666666,0.6666666666666666,0.6666666666666666,0.046480130089487884,0.08409524996221744
euclidean,1,9,0.1111111111111111,0.1111111111111111,0.1111111111111111,0.04486022384968415,0.0773268086551332
pearson,1,9,0.7777777777777778,0.7777777777777778,0.7777777777777778,0.04648104415864321,0.08729021920210539
