distance,k,i,precision,recall,mrr,mae,rmse
cosine,3,0,0.6296296296296297,0.6296296296296297,0.9444444444444444,0.035633215913046815,0.06853959175963495
euclidean,3,0,0.4444444444444444,0.4444444444444444,0.9444444444444444,0.0404297039630299,0.06541789355598321
pearson,3,0,0.6296296296296297,0.6296296296296297,0.9444444444444444,0.034828868716634334,0.0755344043320842
cosine,3,1,0.5925925925925926,0.5925925925925926,0.8888888888888888,0.04767435896444263,0.10738132230490054
euclidean,3,1,0.5185185185185185,0.5185185185185185,0.8333333333333334,0.055375229353548105,0.11397831664321524
pearson,3,1,0.5555555555555556,0.5555555555555556,0.8333333333333334,0.043529262706334615,0.10244186858278831
cosine,3,2,0.5925925925925926,0.5925925925925926,0.7777777777777778,0.047917047140882595,0.10172302456930345
euclidean,3,2,0.5185185185185185,0.5185185185185185,0.7407407407407407,0.051656156436692253,0.10681725568809375
pearson,3,2,0.6666666666666666,0.6666666666666666,0.7222222222222222,0.04597095918751776,0.10768180566324528
cosine,3,3,0.5555555555555556,0.5555555555555556,0.7777777777777778,0.04701036473542131,0.11486414986319142
euclidean,3,3,0.4444444444444444,0.4444444444444444,0.7222222222222222,0.0485645368628173,0.11791634973081933
pearson,3,3,0.5555555555555556,0.5555555555555556,0.7777777777777778,0.04651070840688979,0.11670568384999144
cosine,3,4,0.5925925925925926,0.5925925925925926,1.0,0.041919683948581477,0.08260328238153512
euclidean,3,4,0.48148148148148145,0.48148148148148145,0.8888888888888888,0.03885859953008488,0.06481396910794121
pearson,3,4,0.5925925925925926,0.5925925925925926,1.0,0.04252141844655595,0.08677286758406039
cosine,3,5,0.5185185185185186,0.5185185185185186,1.0,0.042967088546481076,0.08318986803883542
euclidean,3,5,0.4074074074074074,0.4074074074074074,0.8888888888888888,0.04583795431404625,0.0801813892743306
pearson,3,5,0.5925925925925926,0.5925925925925926,1.0,0.03879433809418244,0.08100376396460625
cosine,3,6,0.5185185185185186,0.5185185185185186,1.0,0.04243161219736125,0.08289389993743679
euclidean,3,6,0.3703703703703704,0.3703703703703704,0.8148148148148148,0.051524867093888135,0.10085266806305157
pearson,3,6,0.5925925925925926,0.5925925925925926,1.0,0.037451767565638186,0.07748261961229533
cosine,3,7,0.6666666666666666,0.6666666666666666,0.9444444444444444,0.044011539299185005,0.09855062124972695
euclidean,3,7,0.5555555555555556,0.5555555555555556,0.7222222222222222,0.05210431202387672,0.11482448431961768
pearson,3,7,0.5925925925925926,0.5925925925925926,0.7777777777777778,0.04550030172385744,0.11162947377541682
cosine,3,8,0.5555555555555556,0.5555555555555556,0.7222222222222222,0.045067725258294444,0.1190531336662422
euclidean,3,8,0.4444444444444444,0.4444444444444444,0.7037037037037037,0.04906160428657395,0.12233077395601237
pearson,3,8,0.5555555555555556,0.5555555555555556,0.6666666666666666,0.04842513114901931,0.1289100301906652
cosine,3,9,0.48148148148148145,0.48148148148148145,0.9444444444444444,0.038697201409914506,0.09108835121737968
euclidean,3,9,0.4444444444444444,0.4444444444444444,0.9259259259259258,0.04026330936369282,0.08985291160738837
pearson,3,9,0.5555555555555556,0.5555555555555556,1.0,0.0287173049592147,0.06807179806043201
