distance,k,i,precision,recall,mrr,mae,rmse
cosine,3,0,0.5185185185185186,0.5185185185185186,0.6111111111111112,0.05389194950023411,0.1108204142166886
euclidean,3,0,0.4444444444444444,0.4444444444444444,0.5555555555555556,0.055400528372237426,0.10300586496085802
pearson,3,0,0.5555555555555556,0.5555555555555556,0.7962962962962963,0.045476255816629646,0.09033746636148532
cosine,3,1,0.5185185185185185,0.5185185185185185,0.7592592592592592,0.06526082457502257,0.133692362840586
euclidean,3,1,0.3703703703703704,0.3703703703703704,0.6296296296296297,0.06556191088798233,0.12952258808335926
pearson,3,1,0.5185185185185185,0.5185185185185185,0.7222222222222222,0.06487152110842512,0.14797253827766527
cosine,3,2,0.5555555555555555,0.5555555555555555,0.5555555555555556,0.05132220773330463,0.1112166294985142
euclidean,3,2,0.3333333333333333,0.3333333333333333,0.5925925925925926,0.0511423705196287,0.09671184782499889
pearson,3,2,0.5925925925925926,0.5925925925925926,0.7777777777777778,0.04160044064819418,0.08963747736966476
cosine,3,3,0.48148148148148145,0.48148148148148145,0.6666666666666666,0.06634603101717367,0.13500040690015777
euclidean,3,3,0.2962962962962963,0.2962962962962963,0.6111111111111112,0.060661964596921844,0.10806964170373844
pearson,3,3,0.5185185185185185,0.5185185185185185,0.7222222222222222,0.06075967562496037,0.12036543295152281
cosine,3,4,0.3703703703703704,0.3703703703703704,0.7777777777777778,0.05599714855903402,0.1337096807482544
euclidean,3,4,0.3703703703703704,0.3703703703703704,0.6666666666666666,0.060261827478600614,0.13937209272492665
pearson,3,4,0.3703703703703704,0.3703703703703704,0.6666666666666666,0.05406884226415103,0.14734605892446448
cosine,3,5,0.37037037037037035,0.37037037037037035,0.5,0.06261643866668974,0.14732224074670694
euclidean,3,5,0.2592592592592593,0.2592592592592593,0.12962962962962962,0.06468334461492262,0.1485367697699439
pearson,3,5,0.4074074074074074,0.4074074074074074,0.5,0.058649751049056044,0.14626330273538396
cosine,3,6,0.48148148148148145,0.48148148148148145,0.8333333333333334,0.037138539238055907,0.07554319975154221
euclidean,3,6,0.4074074074074074,0.4074074074074074,0.7037037037037037,0.03712083636690466,0.06422064551316595
pearson,3,6,0.5555555555555555,0.5555555555555555,0.8333333333333334,0.03450129770547964,0.07181916003880445
cosine,3,7,0.48148148148148145,0.48148148148148145,0.7222222222222222,0.04022900954037645,0.0888059498867578
euclidean,3,7,0.4074074074074074,0.4074074074074074,0.537037037037037,0.04787048860807434,0.0853100774870034
pearson,3,7,0.5185185185185185,0.5185185185185185,0.8333333333333334,0.02938089809358612,0.05480019875607915
cosine,3,8,0.48148148148148145,0.48148148148148145,0.5925925925925926,0.046981230287614424,0.10505097831497709
euclidean,3,8,0.4444444444444444,0.4444444444444444,0.6666666666666666,0.04329857064140709,0.09595592954111626
pearson,3,8,0.5185185185185185,0.5185185185185185,0.5555555555555556,0.04752606567690484,0.10691735321014945
cosine,3,9,0.5185185185185185,0.5185185185185185,0.6666666666666666,0.04299880283065934,0.11429299706019311
euclidean,3,9,0.4444444444444444,0.4444444444444444,0.6111111111111112,0.05018388340782417,0.11931437763685482
pearson,3,9,0.48148148148148145,0.48148148148148145,0.6111111111111112,0.037328112708282235,0.12256550455223429
