distance,k,i,precision,recall,mrr,mae,rmse
cosine,3,0,0.5925925925925926,0.5925925925925926,0.8333333333333334,0.037813537319447546,0.06622728199190023
euclidean,3,0,0.48148148148148145,0.48148148148148145,0.7407407407407407,0.041180186505828255,0.07280155188509342
pearson,3,0,0.6296296296296297,0.6296296296296297,0.8333333333333334,0.03487328195047042,0.06297320033056435
cosine,3,1,0.6666666666666666,0.6666666666666666,0.7222222222222222,0.044817949276477115,0.08733014866671995
euclidean,3,1,0.5185185185185185,0.5185185185185185,0.7222222222222222,0.048045214322135064,0.08643686523783846
pearson,3,1,0.7037037037037037,0.7037037037037037,0.6481481481481481,0.043081434638234904,0.09348579299673322
cosine,3,2,0.5555555555555556,0.5555555555555556,0.7777777777777778,0.04889066043888085,0.08899414949576806
euclidean,3,2,0.48148148148148145,0.48148148148148145,0.7222222222222222,0.052785575071183095,0.08636244815094699
pearson,3,2,0.7037037037037037,0.7037037037037037,0.7222222222222222,0.049163827284758925,0.09407796559040889
cosine,3,3,0.6666666666666666,0.6666666666666666,0.7777777777777778,0.03725328441333906,0.0702541925366683
euclidean,3,3,0.4444444444444444,0.4444444444444444,0.7592592592592592,0.045688715026488996,0.0813542521176877
pearson,3,3,0.7037037037037037,0.7037037037037037,0.7222222222222222,0.03857592559062755,0.07536793223229835
cosine,3,4,0.6296296296296295,0.6296296296296295,0.8148148148148148,0.04117077106486045,0.07213584951708026
euclidean,3,4,0.48148148148148145,0.48148148148148145,0.7222222222222222,0.04206602826958426,0.07067337244956633
pearson,3,4,0.6296296296296297,0.6296296296296297,0.8333333333333334,0.040491471026701406,0.07215472376866036
cosine,3,5,0.6296296296296297,0.6296296296296297,0.8888888888888888,0.03263624523511096,0.05416708390283165
euclidean,3,5,0.5555555555555555,0.5555555555555555,0.7037037037037037,0.03352428286118467,0.056967263209677536
pearson,3,5,0.7037037037037037,0.7037037037037037,0.8888888888888888,0.030101009405774808,0.054146045348473365
cosine,3,6,0.6296296296296295,0.6296296296296295,0.7037037037037037,0.047555749547925914,0.10318392959504995
euclidean,3,6,0.5555555555555555,0.5555555555555555,0.7592592592592592,0.0454948298222068,0.0983340545635032
pearson,3,6,0.5925925925925926,0.5925925925925926,0.7592592592592592,0.04781182964541192,0.10393960612268612
cosine,3,7,0.6296296296296297,0.6296296296296297,0.7222222222222222,0.035076857778354356,0.06886307818843715
euclidean,3,7,0.48148148148148145,0.48148148148148145,0.6481481481481481,0.039888390379175714,0.0770878849959287
pearson,3,7,0.6666666666666666,0.6666666666666666,0.7222222222222222,0.03541414792028473,0.06796450713962895
cosine,3,8,0.6296296296296297,0.6296296296296297,0.7777777777777778,0.03829628324592814,0.08134033364231541
euclidean,3,8,0.5555555555555555,0.5555555555555555,0.7592592592592592,0.038876037181227285,0.07451452979667851
pearson,3,8,0.6296296296296297,0.6296296296296297,0.7777777777777778,0.03973299024918354,0.08399749841599329
cosine,3,9,0.6666666666666665,0.6666666666666665,0.8888888888888888,0.025691960006635206,0.042820421555317456
euclidean,3,9,0.5925925925925926,0.5925925925925926,0.7037037037037037,0.0332252563459836,0.053248087981685226
pearson,3,9,0.6666666666666665,0.6666666666666665,0.8888888888888888,0.023909490694326945,0.04178441384025508
