distance,k,i,precision,recall,mrr,mae,rmse
cosine,3,0,0.7407407407407408,0.7407407407407408,0.8888888888888888,0.03892092540925285,0.07705347191934289
euclidean,3,0,0.5185185185185185,0.5185185185185185,0.7592592592592592,0.04408154533678639,0.08051250479126176
pearson,3,0,0.7407407407407408,0.7407407407407408,0.8888888888888888,0.03465363353284168,0.06582264753300508
cosine,3,1,0.6666666666666665,0.6666666666666665,0.6666666666666666,0.04072435870861334,0.08119180464870815
euclidean,3,1,0.5925925925925926,0.5925925925925926,0.6666666666666666,0.04427486841698528,0.08040662281412145
pearson,3,1,0.7037037037037037,0.7037037037037037,0.6481481481481481,0.04674244369176212,0.09823402012645095
cosine,3,2,0.7407407407407408,0.7407407407407408,0.7777777777777778,0.03754804059184488,0.06964608698519743
euclidean,3,2,0.5925925925925926,0.5925925925925926,0.5925925925925926,0.04239416182112395,0.07358957160631671
pearson,3,2,0.7407407407407408,0.7407407407407408,0.7777777777777778,0.037150066398523696,0.07006566244481151
cosine,3,3,0.7037037037037037,0.7037037037037037,0.8333333333333334,0.03495536046631523,0.07594122021901692
euclidean,3,3,0.5555555555555555,0.5555555555555555,0.7962962962962963,0.040795158510341906,0.07326565671199183
pearson,3,3,0.7777777777777778,0.7777777777777778,0.8333333333333334,0.031757043852437224,0.06526728839233979
cosine,3,4,0.6666666666666665,0.6666666666666665,0.8888888888888888,0.034539243750387784,0.06322984883628648
euclidean,3,4,0.5555555555555555,0.5555555555555555,0.5925925925925926,0.03739173238438915,0.06540134904009277
pearson,3,4,0.7037037037037037,0.7037037037037037,0.8888888888888888,0.03480526223580176,0.06999011007736787
cosine,3,5,0.6666666666666665,0.6666666666666665,0.6111111111111112,0.04196294474804632,0.08877860150665728
euclidean,3,5,0.5555555555555555,0.5555555555555555,0.6481481481481481,0.040637487125740474,0.0818320801278039
pearson,3,5,0.7037037037037037,0.7037037037037037,0.6111111111111112,0.04106348498236222,0.08863513839435383
cosine,3,6,0.6296296296296295,0.6296296296296295,0.5925925925925926,0.05161991229302637,0.10388694287069
euclidean,3,6,0.48148148148148145,0.48148148148148145,0.48148148148148145,0.05550510126666352,0.10658626490482381
pearson,3,6,0.6296296296296295,0.6296296296296295,0.6666666666666666,0.046072030505169434,0.10238503593837928
cosine,3,7,0.6666666666666666,0.6666666666666666,0.6481481481481481,0.04403410187029162,0.10704767793113096
euclidean,3,7,0.5185185185185185,0.5185185185185185,0.5555555555555556,0.04699761261999089,0.10482863862453608
pearson,3,7,0.7037037037037037,0.7037037037037037,0.6481481481481481,0.04393165896007276,0.105925433165348
cosine,3,8,0.6296296296296297,0.6296296296296297,0.7222222222222222,0.04149460732528774,0.10061648379104551
euclidean,3,8,0.5555555555555555,0.5555555555555555,0.5925925925925926,0.044023030527864764,0.10196876740448288
pearson,3,8,0.6666666666666666,0.6666666666666666,0.7037037037037037,0.04177795569567749,0.10168538723063533
cosine,3,9,0.6666666666666666,0.6666666666666666,0.8333333333333334,0.028110497587558663,0.06049582622877543
euclidean,3,9,0.5555555555555555,0.5555555555555555,0.6111111111111112,0.032227074941735205,0.05900959004507727
pearson,3,9,0.8148148148148148,0.8148148148148148,0.8333333333333334,0.02961649635045581,0.0756417492119319
