distance,k,i,precision,recall,mrr,mae,rmse
cosine,2,0,0.7222222222222222,0.7222222222222222,0.8888888888888888,0.03064886979183114,0.06381472171848666
euclidean,2,0,0.4444444444444444,0.4444444444444444,0.7222222222222222,0.036271100836977745,0.06688527543738794
pearson,2,0,0.8333333333333334,0.8333333333333334,0.8888888888888888,0.027095663079045963,0.04688385550646019
cosine,2,1,0.5,0.5,0.7222222222222222,0.035883368812484,0.07297042907227644
euclidean,2,1,0.5,0.5,0.6111111111111112,0.03975626161986285,0.0694198383688277
pearson,2,1,0.5,0.5,0.7222222222222222,0.03578553086690107,0.07594435422716164
cosine,2,2,0.6666666666666666,0.6666666666666666,0.7222222222222222,0.05294494829363299,0.10654415324514656
euclidean,2,2,0.6111111111111112,0.6111111111111112,0.7222222222222222,0.04965419625824245,0.0998692434108267
pearson,2,2,0.6666666666666666,0.6666666666666666,0.7222222222222222,0.0519755730234843,0.10893657997698494
cosine,2,3,0.5,0.5,0.7222222222222222,0.03781811003657047,0.06408253077600749
euclidean,2,3,0.4444444444444444,0.4444444444444444,0.6111111111111112,0.04393540476558344,0.07105936251634523
pearson,2,3,0.6111111111111112,0.6111111111111112,0.7777777777777778,0.03700863867569417,0.06817937427949358
cosine,2,4,0.5555555555555556,0.5555555555555556,0.7222222222222222,0.035260970974487764,0.06369871919993342
euclidean,2,4,0.5,0.5,0.6666666666666666,0.03615670011617603,0.06154487656488217
pearson,2,4,0.6111111111111112,0.6111111111111112,0.7777777777777778,0.034156681453820115,0.06316652907247326
cosine,2,5,0.7222222222222222,0.7222222222222222,0.8333333333333334,0.033679131941725365,0.06270931184189951
euclidean,2,5,0.4444444444444444,0.4444444444444444,0.6111111111111112,0.03756503094282834,0.06660956836604782
pearson,2,5,0.7777777777777778,0.7777777777777778,0.6666666666666666,0.04163727804790775,0.08079150513938285
cosine,2,6,0.6666666666666666,0.6666666666666666,0.7777777777777778,0.038857757715082236,0.09172150430751466
euclidean,2,6,0.5555555555555556,0.5555555555555556,0.7222222222222222,0.04040711265674817,0.09095380915077508
pearson,2,6,0.6666666666666666,0.6666666666666666,0.7777777777777778,0.039757921019477456,0.09332187153214327
cosine,2,7,0.5555555555555556,0.5555555555555556,0.6111111111111112,0.03994749898786856,0.09389050701560987
euclidean,2,7,0.4444444444444444,0.4444444444444444,0.5555555555555556,0.042888687618653894,0.09327273639422819
pearson,2,7,0.6666666666666666,0.6666666666666666,0.6111111111111112,0.03929831587224817,0.09487922998029714
cosine,2,8,0.7777777777777778,0.7777777777777778,0.8888888888888888,0.03266306292825498,0.05344035059728843
euclidean,2,8,0.5,0.5,0.7222222222222222,0.03446899050226891,0.05252542567914275
pearson,2,8,0.7222222222222222,0.7222222222222222,0.7777777777777778,0.03316781122744217,0.05771620302768859
cosine,2,9,0.5,0.5,0.7222222222222222,0.04606439087011215,0.0855223234550035
euclidean,2,9,0.4444444444444444,0.4444444444444444,0.7222222222222222,0.04972608005455428,0.08672394088831559
pearson,2,9,0.6111111111111112,0.6111111111111112,0.7222222222222222,0.044059680733032,0.08387287897182327
