distance,k,i,precision,recall,mrr,mae,rmse
cosine,2,0,0.6666666666666666,0.6666666666666666,1.0,0.0382792493588295,0.0769788677468902
euclidean,2,0,0.4444444444444444,0.4444444444444444,0.7777777777777778,0.04569248558614472,0.08853633435939832
pearson,2,0,0.6666666666666666,0.6666666666666666,1.0,0.038053555846890526,0.07377106204427994
cosine,2,1,0.6666666666666666,0.6666666666666666,1.0,0.037513060583197005,0.06763309424576486
euclidean,2,1,0.5,0.5,0.7777777777777778,0.04140570270419489,0.07177314721175497
pearson,2,1,0.7222222222222222,0.7222222222222222,1.0,0.038164347798059925,0.06780622836584124
cosine,2,2,0.5555555555555556,0.5555555555555556,0.8888888888888888,0.03576464607275448,0.06977462557680264
euclidean,2,2,0.5,0.5,0.8333333333333334,0.03788995019639535,0.06920858047436498
pearson,2,2,0.5555555555555556,0.5555555555555556,0.9444444444444444,0.035809557957066855,0.075510652250952
cosine,2,3,0.7777777777777778,0.7777777777777778,0.8888888888888888,0.03620331880270255,0.10466262034856982
euclidean,2,3,0.5555555555555556,0.5555555555555556,0.7222222222222222,0.03487208718469469,0.0966820142228148
pearson,2,3,0.7222222222222222,0.7222222222222222,0.7777777777777778,0.043710658930682184,0.11665938506906426
cosine,2,4,0.5555555555555556,0.5555555555555556,0.7777777777777778,0.04567587209200913,0.08856640123035615
euclidean,2,4,0.4444444444444444,0.4444444444444444,0.7222222222222222,0.04336583252977479,0.08150621641623745
pearson,2,4,0.6111111111111112,0.6111111111111112,0.7777777777777778,0.04043423146171964,0.08007950098352631
cosine,2,5,0.6666666666666666,0.6666666666666666,0.7777777777777778,0.037068000627483944,0.10024887258469363
euclidean,2,5,0.5555555555555556,0.5555555555555556,0.7222222222222222,0.03868260637500099,0.10109624666613327
pearson,2,5,0.7222222222222222,0.7222222222222222,0.7777777777777778,0.03771480542939878,0.1009170065140518
cosine,2,6,0.6111111111111112,0.6111111111111112,0.8888888888888888,0.039004079247438164,0.07576552446317902
euclidean,2,6,0.4444444444444444,0.4444444444444444,0.7777777777777778,0.04290003296250887,0.07815511078708566
pearson,2,6,0.6666666666666666,0.6666666666666666,0.8888888888888888,0.03668710210178055,0.06923999317029562
cosine,2,7,0.6666666666666666,0.6666666666666666,0.7777777777777778,0.04717272648737729,0.10842037349152865
euclidean,2,7,0.5555555555555556,0.5555555555555556,0.7222222222222222,0.05195387704357637,0.12044269059860101
pearson,2,7,0.6111111111111112,0.6111111111111112,0.7777777777777778,0.047437374452322635,0.11449654357448738
cosine,2,8,0.5,0.5,0.7222222222222222,0.04107383551237803,0.0888402001242209
euclidean,2,8,0.5,0.5,0.7777777777777778,0.042349411549402506,0.0897488573831743
pearson,2,8,0.5,0.5,0.7777777777777778,0.04171896819374703,0.09212446613928492
cosine,2,9,0.6666666666666666,0.6666666666666666,0.8888888888888888,0.037712300437517075,0.07141866420421561
euclidean,2,9,0.4444444444444444,0.4444444444444444,0.7777777777777778,0.03801227155743616,0.06761593597903105
pearson,2,9,0.6111111111111112,0.6111111111111112,0.8888888888888888,0.03973076382681404,0.07967433124286792
