distance,k,i,precision,recall,mrr,mae,rmse
cosine,1,0,0.5555555555555556,0.5555555555555556,0.5555555555555556,0.0516302279042126,0.11213666037086428
euclidean,1,0,0.5555555555555556,0.5555555555555556,0.5555555555555556,0.0551475622452067,0.11690346524910637
pearson,1,0,0.5555555555555556,0.5555555555555556,0.5555555555555556,0.048297223292903584,0.11138903271733588
cosine,1,1,0.6666666666666666,0.6666666666666666,0.6666666666666666,0.03683008264381577,0.07143267308188508
euclidean,1,1,0.5555555555555556,0.5555555555555556,0.5555555555555556,0.0366543624114747,0.07019563559096044
pearson,1,1,0.6666666666666666,0.6666666666666666,0.6666666666666666,0.03245965893831346,0.06550042024088473
cosine,1,2,0.6666666666666666,0.6666666666666666,0.6666666666666666,0.028112273769177222,0.05763794614190746
euclidean,1,2,0.5555555555555556,0.5555555555555556,0.5555555555555556,0.03386431110440254,0.0662108417933036
pearson,1,2,0.6666666666666666,0.6666666666666666,0.6666666666666666,0.03078049647948003,0.06058572777655643
cosine,1,3,0.6666666666666666,0.6666666666666666,0.6666666666666666,0.04702935722927689,0.10020749060217887
euclidean,1,3,0.6666666666666666,0.6666666666666666,0.6666666666666666,0.05056683639612838,0.10293210246430351
pearson,1,3,0.6666666666666666,0.6666666666666666,0.6666666666666666,0.0466568539088303,0.09934467231856449
cosine,1,4,0.6666666666666666,0.6666666666666666,0.6666666666666666,0.04019331541462475,0.07447199595916082
euclidean,1,4,0.7777777777777778,0.7777777777777778,0.7777777777777778,0.042351207644552295,0.0713800875360992
pearson,1,4,0.6666666666666666,0.6666666666666666,0.6666666666666666,0.03736176928678534,0.08002991510023229
cosine,1,5,0.6666666666666666,0.6666666666666666,0.6666666666666666,0.043016144982818194,0.09761458365656403
euclidean,1,5,0.5555555555555556,0.5555555555555556,0.5555555555555556,0.04361721175143633,0.09872065375968404
pearson,1,5,0.6666666666666666,0.6666666666666666,0.6666666666666666,0.047267425874926904,0.10608371963887092
cosine,1,6,0.6666666666666666,0.6666666666666666,0.6666666666666666,0.039795680335283974,0.09017987596256635
euclidean,1,6,0.6666666666666666,0.6666666666666666,0.6666666666666666,0.040455787166914094,0.08028620435789119
pearson,1,6,0.6666666666666666,0.6666666666666666,0.6666666666666666,0.03602901647579071,0.07606125582604872
cosine,1,7,0.7777777777777778,0.7777777777777778,0.7777777777777778,0.033216695029507026,0.058047615609965304
euclidean,1,7,0.5555555555555556,0.5555555555555556,0.5555555555555556,0.04158578030486056,0.06689842328828355
pearson,1,7,0.8888888888888888,0.8888888888888888,0.8888888888888888,0.03706919599285551,0.05979823597831124
cosine,1,8,0.4444444444444444,0.4444444444444444,0.4444444444444444,0.046078521802968106,0.10892299234545179
euclidean,1,8,0.5555555555555556,0.5555555555555556,0.5555555555555556,0.04638601624431722,0.10913480146491153
pearson,1,8,0.4444444444444444,0.4444444444444444,0.4444444444444444,0.0467074651586723,0.11072864197230037
cosine,1,9,0.6666666666666666,0.6666666666666666,0.6666666666666666,0.04500403429097796,0.08569785766206477
euclidean,1,9,0.6666666666666666,0.6666666666666666,0.6666666666666666,0.04541653605640515,0.08148422786098217
pearson,1,9,0.6666666666666666,0.6666666666666666,0.6666666666666666,0.045813407340843555,0.08824615334440127
