distance,k,i,precision,recall,mrr,mae,rmse
cosine,3,0,0.5555555555555556,0.5555555555555556,0.8888888888888888,0.06643578122732315,0.14419249026147868
euclidean,3,0,0.37037037037037035,0.37037037037037035,0.6481481481481481,0.0712864101968388,0.16232912370523733
pearson,3,0,0.5185185185185185,0.5185185185185185,0.8888888888888888,0.0541910065488172,0.14232339645799144
cosine,3,1,0.4074074074074074,0.4074074074074074,0.7222222222222222,0.06973822156646282,0.1778354490599182
euclidean,3,1,0.4074074074074074,0.4074074074074074,0.6481481481481481,0.06622666187821608,0.17282971899952773
pearson,3,1,0.4444444444444444,0.4444444444444444,0.6111111111111112,0.06387457682067901,0.19043311077192285
cosine,3,2,0.5185185185185185,0.5185185185185185,0.9444444444444444,0.0652381449859582,0.12915300754003473
euclidean,3,2,0.2962962962962963,0.2962962962962963,0.7222222222222222,0.06674161331792855,0.1147134102839739
pearson,3,2,0.5185185185185185,0.5185185185185185,0.9444444444444444,0.04535085873443559,0.0870016012502566
cosine,3,3,0.4444444444444444,0.4444444444444444,0.7222222222222222,0.07076411322666114,0.1700505946924824
euclidean,3,3,0.48148148148148145,0.48148148148148145,0.7407407407407407,0.06890345161628277,0.1689414423630178
pearson,3,3,0.5185185185185185,0.5185185185185185,0.7777777777777778,0.06438214406608034,0.15732976245330446
cosine,3,4,0.4074074074074074,0.4074074074074074,0.8703703703703703,0.048683615668179726,0.08606561741535583
euclidean,3,4,0.3703703703703704,0.3703703703703704,0.7592592592592592,0.05110091275071139,0.09216743629975048
pearson,3,4,0.5185185185185185,0.5185185185185185,0.8333333333333334,0.04601719044630209,0.08837183718501478
cosine,3,5,0.37037037037037035,0.37037037037037035,0.7037037037037037,0.07213370380394094,0.1771268571336808
euclidean,3,5,0.33333333333333326,0.33333333333333326,0.6111111111111112,0.07079481933651564,0.17547323469486137
pearson,3,5,0.5185185185185185,0.5185185185185185,0.7222222222222222,0.051109750704429364,0.1455867882423645
cosine,3,6,0.48148148148148145,0.48148148148148145,0.7037037037037037,0.0676881424994182,0.18565384731710305
euclidean,3,6,0.4444444444444444,0.4444444444444444,0.6666666666666666,0.07023231692603697,0.18614544770831765
pearson,3,6,0.5185185185185185,0.5185185185185185,0.7222222222222222,0.057870567514783304,0.1779397449627725
cosine,3,7,0.4444444444444444,0.4444444444444444,0.8333333333333334,0.06469378092143839,0.14548785333345213
euclidean,3,7,0.33333333333333326,0.33333333333333326,0.7037037037037037,0.06379842822509144,0.12486539755376774
pearson,3,7,0.48148148148148145,0.48148148148148145,0.7777777777777778,0.044416600122380634,0.08963594622656336
cosine,3,8,0.5185185185185185,0.5185185185185185,0.8333333333333334,0.052362739926459026,0.12697533193202407
euclidean,3,8,0.3333333333333333,0.3333333333333333,0.7777777777777778,0.05531132495128023,0.11117046187363694
pearson,3,8,0.5555555555555556,0.5555555555555556,0.8148148148148148,0.03952769486011249,0.12671241954289375
cosine,3,9,0.48148148148148145,0.48148148148148145,0.9259259259259258,0.05685981403489633,0.12359747286205543
euclidean,3,9,0.3703703703703704,0.3703703703703704,0.8703703703703703,0.05267251132658877,0.10829854768998985
pearson,3,9,0.5185185185185185,0.5185185185185185,0.8333333333333334,0.050772672598756084,0.14455347840723543
