distance,k,i,precision,recall,mrr,mae,rmse
cosine,2,0,0.5555555555555556,0.5555555555555556,0.7222222222222222,0.05719533995940758,0.15143965730074432
euclidean,2,0,0.4444444444444444,0.4444444444444444,0.6111111111111112,0.05577644270118975,0.14213334386711016
pearson,2,0,0.5555555555555556,0.5555555555555556,0.7222222222222222,0.04691620790861794,0.1344694091693894
cosine,2,1,0.5,0.5,0.6666666666666666,0.07859341644261102,0.19737819677116336
euclidean,2,1,0.3333333333333333,0.3333333333333333,0.6111111111111112,0.06426973571399856,0.1517227616218889
pearson,2,1,0.5,0.5,0.4444444444444444,0.05647577028007948,0.15660107690415045
cosine,2,2,0.5,0.5,0.7777777777777778,0.03791999471174748,0.12248923136293537
euclidean,2,2,0.3888888888888889,0.3888888888888889,0.7222222222222222,0.039840093397759846,0.12367603703489989
pearson,2,2,0.5,0.5,0.7777777777777778,0.038105879393413276,0.12276283171721242
cosine,2,3,0.4444444444444444,0.4444444444444444,0.7222222222222222,0.0577200415094306,0.132519504810846
euclidean,2,3,0.3888888888888889,0.3888888888888889,0.7222222222222222,0.054578219714194055,0.11745037911454723
pearson,2,3,0.4444444444444444,0.4444444444444444,0.6666666666666666,0.043948942917997696,0.1296683506741646
cosine,2,4,0.4444444444444444,0.4444444444444444,0.5555555555555556,0.07938953134857266,0.19525222776249676
euclidean,2,4,0.3888888888888889,0.3888888888888889,0.3333333333333333,0.08038144863815672,0.1968189739560204
pearson,2,4,0.4444444444444444,0.4444444444444444,0.5,0.06660608214080962,0.1892427484126584
cosine,2,5,0.5,0.5,0.7777777777777778,0.07187117978747637,0.1447748092504433
euclidean,2,5,0.3888888888888889,0.3888888888888889,0.6666666666666666,0.06922229881887944,0.1260179579821356
pearson,2,5,0.4444444444444444,0.4444444444444444,0.6666666666666666,0.05858715934763586,0.141061106203378
cosine,2,6,0.5555555555555556,0.5555555555555556,0.7222222222222222,0.07058158226911004,0.1559478677983847
euclidean,2,6,0.4444444444444444,0.4444444444444444,0.6111111111111112,0.06745754408724323,0.14755329823642577
pearson,2,6,0.7777777777777778,0.7777777777777778,0.8333333333333334,0.052666744341380224,0.1395683307299774
cosine,2,7,0.5,0.5,0.7222222222222222,0.06287484052526565,0.1698495981829131
euclidean,2,7,0.3333333333333333,0.3333333333333333,0.6666666666666666,0.06438202075741024,0.1588111948490848
pearson,2,7,0.5555555555555556,0.5555555555555556,0.6666666666666666,0.0566473043362089,0.17268260259389265
cosine,2,8,0.6666666666666666,0.6666666666666666,0.7777777777777778,0.056520946011812935,0.11644813714380663
euclidean,2,8,0.4444444444444444,0.4444444444444444,0.6666666666666666,0.057562704832540355,0.11151268316604047
pearson,2,8,0.6666666666666666,0.6666666666666666,0.7777777777777778,0.05142416109675142,0.13613734729622534
cosine,2,9,0.5555555555555556,0.5555555555555556,0.7777777777777778,0.04695785109038427,0.13876329340876942
euclidean,2,9,0.4444444444444444,0.4444444444444444,0.6666666666666666,0.0436925062495629,0.1283766967311064
pearson,2,9,0.6111111111111112,0.6111111111111112,0.8333333333333334,0.03794294143464282,0.1251440734053622
