distance,k,i,precision,recall,mrr,mae,rmse
cosine,3,0,0.6666666666666666,0.6666666666666666,0.8703703703703703,0.031183146877137382,0.06410786378366931
euclidean,3,0,0.5555555555555556,0.5555555555555556,0.8703703703703703,0.03178856044175517,0.05487942374723729
pearson,3,0,0.6666666666666666,0.6666666666666666,0.8333333333333334,0.02999792246876956,0.0690671893494073
cosine,3,1,0.5925925925925926,0.5925925925925926,0.8888888888888888,0.05205736027178735,0.10226134204777805
euclidean,3,1,0.5185185185185185,0.5185185185185185,0.7962962962962963,0.0460982717297879,0.08693314452367333
pearson,3,1,0.5555555555555556,0.5555555555555556,0.7777777777777778,0.05690702688993599,0.11537643838164494
cosine,3,2,0.5925925925925926,0.5925925925925926,0.8888888888888888,0.041497074089231374,0.07259802985701858
euclidean,3,2,0.48148148148148145,0.48148148148148145,0.7222222222222222,0.048948218868204114,0.08347450423844238
pearson,3,2,0.6666666666666666,0.6666666666666666,0.8888888888888888,0.03853186048131719,0.07298099476243855
cosine,3,3,0.6296296296296295,0.6296296296296295,0.8888888888888888,0.030774901599333274,0.06510635148786001
euclidean,3,3,0.48148148148148145,0.48148148148148145,0.8148148148148148,0.037970346126076034,0.07278611671211323
pearson,3,3,0.6666666666666665,0.6666666666666665,0.8888888888888888,0.02987794308084004,0.06991877488915027
cosine,3,4,0.6296296296296297,0.6296296296296297,0.7777777777777778,0.046805195031394374,0.10823163601551807
euclidean,3,4,0.5185185185185185,0.5185185185185185,0.7222222222222222,0.04735730755639855,0.10877014859598481
pearson,3,4,0.7407407407407408,0.7407407407407408,0.8888888888888888,0.04588902447266713,0.1061395159085146
cosine,3,5,0.8148148148148148,0.8148148148148148,0.8888888888888888,0.02751623817669602,0.053743370644001316
euclidean,3,5,0.4444444444444444,0.4444444444444444,0.8703703703703703,0.03577983892575995,0.06415036896034974
pearson,3,5,0.7777777777777778,0.7777777777777778,0.8333333333333334,0.029867766433932783,0.05813459898900893
cosine,3,6,0.6296296296296297,0.6296296296296297,0.9259259259259258,0.041822487259219956,0.08472996703096213
euclidean,3,6,0.48148148148148145,0.48148148148148145,0.7592592592592592,0.04286041704316426,0.07867922990863364
pearson,3,6,0.7407407407407408,0.7407407407407408,1.0,0.03509282355939323,0.0671007511403485
cosine,3,7,0.7037037037037037,0.7037037037037037,0.8703703703703703,0.043054834947840265,0.07549255551086452
euclidean,3,7,0.48148148148148145,0.48148148148148145,0.7777777777777778,0.046436303764608056,0.07931065499266517
pearson,3,7,0.6666666666666666,0.6666666666666666,0.8333333333333334,0.03811818263360733,0.06533558455548537
cosine,3,8,0.6666666666666666,0.6666666666666666,0.9444444444444444,0.0332805105348601,0.06955864283578397
euclidean,3,8,0.5185185185185185,0.5185185185185185,0.8703703703703703,0.03628419048942334,0.06458110364139501
pearson,3,8,0.6666666666666666,0.6666666666666666,0.9444444444444444,0.033341641438044564,0.07220510445025564
cosine,3,9,0.5925925925925926,0.5925925925925926,0.8333333333333334,0.05320922007138923,0.10199025891062484
euclidean,3,9,0.4074074074074074,0.4074074074074074,0.7592592592592592,0.05153707676497352,0.08450764903048694
pearson,3,9,0.6296296296296297,0.6296296296296297,0.8703703703703703,0.05473825083539273,0.11143338572181843
