distance,k,i,precision,recall,mrr,mae,rmse
cosine,3,0,0.5185185185185186,0.5185185185185186,0.7222222222222222,0.05868680447410642,0.15656818086177637
euclidean,3,0,0.4074074074074074,0.4074074074074074,0.6481481481481481,0.06015500784185182,0.14993374245847765
pearson,3,0,0.4074074074074074,0.4074074074074074,0.6111111111111112,0.0591673896675039,0.17176675183776044
cosine,3,1,0.5555555555555556,0.5555555555555556,0.8148148148148148,0.03551396410045,0.11868811322025624
euclidean,3,1,0.33333333333333326,0.33333333333333326,0.6481481481481481,0.03789689940493148,0.12056361730303558
pearson,3,1,0.5925925925925926,0.5925925925925926,0.8148148148148148,0.03762174511796457,0.1191309424194831
cosine,3,2,0.4444444444444444,0.4444444444444444,0.7222222222222222,0.061024670630046386,0.13562478698105065
euclidean,3,2,0.3333333333333333,0.3333333333333333,0.7037037037037037,0.05735842892962569,0.12492646706630213
pearson,3,2,0.4444444444444444,0.4444444444444444,0.7037037037037037,0.05467569368267858,0.13690270762287543
cosine,3,3,0.5185185185185186,0.5185185185185186,0.7592592592592592,0.05522893896392255,0.12425536723383022
euclidean,3,3,0.33333333333333326,0.33333333333333326,0.7222222222222222,0.05505910750305091,0.1111476430939332
pearson,3,3,0.5555555555555556,0.5555555555555556,0.7592592592592592,0.04911129522742367,0.09873718702556201
cosine,3,4,0.5555555555555556,0.5555555555555556,0.8333333333333334,0.05512916353177789,0.11912093896641317
euclidean,3,4,0.37037037037037035,0.37037037037037035,0.7592592592592592,0.05955561203180138,0.12806639248962473
pearson,3,4,0.5925925925925926,0.5925925925925926,0.7222222222222222,0.05058443898649543,0.13884053481262046
cosine,3,5,0.5555555555555556,0.5555555555555556,0.7222222222222222,0.061473601983645036,0.1440785120617412
euclidean,3,5,0.37037037037037035,0.37037037037037035,0.8148148148148148,0.06010948053301603,0.13477772438344135
pearson,3,5,0.5925925925925926,0.5925925925925926,0.7222222222222222,0.04960361287497005,0.13723568423122173
cosine,3,6,0.4074074074074074,0.4074074074074074,0.8148148148148148,0.04064695892747079,0.07450924654572075
euclidean,3,6,0.4074074074074074,0.4074074074074074,0.7037037037037037,0.045143152258648914,0.08078484188993412
pearson,3,6,0.5555555555555556,0.5555555555555556,0.8148148148148148,0.03900532664362237,0.06870425283270203
cosine,3,7,0.5185185185185185,0.5185185185185185,0.7777777777777778,0.061769066104891135,0.13532607401548022
euclidean,3,7,0.5185185185185185,0.5185185185185185,0.6666666666666666,0.05524540179170682,0.12704019387564328
pearson,3,7,0.5185185185185185,0.5185185185185185,0.6666666666666666,0.06166621141970382,0.14693189730368475
cosine,3,8,0.4444444444444444,0.4444444444444444,0.6666666666666666,0.06639823977892506,0.15413979928196778
euclidean,3,8,0.37037037037037035,0.37037037037037035,0.6111111111111112,0.0707243659589744,0.15620032327231853
pearson,3,8,0.48148148148148145,0.48148148148148145,0.6666666666666666,0.05261708006857508,0.14036968802229446
cosine,3,9,0.48148148148148145,0.48148148148148145,0.7777777777777778,0.06341235447139855,0.15093550416385593
euclidean,3,9,0.3703703703703704,0.3703703703703704,0.7037037037037037,0.06293910851110301,0.14747292577928248
pearson,3,9,0.5185185185185185,0.5185185185185185,0.7777777777777778,0.05471656229037388,0.1452875369712992
