distance,k,i,precision,recall,mrr,mae,rmse
cosine,3,0,0.6296296296296297,0.6296296296296297,0.7037037037037037,0.0482885717076621,0.10315043312614697
euclidean,3,0,0.5185185185185185,0.5185185185185185,0.5185185185185185,0.051019160148795685,0.1052870013034935
pearson,3,0,0.5555555555555556,0.5555555555555556,0.7037037037037037,0.0523448841271331,0.11153552020703628
cosine,3,1,0.6666666666666665,0.6666666666666665,0.7037037037037037,0.04464675122988885,0.10120142244833516
euclidean,3,1,0.5185185185185185,0.5185185185185185,0.6111111111111112,0.043306151898405205,0.09302695838619236
pearson,3,1,0.7037037037037037,0.7037037037037037,0.7037037037037037,0.044141490814612876,0.10262525933808218
cosine,3,2,0.7037037037037037,0.7037037037037037,0.7222222222222222,0.035481788863897606,0.07333606928232811
euclidean,3,2,0.5555555555555555,0.5555555555555555,0.7222222222222222,0.03781813253785148,0.07183722472326082
pearson,3,2,0.7037037037037037,0.7037037037037037,0.7592592592592592,0.035576620744620084,0.07263409972965963
cosine,3,3,0.7777777777777778,0.7777777777777778,0.6111111111111112,0.04331409833201154,0.1048338076526243
euclidean,3,3,0.5925925925925926,0.5925925925925926,0.6666666666666666,0.04742593348128612,0.10252716101241612
pearson,3,3,0.7037037037037037,0.7037037037037037,0.6666666666666666,0.04318107139508607,0.10596670575353673
cosine,3,4,0.8148148148148148,0.8148148148148148,0.8333333333333334,0.03443882214350433,0.06553114028756601
euclidean,3,4,0.48148148148148145,0.48148148148148145,0.6851851851851851,0.0363005845629748,0.06039997828803066
pearson,3,4,0.7777777777777778,0.7777777777777778,0.8888888888888888,0.04116241669389246,0.08055787576710251
cosine,3,5,0.6296296296296297,0.6296296296296297,0.7962962962962963,0.043805671171534555,0.08045166862647427
euclidean,3,5,0.48148148148148145,0.48148148148148145,0.6481481481481481,0.04054613189114786,0.07034601680536598
pearson,3,5,0.6666666666666666,0.6666666666666666,0.7962962962962963,0.047279666654111735,0.08810094278750702
cosine,3,6,0.6296296296296297,0.6296296296296297,0.537037037037037,0.04601233533000668,0.10210877007611605
euclidean,3,6,0.4444444444444444,0.4444444444444444,0.5,0.0460642125360141,0.10208206710086751
pearson,3,6,0.5925925925925926,0.5925925925925926,0.537037037037037,0.04687499316838521,0.10318935570988946
cosine,3,7,0.6296296296296295,0.6296296296296295,0.7222222222222222,0.046083863146869075,0.08966336809280842
euclidean,3,7,0.48148148148148145,0.48148148148148145,0.7037037037037037,0.0468680437441445,0.08857084316285192
pearson,3,7,0.5925925925925926,0.5925925925925926,0.6111111111111112,0.04325481103407841,0.09452021345597693
cosine,3,8,0.6666666666666666,0.6666666666666666,0.7222222222222222,0.04251643842364746,0.07463027709921476
euclidean,3,8,0.5555555555555555,0.5555555555555555,0.6481481481481481,0.04570693361844735,0.07699671192206421
pearson,3,8,0.7037037037037037,0.7037037037037037,0.7407407407407407,0.0423106324200531,0.07552199503543917
cosine,3,9,0.6296296296296295,0.6296296296296295,0.7777777777777778,0.05180913000605249,0.11162850323735626
euclidean,3,9,0.5555555555555555,0.5555555555555555,0.574074074074074,0.05144827573240766,0.10454654700413214
pearson,3,9,0.5925925925925926,0.5925925925925926,0.7222222222222222,0.0538061901903316,0.11575180777670398
