distance,k,i,precision,recall,mrr,mae,rmse
cosine,2,0,0.6666666666666666,0.6666666666666666,0.75,0.07553537990570149,0.17413892360564615
euclidean,2,0,0.5,0.5,0.4166666666666667,0.07971208546387987,0.17755530168849448
pearson,2,0,0.5,0.5,0.5,0.0811382186987922,0.19272735384356757
cosine,2,1,0.6666666666666666,0.6666666666666666,0.75,0.07086015239419682,0.12356225699931782
euclidean,2,1,0.4166666666666667,0.4166666666666667,0.5833333333333334,0.0745905091132388,0.137954545930521
pearson,2,1,0.8333333333333334,0.8333333333333334,0.8333333333333334,0.038001062392566544,0.06923061783810337
cosine,2,2,0.6666666666666666,0.6666666666666666,1.0,0.03409854304855032,0.06672402501432768
euclidean,2,2,0.4166666666666667,0.4166666666666667,0.8333333333333334,0.03805466635134702,0.06886962077736032
pearson,2,2,0.5833333333333334,0.5833333333333334,0.8333333333333334,0.04301413214803398,0.07700152700751008
cosine,2,3,0.5833333333333334,0.5833333333333334,0.5833333333333334,0.09517000327338732,0.21547618839421812
euclidean,2,3,0.4166666666666667,0.4166666666666667,0.4166666666666667,0.08118268660243189,0.17057690966014677
pearson,2,3,0.5,0.5,0.5,0.064637977325052,0.1467488793112181
cosine,2,4,0.75,0.75,0.9166666666666666,0.04707909439085326,0.11370877867974229
euclidean,2,4,0.4166666666666667,0.4166666666666667,0.8333333333333334,0.0384698621454447,0.07671046371905675
pearson,2,4,0.6666666666666666,0.6666666666666666,0.75,0.04947295354664558,0.10443170737916885
cosine,2,5,0.5833333333333334,0.5833333333333334,0.4166666666666667,0.07406674106170844,0.17511384441286268
euclidean,2,5,0.4166666666666667,0.4166666666666667,0.3333333333333333,0.07647910770899388,0.17943464816654692
pearson,2,5,0.5,0.5,0.25,0.08257613555211668,0.19043018938909376
cosine,2,6,0.4166666666666667,0.4166666666666667,0.16666666666666666,0.08810362065505979,0.20300063375584945
euclidean,2,6,0.3333333333333333,0.3333333333333333,0.16666666666666666,0.08592273447439512,0.2021298169572779
pearson,2,6,0.5,0.5,0.16666666666666666,0.07785796549386359,0.1956532883950818
cosine,2,7,0.5833333333333334,0.5833333333333334,0.6666666666666666,0.056919013949864206,0.1071012117430829
euclidean,2,7,0.4166666666666667,0.4166666666666667,0.5833333333333334,0.05186731903752516,0.09683742057846048
pearson,2,7,0.8333333333333334,0.8333333333333334,0.75,0.04760368278380984,0.1003565126106312
cosine,2,8,0.75,0.75,1.0,0.02083231933584397,0.04768873198362963
euclidean,2,8,0.4166666666666667,0.4166666666666667,0.5833333333333334,0.026672702270333408,0.05302806880859347
pearson,2,8,0.75,0.75,0.8333333333333334,0.024328358893899893,0.04794511037538105
cosine,2,9,0.5833333333333334,0.5833333333333334,0.75,0.058095001974732954,0.11404159559872534
euclidean,2,9,0.4166666666666667,0.4166666666666667,0.5833333333333334,0.058311957906141305,0.10549211957172673
pearson,2,9,0.75,0.75,0.8333333333333334,0.04970080835170066,0.1005491059547709
