distance,k,i,precision,recall,mrr,mae,rmse
cosine,2,0,0.5555555555555556,0.5555555555555556,0.6111111111111112,0.07905411667764603,0.18977091418638534
euclidean,2,0,0.3888888888888889,0.3888888888888889,0.3333333333333333,0.08229231072283928,0.17378911629632957
pearson,2,0,0.6111111111111112,0.6111111111111112,0.6111111111111112,0.06986838857690525,0.1935440062268177
cosine,2,1,0.6111111111111112,0.6111111111111112,0.7777777777777778,0.04966329518420898,0.09444851183138402
euclidean,2,1,0.5,0.5,0.7777777777777778,0.043253426444063936,0.06955953415609867
pearson,2,1,0.6111111111111112,0.6111111111111112,0.8333333333333334,0.04272299883342818,0.08137771220523406
cosine,2,2,0.5555555555555556,0.5555555555555556,0.5,0.07114713348615045,0.14038813009914775
euclidean,2,2,0.4444444444444444,0.4444444444444444,0.4444444444444444,0.06745952335154302,0.12557233562752573
pearson,2,2,0.6111111111111112,0.6111111111111112,0.5555555555555556,0.06191160619055956,0.141718767871543
cosine,2,3,0.6111111111111112,0.6111111111111112,0.7777777777777778,0.06656269000823481,0.11869690834646486
euclidean,2,3,0.2222222222222222,0.2222222222222222,0.4444444444444444,0.06856445518388077,0.10543556587509405
pearson,2,3,0.4444444444444444,0.4444444444444444,0.8333333333333334,0.06388070705225035,0.11997357861539522
cosine,2,4,0.5,0.5,0.5,0.07942258542107682,0.19970084648949618
euclidean,2,4,0.4444444444444444,0.4444444444444444,0.5,0.08769628867431138,0.20216613796405858
pearson,2,4,0.6111111111111112,0.6111111111111112,0.6666666666666666,0.0637923105701189,0.18550562875400664
cosine,2,5,0.2777777777777778,0.2777777777777778,0.4444444444444444,0.08557220579450137,0.16079002014820543
euclidean,2,5,0.2777777777777778,0.2777777777777778,0.4444444444444444,0.08043539577542401,0.13757378831552772
pearson,2,5,0.7222222222222222,0.7222222222222222,0.8888888888888888,0.04375655937322749,0.0783358876742525
cosine,2,6,0.6111111111111112,0.6111111111111112,0.8333333333333334,0.057212444344080446,0.1431760598210971
euclidean,2,6,0.3888888888888889,0.3888888888888889,0.6111111111111112,0.06340729676017319,0.14533093706127181
pearson,2,6,0.6666666666666666,0.6666666666666666,0.8333333333333334,0.04694119869681417,0.1358478716478054
cosine,2,7,0.5555555555555556,0.5555555555555556,0.6111111111111112,0.06595152336823659,0.13326525921872384
euclidean,2,7,0.3888888888888889,0.3888888888888889,0.3888888888888889,0.06851230375967232,0.13096165800113965
pearson,2,7,0.6666666666666666,0.6666666666666666,0.6111111111111112,0.050925948359823475,0.13459446723188898
cosine,2,8,0.6666666666666666,0.6666666666666666,0.7777777777777778,0.05651838832799897,0.10100267204771494
euclidean,2,8,0.4444444444444444,0.4444444444444444,0.5555555555555556,0.060076067386036866,0.10280159721069689
pearson,2,8,0.6111111111111112,0.6111111111111112,0.8333333333333334,0.06245899392257136,0.13566080588325966
cosine,2,9,0.5555555555555556,0.5555555555555556,0.6111111111111112,0.05917629713529999,0.14343347648726015
euclidean,2,9,0.5,0.5,0.4444444444444444,0.06494575365582508,0.14835160970864328
pearson,2,9,0.6111111111111112,0.6111111111111112,0.6666666666666666,0.04524963047553502,0.1358366220263948
