distance,k,i,precision,recall,mrr,mae,rmse
cosine,1,0,0.4444444444444444,0.4444444444444444,0.4444444444444444,0.049543435380447774,0.11234184358877806
euclidean,1,0,0.6666666666666666,0.6666666666666666,0.6666666666666666,0.046603334462351195,0.10808147978978472
pearson,1,0,0.3333333333333333,0.3333333333333333,0.3333333333333333,0.05261857833576955,0.12295551589730948
cosine,1,1,0.3333333333333333,0.3333333333333333,0.3333333333333333,0.04886116780357387,0.11287453959009217
euclidean,1,1,0.4444444444444444,0.4444444444444444,0.4444444444444444,0.04592767789580214,0.08557490699633731
pearson,1,1,0.5555555555555556,0.5555555555555556,0.5555555555555556,0.037243008693486054,0.06756808660984286
cosine,1,2,0.3333333333333333,0.3333333333333333,0.3333333333333333,0.044201778267006206,0.0892051550295701
euclidean,1,2,0.3333333333333333,0.3333333333333333,0.3333333333333333,0.041224025987987085,0.07882181529988128
pearson,1,2,0.6666666666666666,0.6666666666666666,0.6666666666666666,0.04343523018999338,0.08575150442308715
cosine,1,3,0.4444444444444444,0.4444444444444444,0.4444444444444444,0.05690557842445768,0.11026563758905551
euclidean,1,3,0.2222222222222222,0.2222222222222222,0.2222222222222222,0.05267698362782142,0.090149945631478
pearson,1,3,0.8888888888888888,0.8888888888888888,0.8888888888888888,0.04810221733201661,0.07690210914751672
cosine,1,4,0.7777777777777778,0.7777777777777778,0.7777777777777778,0.04980831623224803,0.10200985569047921
euclidean,1,4,0.5555555555555556,0.5555555555555556,0.5555555555555556,0.04781758101914566,0.0942474759107462
pearson,1,4,0.7777777777777778,0.7777777777777778,0.7777777777777778,0.04642746124057912,0.10335824925763017
cosine,1,5,0.6666666666666666,0.6666666666666666,0.6666666666666666,0.04217685522124428,0.08123600769828282
euclidean,1,5,0.6666666666666666,0.6666666666666666,0.6666666666666666,0.045659177023428,0.07878569716879356
pearson,1,5,0.6666666666666666,0.6666666666666666,0.6666666666666666,0.03853936366845521,0.08707894620290942
cosine,1,6,0.6666666666666666,0.6666666666666666,0.6666666666666666,0.04734846314803797,0.09088377383170264
euclidean,1,6,0.4444444444444444,0.4444444444444444,0.4444444444444444,0.0520087972629635,0.0970514975720047
pearson,1,6,0.6666666666666666,0.6666666666666666,0.6666666666666666,0.041630625827130896,0.09750880496568033
cosine,1,7,0.6666666666666666,0.6666666666666666,0.6666666666666666,0.05070142718235663,0.1031073222533413
euclidean,1,7,0.5555555555555556,0.5555555555555556,0.5555555555555556,0.04757988379911299,0.08145342518621917
pearson,1,7,0.7777777777777778,0.7777777777777778,0.7777777777777778,0.04007241516858971,0.08004613410424147
cosine,1,8,0.6666666666666666,0.6666666666666666,0.6666666666666666,0.05362539506987786,0.11796583509235495
euclidean,1,8,0.4444444444444444,0.4444444444444444,0.4444444444444444,0.05413223762143607,0.12214666004857644
pearson,1,8,0.6666666666666666,0.6666666666666666,0.6666666666666666,0.05141987740787502,0.13166077360690104
cosine,1,9,0.2222222222222222,0.2222222222222222,0.2222222222222222,0.06119764762206782,0.15115287512249767
euclidean,1,9,0.4444444444444444,0.4444444444444444,0.4444444444444444,0.06014946179977446,0.1486739763901954
pearson,1,9,0.3333333333333333,0.3333333333333333,0.3333333333333333,0.059132646751004735,0.15319288872387085
