distance,k,i,precision,recall,mrr,mae,rmse
cosine,3,0,0.5555555555555555,0.5555555555555555,0.8148148148148148,0.039576534656051494,0.07195183153552413
euclidean,3,0,0.48148148148148145,0.48148148148148145,0.7407407407407407,0.04073071505186074,0.06401533288674592
pearson,3,0,0.5925925925925926,0.5925925925925926,0.8333333333333334,0.0396759846049054,0.09164502854136146
cosine,3,1,0.5925925925925926,0.5925925925925926,0.7777777777777778,0.042253206734292406,0.07845887521992478
euclidean,3,1,0.5185185185185185,0.5185185185185185,0.7222222222222222,0.042371246603906676,0.07246762799768154
pearson,3,1,0.6666666666666665,0.6666666666666665,0.8333333333333334,0.03660624428338232,0.06954532060871763
cosine,3,2,0.5185185185185185,0.5185185185185185,0.7037037037037037,0.04549900116027814,0.09430789200601496
euclidean,3,2,0.5185185185185185,0.5185185185185185,0.7407407407407407,0.045779640349352994,0.09253023170496907
pearson,3,2,0.5185185185185185,0.5185185185185185,0.6666666666666666,0.04270647742995703,0.0926098658679466
cosine,3,3,0.5185185185185185,0.5185185185185185,0.7592592592592592,0.042513839111649715,0.07865053829697101
euclidean,3,3,0.48148148148148145,0.48148148148148145,0.6481481481481481,0.04332821295695978,0.07699065883306754
pearson,3,3,0.5185185185185185,0.5185185185185185,0.6481481481481481,0.0449514991893409,0.08923533036448883
cosine,3,4,0.5555555555555556,0.5555555555555556,0.6111111111111112,0.05100712146212257,0.09742782922690463
euclidean,3,4,0.4444444444444444,0.4444444444444444,0.6111111111111112,0.051195119104477854,0.1036032853227275
pearson,3,4,0.5925925925925926,0.5925925925925926,0.5555555555555556,0.05107483388889649,0.11147715453009617
cosine,3,5,0.5925925925925926,0.5925925925925926,0.7962962962962963,0.03982691852237352,0.06924000544708436
euclidean,3,5,0.48148148148148145,0.48148148148148145,0.6111111111111112,0.04287730747658023,0.07189427007930435
pearson,3,5,0.5925925925925926,0.5925925925925926,0.7037037037037037,0.0410976169011048,0.0747562542188828
cosine,3,6,0.6296296296296295,0.6296296296296295,0.7222222222222222,0.036517286010768854,0.08176687417257171
euclidean,3,6,0.5185185185185185,0.5185185185185185,0.7592592592592592,0.03799797854296631,0.08349548570886038
pearson,3,6,0.6666666666666665,0.6666666666666665,0.8148148148148148,0.03636969070645084,0.08559425745406025
cosine,3,7,0.6296296296296295,0.6296296296296295,0.8148148148148148,0.031248214438053798,0.060374819822829814
euclidean,3,7,0.4074074074074074,0.4074074074074074,0.6481481481481481,0.03715609547025278,0.06800802462570817
pearson,3,7,0.6296296296296295,0.6296296296296295,0.8148148148148148,0.03182442053460193,0.06023861067848846
cosine,3,8,0.5925925925925926,0.5925925925925926,0.8148148148148148,0.03579390668913944,0.0610059598324161
euclidean,3,8,0.48148148148148145,0.48148148148148145,0.7222222222222222,0.03785452764684894,0.06429987168787502
pearson,3,8,0.6666666666666666,0.6666666666666666,0.8148148148148148,0.0362450090645015,0.06289473954398057
cosine,3,9,0.5555555555555556,0.5555555555555556,0.7222222222222222,0.04918306120082355,0.09222645796704969
euclidean,3,9,0.5185185185185185,0.5185185185185185,0.6851851851851851,0.0537547029284799,0.09986192562977045
pearson,3,9,0.5925925925925926,0.5925925925925926,0.7222222222222222,0.050372519085336215,0.09215420077707326
