distance,k,i,precision,recall,mrr,mae,rmse
cosine,1,0,0.7777777777777778,0.7777777777777778,0.7777777777777778,0.03038856452780714,0.06025220811382634
euclidean,1,0,0.4444444444444444,0.4444444444444444,0.4444444444444444,0.041607892799398354,0.07247661020790623
pearson,1,0,0.7777777777777778,0.7777777777777778,0.7777777777777778,0.02896131768676598,0.05912583935726815
cosine,1,1,0.6666666666666666,0.6666666666666666,0.6666666666666666,0.034386839755168534,0.07389552422538817
euclidean,1,1,0.2222222222222222,0.2222222222222222,0.2222222222222222,0.03481484414704077,0.07239370469541945
pearson,1,1,0.6666666666666666,0.6666666666666666,0.6666666666666666,0.03729044632263004,0.0769882962534425
cosine,1,2,0.6666666666666666,0.6666666666666666,0.6666666666666666,0.042184379805762236,0.08493323109844772
euclidean,1,2,0.4444444444444444,0.4444444444444444,0.4444444444444444,0.04132037889479169,0.07858912900756912
pearson,1,2,0.7777777777777778,0.7777777777777778,0.7777777777777778,0.03951187060171388,0.0786672316455253
cosine,1,3,0.5555555555555556,0.5555555555555556,0.5555555555555556,0.03784457784351343,0.09230748162410056
euclidean,1,3,0.3333333333333333,0.3333333333333333,0.3333333333333333,0.039433510415796284,0.09737321714671332
pearson,1,3,0.6666666666666666,0.6666666666666666,0.6666666666666666,0.037765837758612184,0.10136725927911149
cosine,1,4,0.7777777777777778,0.7777777777777778,0.7777777777777778,0.04435875547349896,0.08071879059004247
euclidean,1,4,0.2222222222222222,0.2222222222222222,0.2222222222222222,0.04832028497574563,0.0867958755211047
pearson,1,4,0.5555555555555556,0.5555555555555556,0.5555555555555556,0.04306700781695859,0.08117187303899938
cosine,1,5,0.7777777777777778,0.7777777777777778,0.7777777777777778,0.03561487586753191,0.09104571491706756
euclidean,1,5,0.3333333333333333,0.3333333333333333,0.3333333333333333,0.03714108157750159,0.09090478499311429
pearson,1,5,0.7777777777777778,0.7777777777777778,0.7777777777777778,0.03475478852817267,0.09049931520881856
cosine,1,6,0.5555555555555556,0.5555555555555556,0.5555555555555556,0.040023940574758374,0.0789798864155585
euclidean,1,6,0.2222222222222222,0.2222222222222222,0.2222222222222222,0.0389835920603145,0.07035168015334904
pearson,1,6,0.6666666666666666,0.6666666666666666,0.6666666666666666,0.044070807304618195,0.09071213986477683
cosine,1,7,0.8888888888888888,0.8888888888888888,0.8888888888888888,0.04444234235137622,0.0744402274241978
euclidean,1,7,0.3333333333333333,0.3333333333333333,0.3333333333333333,0.04223539694229596,0.073331968589217
pearson,1,7,0.8888888888888888,0.8888888888888888,0.8888888888888888,0.03970176479733445,0.06659695637040627
cosine,1,8,0.5555555555555556,0.5555555555555556,0.5555555555555556,0.05347131195029119,0.12462011251953475
euclidean,1,8,0.4444444444444444,0.4444444444444444,0.4444444444444444,0.043933983918097566,0.08743267418969262
pearson,1,8,0.6666666666666666,0.6666666666666666,0.6666666666666666,0.03698430142806767,0.07716174520813371
cosine,1,9,0.7777777777777778,0.7777777777777778,0.7777777777777778,0.04637825039766068,0.1032826714638872
euclidean,1,9,0.6666666666666666,0.6666666666666666,0.6666666666666666,0.04730672019788917,0.1029239553672024
pearson,1,9,0.6666666666666666,0.6666666666666666,0.6666666666666666,0.04796213518412661,0.11283334485060653
