distance,k,i,precision,recall,mrr,mae,rmse
cosine,3,0,0.5555555555555556,0.5555555555555556,0.5833333333333334,0.08675801179622077,0.17180889169032784
euclidean,3,0,0.3333333333333333,0.3333333333333333,0.4166666666666667,0.09060875121190543,0.17030334030487582
pearson,3,0,0.5,0.5,0.8333333333333334,0.05478551826306778,0.11232414823334937
cosine,3,1,0.5555555555555556,0.5555555555555556,0.9166666666666666,0.042400850697403146,0.08775510200182958
euclidean,3,1,0.3333333333333333,0.3333333333333333,0.75,0.0526650821985109,0.09694669372462997
pearson,3,1,0.611111111111111,0.611111111111111,0.9166666666666666,0.03463439365981222,0.0688821577876956
cosine,3,2,0.4444444444444444,0.4444444444444444,0.8333333333333334,0.05431535829417369,0.10247006270203288
euclidean,3,2,0.4444444444444444,0.4444444444444444,0.638888888888889,0.059794074729915984,0.11070239182556695
pearson,3,2,0.5,0.5,0.9166666666666666,0.03906745035536228,0.08179577231345404
cosine,3,3,0.5,0.5,0.7222222222222223,0.06182725002513925,0.13055986471489633
euclidean,3,3,0.4444444444444444,0.4444444444444444,0.638888888888889,0.06274279271496626,0.1275762567550132
pearson,3,3,0.5555555555555556,0.5555555555555556,0.9166666666666666,0.050230184936770804,0.10308696806261232
cosine,3,4,0.5000000000000001,0.5000000000000001,0.6666666666666666,0.06846785861490953,0.1616817450321751
euclidean,3,4,0.3333333333333333,0.3333333333333333,0.5833333333333334,0.06833144798138652,0.14006002199613837
pearson,3,4,0.5555555555555556,0.5555555555555556,1.0,0.03874683947014802,0.08876144746611415
cosine,3,5,0.5,0.5,0.8333333333333334,0.07451731985428635,0.13562076225491515
euclidean,3,5,0.3333333333333333,0.3333333333333333,0.5833333333333334,0.06426296547167884,0.11123863676088647
pearson,3,5,0.49999999999999994,0.49999999999999994,0.5,0.07370111803951457,0.13849665040387282
cosine,3,6,0.5555555555555556,0.5555555555555556,0.8055555555555557,0.05671857683104305,0.14092003595293076
euclidean,3,6,0.4444444444444444,0.4444444444444444,0.638888888888889,0.05324673515598431,0.11065185479928817
pearson,3,6,0.5,0.5,0.75,0.0566322592221702,0.12872821639526824
cosine,3,7,0.5555555555555555,0.5555555555555555,0.8888888888888888,0.037961288617585125,0.08580985695626596
euclidean,3,7,0.4444444444444444,0.4444444444444444,0.9166666666666666,0.040745198061484626,0.08678110888785685
pearson,3,7,0.5555555555555555,0.5555555555555555,0.9166666666666666,0.03517250373385693,0.08279791006160078
cosine,3,8,0.611111111111111,0.611111111111111,0.8055555555555555,0.054544729558056795,0.15372386009902375
euclidean,3,8,0.3333333333333333,0.3333333333333333,0.6666666666666666,0.05683252363933955,0.15001905434350085
pearson,3,8,0.5555555555555555,0.5555555555555555,0.75,0.05635909282156379,0.16124609388460756
cosine,3,9,0.5555555555555556,0.5555555555555556,0.8333333333333334,0.03611513781341985,0.07670662812257412
euclidean,3,9,0.5000000000000001,0.5000000000000001,0.638888888888889,0.03851244185279624,0.08445683099928274
pearson,3,9,0.611111111111111,0.611111111111111,1.0,0.02894054640363926,0.050825754134222786
