distance,k,i,precision,recall,mrr,mae,rmse
cosine,2,0,0.7222222222222222,0.7222222222222222,0.8333333333333334,0.036112238246556655,0.06723216618734036
euclidean,2,0,0.6111111111111112,0.6111111111111112,0.7222222222222222,0.04118486554641854,0.06973611341500373
pearson,2,0,0.7222222222222222,0.7222222222222222,0.8333333333333334,0.0361934210208224,0.07299591685434786
cosine,2,1,0.7222222222222222,0.7222222222222222,0.7222222222222222,0.04599920180836784,0.08527883389740895
euclidean,2,1,0.5,0.5,0.4444444444444444,0.043738514646689985,0.08020799568493318
pearson,2,1,0.7222222222222222,0.7222222222222222,0.7777777777777778,0.046336869078590956,0.09001077622592253
cosine,2,2,0.6666666666666666,0.6666666666666666,0.8333333333333334,0.039521136416841636,0.07870643106325885
euclidean,2,2,0.5555555555555556,0.5555555555555556,0.5555555555555556,0.042116732803707355,0.07969073082894132
pearson,2,2,0.6111111111111112,0.6111111111111112,0.7777777777777778,0.03526606165238379,0.0799789179225789
cosine,2,3,0.6666666666666666,0.6666666666666666,0.8333333333333334,0.04405478047545874,0.08805002873820529
euclidean,2,3,0.6111111111111112,0.6111111111111112,0.6111111111111112,0.04262683255071748,0.07659676835944927
pearson,2,3,0.6666666666666666,0.6666666666666666,0.8888888888888888,0.04142862821433489,0.08556933162733524
cosine,2,4,0.7777777777777778,0.7777777777777778,0.8333333333333334,0.028222352539901494,0.054216208904868134
euclidean,2,4,0.6666666666666666,0.6666666666666666,0.7222222222222222,0.031566401424443016,0.05370139139230583
pearson,2,4,0.7777777777777778,0.7777777777777778,0.8888888888888888,0.027850393251941417,0.055829921391991305
cosine,2,5,0.7222222222222222,0.7222222222222222,0.7222222222222222,0.038487344185134734,0.067803186000899
euclidean,2,5,0.5,0.5,0.5,0.04218302307476026,0.07348803292922974
pearson,2,5,0.7222222222222222,0.7222222222222222,0.7222222222222222,0.0387884428302896,0.06961815574451247
cosine,2,6,0.6111111111111112,0.6111111111111112,0.6111111111111112,0.03171867093647748,0.07035343678332064
euclidean,2,6,0.6666666666666666,0.6666666666666666,0.6666666666666666,0.037562658607641845,0.06711080529728351
pearson,2,6,0.6666666666666666,0.6666666666666666,0.6666666666666666,0.034210533186183924,0.08822601886481701
cosine,2,7,0.6666666666666666,0.6666666666666666,0.8333333333333334,0.039202529729898516,0.06351242011611859
euclidean,2,7,0.4444444444444444,0.4444444444444444,0.4444444444444444,0.044289739713683135,0.07337035854067316
pearson,2,7,0.7222222222222222,0.7222222222222222,0.8888888888888888,0.03925620585197316,0.06408874182410529
cosine,2,8,0.7222222222222222,0.7222222222222222,0.8333333333333334,0.03554724241069139,0.06635840903703799
euclidean,2,8,0.6666666666666666,0.6666666666666666,0.6111111111111112,0.0371221382433341,0.06895510686655788
pearson,2,8,0.7222222222222222,0.7222222222222222,0.8333333333333334,0.037154991002499575,0.0682556679026273
cosine,2,9,0.5555555555555556,0.5555555555555556,0.6111111111111112,0.0405099738237633,0.07806662717739211
euclidean,2,9,0.5,0.5,0.4444444444444444,0.04661815406024078,0.07832017705315139
pearson,2,9,0.6666666666666666,0.6666666666666666,0.6666666666666666,0.04039528129318453,0.07914764336998388
