distance,k,i,precision,recall,mrr,mae,rmse
cosine,1,0,0.6666666666666666,0.6666666666666666,0.6666666666666666,0.03577996339299901,0.06654132794893003
euclidean,1,0,0.5555555555555556,0.5555555555555556,0.5555555555555556,0.040281988475214615,0.07288578425666437
pearson,1,0,0.6666666666666666,0.6666666666666666,0.6666666666666666,0.037028899419797714,0.06938265170631844
cosine,1,1,0.5555555555555556,0.5555555555555556,0.5555555555555556,0.04655765245050699,0.07817039022003518
euclidean,1,1,0.5555555555555556,0.5555555555555556,0.5555555555555556,0.045614353927865205,0.07585004631051435
pearson,1,1,0.5555555555555556,0.5555555555555556,0.5555555555555556,0.04570484293248786,0.08031944298782871
cosine,1,2,0.4444444444444444,0.4444444444444444,0.4444444444444444,0.040793788541321103,0.07949512344315056
euclidean,1,2,0.3333333333333333,0.3333333333333333,0.3333333333333333,0.04688673586583837,0.08379335180440485
pearson,1,2,0.4444444444444444,0.4444444444444444,0.4444444444444444,0.042228777661108476,0.08252648736290248
cosine,1,3,0.6666666666666666,0.6666666666666666,0.6666666666666666,0.04753319214665908,0.08291614425840403
euclidean,1,3,0.5555555555555556,0.5555555555555556,0.5555555555555556,0.051864735488041644,0.08608802551944507
pearson,1,3,0.6666666666666666,0.6666666666666666,0.6666666666666666,0.04655901372967708,0.08594223924687909
cosine,1,4,0.6666666666666666,0.6666666666666666,0.6666666666666666,0.03352906620517986,0.06916377830958907
euclidean,1,4,0.6666666666666666,0.6666666666666666,0.6666666666666666,0.039269182319867466,0.073049012964267
pearson,1,4,0.6666666666666666,0.6666666666666666,0.6666666666666666,0.03339792746543156,0.07135860289771037
cosine,1,5,0.6666666666666666,0.6666666666666666,0.6666666666666666,0.04837939950970026,0.07947393468057833
euclidean,1,5,0.6666666666666666,0.6666666666666666,0.6666666666666666,0.047027808939273226,0.07762327512831337
pearson,1,5,0.6666666666666666,0.6666666666666666,0.6666666666666666,0.04439872809336932,0.0769227572504822
cosine,1,6,0.7777777777777778,0.7777777777777778,0.7777777777777778,0.036690547533628694,0.08924172634151216
euclidean,1,6,0.5555555555555556,0.5555555555555556,0.5555555555555556,0.039617797240492005,0.09025873783830815
pearson,1,6,0.6666666666666666,0.6666666666666666,0.6666666666666666,0.04042292057062479,0.09530912715746534
cosine,1,7,0.7777777777777778,0.7777777777777778,0.7777777777777778,0.044357061603208604,0.09389874146777237
euclidean,1,7,0.5555555555555556,0.5555555555555556,0.5555555555555556,0.04392776852951503,0.0756008227188212
pearson,1,7,0.7777777777777778,0.7777777777777778,0.7777777777777778,0.04108605176995687,0.06950654901436218
cosine,1,8,0.7777777777777778,0.7777777777777778,0.7777777777777778,0.0370136398138147,0.06955419864846651
euclidean,1,8,0.5555555555555556,0.5555555555555556,0.5555555555555556,0.04305340267209118,0.07321216947989832
pearson,1,8,0.6666666666666666,0.6666666666666666,0.6666666666666666,0.03953463779059345,0.07591893239609471
cosine,1,9,0.6666666666666666,0.6666666666666666,0.6666666666666666,0.036630765155676294,0.08412405219693524
euclidean,1,9,0.6666666666666666,0.6666666666666666,0.6666666666666666,0.04093099750278269,0.08759047826566704
pearson,1,9,0.6666666666666666,0.6666666666666666,0.6666666666666666,0.03794452958076877,0.08675800258446768
