distance,k,i,precision,recall,mrr,mae,rmse
cosine,2,0,0.6666666666666666,0.6666666666666666,0.8333333333333334,0.03323760236595101,0.060560123870396984
euclidean,2,0,0.4444444444444444,0.4444444444444444,0.6111111111111112,0.03887447245246149,0.06736363241948402
pearson,2,0,0.6666666666666666,0.6666666666666666,0.8333333333333334,0.03684828883963559,0.0651584814427299
cosine,2,1,0.7777777777777778,0.7777777777777778,0.9444444444444444,0.028171394058504794,0.05274121078069214
euclidean,2,1,0.5,0.5,0.7222222222222222,0.03539961624028652,0.05983809562835756
pearson,2,1,0.7777777777777778,0.7777777777777778,0.9444444444444444,0.029795002310622577,0.05225235234240656
cosine,2,2,0.6111111111111112,0.6111111111111112,0.6111111111111112,0.048977247753028974,0.10201815069702086
euclidean,2,2,0.4444444444444444,0.4444444444444444,0.5555555555555556,0.046820798142574775,0.09541303863629823
pearson,2,2,0.6111111111111112,0.6111111111111112,0.5,0.04840015305649792,0.10225503314438701
cosine,2,3,0.6111111111111112,0.6111111111111112,0.7777777777777778,0.03897856168076284,0.06734766736791123
euclidean,2,3,0.5,0.5,0.4444444444444444,0.04037200217203415,0.07125224883161865
pearson,2,3,0.4444444444444444,0.4444444444444444,0.4444444444444444,0.04873007384769035,0.08831815898235282
cosine,2,4,0.6111111111111112,0.6111111111111112,0.6111111111111112,0.040875888445855255,0.06893577720171076
euclidean,2,4,0.4444444444444444,0.4444444444444444,0.6111111111111112,0.040172028533569576,0.0640768264192732
pearson,2,4,0.7777777777777778,0.7777777777777778,0.7777777777777778,0.0389724932040359,0.0785567011168644
cosine,2,5,0.6666666666666666,0.6666666666666666,0.9444444444444444,0.02434589583097008,0.04462608208334142
euclidean,2,5,0.5,0.5,0.7222222222222222,0.02497124004713586,0.03898584604207869
pearson,2,5,0.7777777777777778,0.7777777777777778,0.9444444444444444,0.02528927448826479,0.04743498066428774
cosine,2,6,0.5555555555555556,0.5555555555555556,0.6666666666666666,0.045629785487303384,0.09817105729065172
euclidean,2,6,0.4444444444444444,0.4444444444444444,0.6111111111111112,0.047555667117709775,0.09582409326035295
pearson,2,6,0.5555555555555556,0.5555555555555556,0.6666666666666666,0.046823847890078006,0.10075910652744202
cosine,2,7,0.6111111111111112,0.6111111111111112,0.7222222222222222,0.04069384783725159,0.08909550949312124
euclidean,2,7,0.4444444444444444,0.4444444444444444,0.6111111111111112,0.044120905265899665,0.0940351232176575
pearson,2,7,0.6111111111111112,0.6111111111111112,0.7777777777777778,0.04342072224432224,0.09284940345456
cosine,2,8,0.5555555555555556,0.5555555555555556,0.7222222222222222,0.040671267842210444,0.07195948819503849
euclidean,2,8,0.3888888888888889,0.3888888888888889,0.3888888888888889,0.05067942868417901,0.08364116646415518
pearson,2,8,0.5555555555555556,0.5555555555555556,0.6111111111111112,0.040367492871374554,0.08459894425229628
cosine,2,9,0.6666666666666666,0.6666666666666666,0.8333333333333334,0.034201479681669526,0.08505805549491789
euclidean,2,9,0.5555555555555556,0.5555555555555556,0.6666666666666666,0.03470627779146162,0.08455629384121359
pearson,2,9,0.6666666666666666,0.6666666666666666,0.8333333333333334,0.036359967792520514,0.08546749135126065
