distance,k,i,precision,recall,mrr,mae,rmse
cosine,2,0,0.8333333333333334,0.8333333333333334,0.7777777777777778,0.03181307845875566,0.061499188796462795
euclidean,2,0,0.5,0.5,0.5555555555555556,0.03455256686547111,0.05673607251173744
pearson,2,0,0.8888888888888888,0.8888888888888888,0.8333333333333334,0.031405368321735176,0.0622309364798153
cosine,2,1,0.7222222222222222,0.7222222222222222,0.7777777777777778,0.04608950924427134,0.07745791786729192
euclidean,2,1,0.5,0.5,0.5,0.045439080147641864,0.07299162422582232
pearson,2,1,0.7222222222222222,0.7222222222222222,0.7777777777777778,0.04438105517669321,0.08058786058186569
cosine,2,2,0.6111111111111112,0.6111111111111112,0.6666666666666666,0.05160342709554894,0.09889650219410823
euclidean,2,2,0.6666666666666666,0.6666666666666666,0.6666666666666666,0.04942673122047293,0.08339610380039446
pearson,2,2,0.6111111111111112,0.6111111111111112,0.5555555555555556,0.051141920786892454,0.0964880259403896
cosine,2,3,0.4444444444444444,0.4444444444444444,0.5,0.05158067624952481,0.11343748738320453
euclidean,2,3,0.5,0.5,0.5,0.05006238656058782,0.1108406826298573
pearson,2,3,0.4444444444444444,0.4444444444444444,0.5,0.050696981266577616,0.1143213751706863
cosine,2,4,0.6666666666666666,0.6666666666666666,0.7222222222222222,0.042721028045908715,0.07617860665191985
euclidean,2,4,0.4444444444444444,0.4444444444444444,0.5555555555555556,0.04668601840670479,0.08269825499002294
pearson,2,4,0.6666666666666666,0.6666666666666666,0.7222222222222222,0.04318637178077833,0.07832820625091966
cosine,2,5,0.6111111111111112,0.6111111111111112,0.5555555555555556,0.04946082749849648,0.10769316784997167
euclidean,2,5,0.5,0.5,0.5,0.050645837342237196,0.10793780648884672
pearson,2,5,0.6666666666666666,0.6666666666666666,0.6111111111111112,0.04893162342346629,0.10821721860876465
cosine,2,6,0.6666666666666666,0.6666666666666666,0.7777777777777778,0.040540378242641575,0.06927481961018098
euclidean,2,6,0.6111111111111112,0.6111111111111112,0.7222222222222222,0.04478776874910339,0.07380963192279093
pearson,2,6,0.7222222222222222,0.7222222222222222,0.7777777777777778,0.03781326702988761,0.06517119681245216
cosine,2,7,0.7777777777777778,0.7777777777777778,0.8333333333333334,0.04184557269134195,0.07067628236905686
euclidean,2,7,0.5,0.5,0.5555555555555556,0.04620830909729849,0.07829462121743727
pearson,2,7,0.8333333333333334,0.8333333333333334,0.9444444444444444,0.041494081436862194,0.07234216665374647
cosine,2,8,0.8333333333333334,0.8333333333333334,0.7222222222222222,0.03512136241730661,0.06840830033608684
euclidean,2,8,0.5555555555555556,0.5555555555555556,0.5555555555555556,0.041530332525047765,0.07549336635474212
pearson,2,8,0.8333333333333334,0.8333333333333334,0.7222222222222222,0.03691359461808827,0.07064335451481489
cosine,2,9,0.5555555555555556,0.5555555555555556,0.7222222222222222,0.03638857831288894,0.06340388194812391
euclidean,2,9,0.7222222222222222,0.7222222222222222,0.7222222222222222,0.03711029959812991,0.062373559724144774
pearson,2,9,0.5555555555555556,0.5555555555555556,0.7222222222222222,0.03746605796927305,0.07014216034440196
