distance,k,i,precision,recall,mrr,mae,rmse
cosine,1,0,0.42857142857142855,0.42857142857142855,0.42857142857142855,0.08606416092054434,0.17356030902141129
euclidean,1,0,0.2857142857142857,0.2857142857142857,0.2857142857142857,0.07602255538528938,0.1384568604043795
pearson,1,0,0.42857142857142855,0.42857142857142855,0.42857142857142855,0.05374579075672915,0.10773958625159992
cosine,1,1,0.42857142857142855,0.42857142857142855,0.42857142857142855,0.07942200534400029,0.20885419137109013
euclidean,1,1,0.14285714285714285,0.14285714285714285,0.14285714285714285,0.07943297083994151,0.20694827353089207
pearson,1,1,0.42857142857142855,0.42857142857142855,0.42857142857142855,0.06276107930119043,0.19909434006720847
cosine,1,2,0.8571428571428571,0.8571428571428571,0.8571428571428571,0.040253096216772616,0.08990013469798469
euclidean,1,2,0.5714285714285714,0.5714285714285714,0.5714285714285714,0.04300500775844288,0.07952636067771537
pearson,1,2,0.8571428571428571,0.8571428571428571,0.8571428571428571,0.034448116514287704,0.05742193534873565
cosine,1,3,0.7142857142857143,0.7142857142857143,0.7142857142857143,0.0611657839417551,0.1448069018513543
euclidean,1,3,0.42857142857142855,0.42857142857142855,0.42857142857142855,0.059493798997861155,0.1538959976316791
pearson,1,3,0.5714285714285714,0.5714285714285714,0.5714285714285714,0.07501159314222963,0.17248214907036613
cosine,1,4,0.5714285714285714,0.5714285714285714,0.5714285714285714,0.06977794069743591,0.16119166284749253
euclidean,1,4,0.2857142857142857,0.2857142857142857,0.2857142857142857,0.07185145784155077,0.16228174541602378
pearson,1,4,0.5714285714285714,0.5714285714285714,0.5714285714285714,0.05811503627790409,0.15772049640165645
cosine,1,5,0.5714285714285714,0.5714285714285714,0.5714285714285714,0.07602173378866853,0.16652806652328703
euclidean,1,5,0.14285714285714285,0.14285714285714285,0.14285714285714285,0.07761356039823977,0.13552233114805357
pearson,1,5,0.7142857142857143,0.7142857142857143,0.7142857142857143,0.050147147780420384,0.10450065758131798
cosine,1,6,0.5714285714285714,0.5714285714285714,0.5714285714285714,0.06836836968312682,0.15709140677149128
euclidean,1,6,0.42857142857142855,0.42857142857142855,0.42857142857142855,0.06839098090065475,0.16407230618880628
pearson,1,6,0.42857142857142855,0.42857142857142855,0.42857142857142855,0.06633594724392101,0.1650577623264061
cosine,1,7,0.42857142857142855,0.42857142857142855,0.42857142857142855,0.05440718104479561,0.12059544737809208
euclidean,1,7,0.42857142857142855,0.42857142857142855,0.42857142857142855,0.05699713549314701,0.1064874070643629
pearson,1,7,0.7142857142857143,0.7142857142857143,0.7142857142857143,0.04133549760137398,0.06967561962715592
cosine,1,8,0.5714285714285714,0.5714285714285714,0.5714285714285714,0.08569288265131796,0.19716875061806827
euclidean,1,8,0.14285714285714285,0.14285714285714285,0.14285714285714285,0.07482896780626955,0.16576424442356452
pearson,1,8,0.5714285714285714,0.5714285714285714,0.5714285714285714,0.055879947410348546,0.14984121518759055
cosine,1,9,0.5714285714285714,0.5714285714285714,0.5714285714285714,0.07122715423052225,0.190206836139561
euclidean,1,9,0.2857142857142857,0.2857142857142857,0.2857142857142857,0.07298363416545801,0.19321838594508214
pearson,1,9,0.5714285714285714,0.5714285714285714,0.5714285714285714,0.06797475133105572,0.20150601828948916
