distance,k,i,precision,recall,mrr,mae,rmse
cosine,1,0,0.6666666666666666,0.6666666666666666,0.6666666666666666,0.05646773070245565,0.1318808751533205
euclidean,1,0,0.3333333333333333,0.3333333333333333,0.3333333333333333,0.05890601233647439,0.12186975290814557
pearson,1,0,0.8333333333333334,0.8333333333333334,0.8333333333333334,0.04506015254270851,0.1034983885496245
cosine,1,1,0.5,0.5,0.5,0.08205656402640912,0.183872835621962
euclidean,1,1,0.3333333333333333,0.3333333333333333,0.3333333333333333,0.0786065727176043,0.15305400630291832
pearson,1,1,0.6666666666666666,0.6666666666666666,0.6666666666666666,0.04765178088495673,0.10123112781434797
cosine,1,2,0.6666666666666666,0.6666666666666666,0.6666666666666666,0.05258806856379574,0.09580642891106375
euclidean,1,2,0.3333333333333333,0.3333333333333333,0.3333333333333333,0.05800837874637129,0.10082009956857217
pearson,1,2,0.6666666666666666,0.6666666666666666,0.6666666666666666,0.05806752380986105,0.10899956119276488
cosine,1,3,0.5,0.5,0.5,0.0804555506764655,0.16978408086434818
euclidean,1,3,0.3333333333333333,0.3333333333333333,0.3333333333333333,0.08157714077145362,0.16846500424557173
pearson,1,3,0.8333333333333334,0.8333333333333334,0.8333333333333334,0.04669662976429393,0.10301748429050815
cosine,1,4,0.5,0.5,0.5,0.06504865128688636,0.15164904191412767
euclidean,1,4,0.5,0.5,0.5,0.06998723662455353,0.15721623764825182
pearson,1,4,0.3333333333333333,0.3333333333333333,0.3333333333333333,0.06379351545291481,0.1704988882676845
cosine,1,5,1.0,1.0,1.0,0.03387236822181098,0.07783557926609665
euclidean,1,5,0.8333333333333334,0.8333333333333334,0.8333333333333334,0.038584492180271324,0.06276869065819085
pearson,1,5,0.6666666666666666,0.6666666666666666,0.6666666666666666,0.05194929300518915,0.10444301550595625
cosine,1,6,0.6666666666666666,0.6666666666666666,0.6666666666666666,0.062402181453689504,0.13635123577939398
euclidean,1,6,0.3333333333333333,0.3333333333333333,0.3333333333333333,0.059318343179967585,0.12933470456757462
pearson,1,6,0.8333333333333334,0.8333333333333334,0.8333333333333334,0.046279029498631954,0.10080575840116886
cosine,1,7,0.8333333333333334,0.8333333333333334,0.8333333333333334,0.035539822885872104,0.0722009568148162
euclidean,1,7,0.3333333333333333,0.3333333333333333,0.3333333333333333,0.04111745410464958,0.07187767768701452
pearson,1,7,0.8333333333333334,0.8333333333333334,0.8333333333333334,0.02968918776786802,0.04735788607965069
cosine,1,8,1.0,1.0,1.0,0.058485685781466144,0.12104773249536424
euclidean,1,8,0.3333333333333333,0.3333333333333333,0.3333333333333333,0.060373328566553836,0.1167073203936318
pearson,1,8,1.0,1.0,1.0,0.030427508221592722,0.05383533140224707
cosine,1,9,0.3333333333333333,0.3333333333333333,0.3333333333333333,0.06859935344597518,0.13369986971190984
euclidean,1,9,0.3333333333333333,0.3333333333333333,0.3333333333333333,0.07175332289699464,0.1304974385399449
pearson,1,9,0.5,0.5,0.5,0.06553747850553515,0.13222569209287655
