distance,k,i,precision,recall,mrr,mae,rmse
cosine,1,0,0.7777777777777778,0.7777777777777778,0.7777777777777778,0.04256264513102392,0.10665368715298097
euclidean,1,0,0.6666666666666666,0.6666666666666666,0.6666666666666666,0.047074285439150425,0.10728154230742803
pearson,1,0,0.7777777777777778,0.7777777777777778,0.7777777777777778,0.039235555041084995,0.10632396625878385
cosine,1,1,0.7777777777777778,0.7777777777777778,0.7777777777777778,0.028718749250273214,0.06865765348184241
euclidean,1,1,0.7777777777777778,0.7777777777777778,0.7777777777777778,0.029744306428256956,0.054657351810187
pearson,1,1,0.7777777777777778,0.7777777777777778,0.7777777777777778,0.029260161216925457,0.07548149956428643
cosine,1,2,0.8888888888888888,0.8888888888888888,0.8888888888888888,0.026758599433792555,0.052431194650936395
euclidean,1,2,0.6666666666666666,0.6666666666666666,0.6666666666666666,0.03135607060553531,0.050154381122779014
pearson,1,2,0.8888888888888888,0.8888888888888888,0.8888888888888888,0.027412407294834566,0.057880987304690726
cosine,1,3,0.8888888888888888,0.8888888888888888,0.8888888888888888,0.03621402842002224,0.06753387416674352
euclidean,1,3,0.6666666666666666,0.6666666666666666,0.6666666666666666,0.03911155857627245,0.07110819768344989
pearson,1,3,0.8888888888888888,0.8888888888888888,0.8888888888888888,0.03610072161771414,0.0675583659378
cosine,1,4,0.7777777777777778,0.7777777777777778,0.7777777777777778,0.04444143978548602,0.10622163731843606
euclidean,1,4,0.6666666666666666,0.6666666666666666,0.6666666666666666,0.04444361161471252,0.10413455602255693
pearson,1,4,0.7777777777777778,0.7777777777777778,0.7777777777777778,0.041357483979414515,0.10414924764194687
cosine,1,5,1.0,1.0,1.0,0.031646330456591924,0.06337140874133267
euclidean,1,5,0.6666666666666666,0.6666666666666666,0.6666666666666666,0.03082753561665899,0.04962788712493283
pearson,1,5,0.8888888888888888,0.8888888888888888,0.8888888888888888,0.03309735011523567,0.06639417839840293
cosine,1,6,0.7777777777777778,0.7777777777777778,0.7777777777777778,0.04192121539809701,0.07221461134185311
euclidean,1,6,0.6666666666666666,0.6666666666666666,0.6666666666666666,0.040344397000095865,0.0657527178489086
pearson,1,6,0.7777777777777778,0.7777777777777778,0.7777777777777778,0.04164613887361188,0.07453710931928327
cosine,1,7,0.6666666666666666,0.6666666666666666,0.6666666666666666,0.043149258637280544,0.11020993681464906
euclidean,1,7,0.7777777777777778,0.7777777777777778,0.7777777777777778,0.04488057093812138,0.10722430594334842
pearson,1,7,0.6666666666666666,0.6666666666666666,0.6666666666666666,0.04382988509652137,0.1129144770058283
cosine,1,8,0.7777777777777778,0.7777777777777778,0.7777777777777778,0.040044413612497935,0.0819957214216046
euclidean,1,8,0.6666666666666666,0.6666666666666666,0.6666666666666666,0.04073504703858592,0.07495897127380564
pearson,1,8,0.7777777777777778,0.7777777777777778,0.7777777777777778,0.04139507998130028,0.08509128021815307
cosine,1,9,0.8888888888888888,0.8888888888888888,0.8888888888888888,0.038445936129987694,0.061071081796705444
euclidean,1,9,0.6666666666666666,0.6666666666666666,0.6666666666666666,0.03949110829923838,0.06261121238226859
pearson,1,9,1.0,1.0,1.0,0.03930238072555252,0.06329978852135824
