distance,k,i,precision,recall,mrr,mae,rmse
cosine,1,0,0.6666666666666666,0.6666666666666666,0.6666666666666666,0.04465772885257808,0.13494447278213212
euclidean,1,0,0.5555555555555556,0.5555555555555556,0.5555555555555556,0.04957558780263305,0.1417848753381673
pearson,1,0,0.6666666666666666,0.6666666666666666,0.6666666666666666,0.043902164841171154,0.1390580554265
cosine,1,1,0.7777777777777778,0.7777777777777778,0.7777777777777778,0.06533017815541622,0.13824769426603015
euclidean,1,1,0.5555555555555556,0.5555555555555556,0.5555555555555556,0.05354037120072399,0.10392621877561002
pearson,1,1,1.0,1.0,1.0,0.03945162484487681,0.06865764945894828
cosine,1,2,0.6666666666666666,0.6666666666666666,0.6666666666666666,0.05374140800390304,0.14417195811900216
euclidean,1,2,0.5555555555555556,0.5555555555555556,0.5555555555555556,0.057155855506725445,0.14565933237969264
pearson,1,2,0.5555555555555556,0.5555555555555556,0.5555555555555556,0.055866376575537495,0.1579389241037077
cosine,1,3,0.6666666666666666,0.6666666666666666,0.6666666666666666,0.06368988517406894,0.17354312238436764
euclidean,1,3,0.5555555555555556,0.5555555555555556,0.5555555555555556,0.0632416115023651,0.1580874099908888
pearson,1,3,0.6666666666666666,0.6666666666666666,0.6666666666666666,0.05812785293815972,0.17300376095677078
cosine,1,4,0.7777777777777778,0.7777777777777778,0.7777777777777778,0.04251992203914714,0.08346546627811446
euclidean,1,4,0.5555555555555556,0.5555555555555556,0.5555555555555556,0.04244237425115837,0.08008601527599231
pearson,1,4,0.7777777777777778,0.7777777777777778,0.7777777777777778,0.0416624874664557,0.08128843688403575
cosine,1,5,0.7777777777777778,0.7777777777777778,0.7777777777777778,0.046199442694522135,0.11471187456741094
euclidean,1,5,0.6666666666666666,0.6666666666666666,0.6666666666666666,0.044219387837160666,0.08090469015107962
pearson,1,5,0.6666666666666666,0.6666666666666666,0.6666666666666666,0.03973636382205229,0.09356360299929384
cosine,1,6,0.7777777777777778,0.7777777777777778,0.7777777777777778,0.05841802743040492,0.1418119741189982
euclidean,1,6,0.7777777777777778,0.7777777777777778,0.7777777777777778,0.06333968490869313,0.15097994867258432
pearson,1,6,0.5555555555555556,0.5555555555555556,0.5555555555555556,0.06198936348479549,0.16220409458088828
cosine,1,7,0.5555555555555556,0.5555555555555556,0.5555555555555556,0.06095866803868994,0.17852418403629258
euclidean,1,7,0.5555555555555556,0.5555555555555556,0.5555555555555556,0.06599926988092976,0.1822713577716797
pearson,1,7,0.6666666666666666,0.6666666666666666,0.6666666666666666,0.055516697038832614,0.17473795243327292
cosine,1,8,0.6666666666666666,0.6666666666666666,0.6666666666666666,0.049430410287578115,0.14321555176976467
euclidean,1,8,0.5555555555555556,0.5555555555555556,0.5555555555555556,0.04865484163816247,0.12961801832782452
pearson,1,8,0.7777777777777778,0.7777777777777778,0.7777777777777778,0.03613108796699099,0.11860908115352417
cosine,1,9,0.6666666666666666,0.6666666666666666,0.6666666666666666,0.06703915565774646,0.1291149520235907
euclidean,1,9,0.5555555555555556,0.5555555555555556,0.5555555555555556,0.062280283849808465,0.111951077332208
pearson,1,9,0.6666666666666666,0.6666666666666666,0.6666666666666666,0.050963175038115545,0.10160407479832648
