distance,k,i,precision,recall,mrr,mae,rmse
cosine,2,0,0.6666666666666666,0.6666666666666666,0.6666666666666666,0.047997112352593414,0.0942673943230091
euclidean,2,0,0.3888888888888889,0.3888888888888889,0.4444444444444444,0.05466846621409919,0.10565669385112748
pearson,2,0,0.7222222222222222,0.7222222222222222,0.8333333333333334,0.04441845114338795,0.08874985397693899
cosine,2,1,0.6111111111111112,0.6111111111111112,0.6666666666666666,0.047371745542777295,0.112051275085387
euclidean,2,1,0.3888888888888889,0.3888888888888889,0.4444444444444444,0.0492276465396023,0.08871985457664894
pearson,2,1,0.8333333333333334,0.8333333333333334,0.8888888888888888,0.02744396474622276,0.046953769160056634
cosine,2,2,0.6111111111111112,0.6111111111111112,0.6111111111111112,0.05906551225891344,0.11202152461331537
euclidean,2,2,0.4444444444444444,0.4444444444444444,0.4444444444444444,0.05997975534390802,0.10928716424845557
pearson,2,2,0.5,0.5,0.5555555555555556,0.05438452951744725,0.11492961161079057
cosine,2,3,0.5555555555555556,0.5555555555555556,0.5555555555555556,0.06557329394105085,0.15161659186006216
euclidean,2,3,0.4444444444444444,0.4444444444444444,0.3888888888888889,0.06341596206585573,0.11809309388541
pearson,2,3,0.7777777777777778,0.7777777777777778,0.8888888888888888,0.05187628775420094,0.12143201734701216
cosine,2,4,0.5,0.5,0.4444444444444444,0.05181605082726481,0.1366773567585229
euclidean,2,4,0.3888888888888889,0.3888888888888889,0.3333333333333333,0.06099324849960928,0.1416153797704146
pearson,2,4,0.5555555555555556,0.5555555555555556,0.5,0.046094408712630174,0.13621629833343799
cosine,2,5,0.5555555555555556,0.5555555555555556,0.4444444444444444,0.06294797411544178,0.12811489426966832
euclidean,2,5,0.4444444444444444,0.4444444444444444,0.2777777777777778,0.06450566564058108,0.13115357458461363
pearson,2,5,0.6666666666666666,0.6666666666666666,0.5,0.05470851368127206,0.1134254862109884
cosine,2,6,0.5,0.5,0.4444444444444444,0.06615067398540422,0.15018856783305395
euclidean,2,6,0.2222222222222222,0.2222222222222222,0.4444444444444444,0.06273028411865948,0.11445380522626873
pearson,2,6,0.6666666666666666,0.6666666666666666,0.6666666666666666,0.04695304979159377,0.09028335194588073
cosine,2,7,0.5,0.5,0.5555555555555556,0.05606324735109042,0.14807869887299913
euclidean,2,7,0.3888888888888889,0.3888888888888889,0.3333333333333333,0.05984007260522624,0.14748559596556268
pearson,2,7,0.6111111111111112,0.6111111111111112,0.6666666666666666,0.04279290171740994,0.13255996262159958
cosine,2,8,0.6111111111111112,0.6111111111111112,0.6666666666666666,0.04536984229947965,0.0995010052827476
euclidean,2,8,0.4444444444444444,0.4444444444444444,0.3888888888888889,0.048004011360914,0.1041124284712218
pearson,2,8,0.5555555555555556,0.5555555555555556,0.6666666666666666,0.04253989821233777,0.1100486569742571
cosine,2,9,0.5,0.5,0.3888888888888889,0.06910557060700194,0.1300049739572271
euclidean,2,9,0.3888888888888889,0.3888888888888889,0.16666666666666666,0.06714214314507812,0.13017616447312336
pearson,2,9,0.4444444444444444,0.4444444444444444,0.5,0.06310047838703087,0.1437343227357825
