distance,k,i,precision,recall,mrr,mae,rmse
cosine,1,0,0.7777777777777778,0.7777777777777778,0.7777777777777778,0.05613340043896201,0.11234765078122029
euclidean,1,0,0.5555555555555556,0.5555555555555556,0.5555555555555556,0.06036309980679812,0.1230096629050275
pearson,1,0,0.6666666666666666,0.6666666666666666,0.6666666666666666,0.047085724286847055,0.1350779295092246
cosine,1,1,0.5555555555555556,0.5555555555555556,0.5555555555555556,0.04519111799591816,0.08126138842368329
euclidean,1,1,0.6666666666666666,0.6666666666666666,0.6666666666666666,0.04147332815158869,0.06535427038398171
pearson,1,1,0.7777777777777778,0.7777777777777778,0.7777777777777778,0.03515301529261644,0.06383864312388084
cosine,1,2,0.5555555555555556,0.5555555555555556,0.5555555555555556,0.06244005687479478,0.13067977836119568
euclidean,1,2,0.5555555555555556,0.5555555555555556,0.5555555555555556,0.06207330715949417,0.12608323413380482
pearson,1,2,0.6666666666666666,0.6666666666666666,0.6666666666666666,0.05149335797902309,0.13519243614523857
cosine,1,3,0.4444444444444444,0.4444444444444444,0.4444444444444444,0.06057329497397716,0.11598270581761923
euclidean,1,3,0.4444444444444444,0.4444444444444444,0.4444444444444444,0.058543684949774695,0.11238993580334315
pearson,1,3,0.4444444444444444,0.4444444444444444,0.4444444444444444,0.05723075237842473,0.13363390624658864
cosine,1,4,0.3333333333333333,0.3333333333333333,0.3333333333333333,0.09243434727515513,0.24126811698479425
euclidean,1,4,0.3333333333333333,0.3333333333333333,0.3333333333333333,0.0856587652893969,0.19530414430888635
pearson,1,4,0.6666666666666666,0.6666666666666666,0.6666666666666666,0.05582583651864397,0.17234031595325922
cosine,1,5,0.4444444444444444,0.4444444444444444,0.4444444444444444,0.06427830086974788,0.14361597875566992
euclidean,1,5,0.3333333333333333,0.3333333333333333,0.3333333333333333,0.06846674779867755,0.12567035170825344
pearson,1,5,0.6666666666666666,0.6666666666666666,0.6666666666666666,0.04973767411524347,0.12510152299974572
cosine,1,6,0.5555555555555556,0.5555555555555556,0.5555555555555556,0.06802344010764443,0.1663962975760937
euclidean,1,6,0.5555555555555556,0.5555555555555556,0.5555555555555556,0.07150649398841687,0.16261184022118008
pearson,1,6,0.6666666666666666,0.6666666666666666,0.6666666666666666,0.062404406199238205,0.17577219051849785
cosine,1,7,0.7777777777777778,0.7777777777777778,0.7777777777777778,0.06256510243216229,0.11344310719955251
euclidean,1,7,0.7777777777777778,0.7777777777777778,0.7777777777777778,0.0621946839658705,0.09905523808118652
pearson,1,7,0.8888888888888888,0.8888888888888888,0.8888888888888888,0.04910019183173842,0.08363585585542019
cosine,1,8,0.4444444444444444,0.4444444444444444,0.4444444444444444,0.06310639202564655,0.12286803509599876
euclidean,1,8,0.3333333333333333,0.3333333333333333,0.3333333333333333,0.06946202001693791,0.1303390607297757
pearson,1,8,0.6666666666666666,0.6666666666666666,0.6666666666666666,0.03929482828789088,0.08771225642406348
cosine,1,9,0.7777777777777778,0.7777777777777778,0.7777777777777778,0.06757204905259914,0.11581880996326475
euclidean,1,9,0.3333333333333333,0.3333333333333333,0.3333333333333333,0.066823107786288,0.12724680834182925
pearson,1,9,0.6666666666666666,0.6666666666666666,0.6666666666666666,0.06197667563773189,0.14478350806427834
