distance,k,i,precision,recall,mrr,mae,rmse
cosine,2,0,0.6428571428571429,0.6428571428571429,0.9285714285714286,0.05949143684901365,0.14500636565598277
euclidean,2,0,0.42857142857142855,0.42857142857142855,0.5,0.06223134787666193,0.1534597568148995
pearson,2,0,0.7142857142857143,0.7142857142857143,0.7857142857142857,0.05369211596068299,0.15051252886643224
cosine,2,1,0.5,0.5,0.5714285714285714,0.06876999975720342,0.13722464120946595
euclidean,2,1,0.2857142857142857,0.2857142857142857,0.35714285714285715,0.06320778886966315,0.11580550209082754
pearson,2,1,0.7142857142857143,0.7142857142857143,0.7142857142857143,0.049662138985480914,0.10956102254114237
cosine,2,2,0.6428571428571429,0.6428571428571429,0.5714285714285714,0.0784467930551915,0.1870862959164731
euclidean,2,2,0.35714285714285715,0.35714285714285715,0.35714285714285715,0.08062377389097043,0.1907600717166107
pearson,2,2,0.6428571428571429,0.6428571428571429,0.6428571428571429,0.06627344438478254,0.19305311634512837
cosine,2,3,0.6428571428571429,0.6428571428571429,0.7857142857142857,0.06746593609852015,0.14676726519538894
euclidean,2,3,0.35714285714285715,0.35714285714285715,0.42857142857142855,0.06704816975664693,0.14536671108307847
pearson,2,3,0.7142857142857143,0.7142857142857143,0.7857142857142857,0.05293203784805672,0.1406949763533308
cosine,2,4,0.42857142857142855,0.42857142857142855,0.5,0.08137420329151424,0.1956733192280081
euclidean,2,4,0.2857142857142857,0.2857142857142857,0.42857142857142855,0.06291262518465277,0.16242806522060196
pearson,2,4,0.5,0.5,0.5714285714285714,0.07013745075726276,0.17765698586062897
cosine,2,5,0.5714285714285714,0.5714285714285714,0.7142857142857143,0.05832821997783311,0.12205803875185627
euclidean,2,5,0.42857142857142855,0.42857142857142855,0.5,0.05941406575706052,0.10896466059783548
pearson,2,5,0.7142857142857143,0.7142857142857143,0.9285714285714286,0.04715279425560146,0.09504361195648311
cosine,2,6,0.5,0.5,0.5,0.080547860061043,0.17690402616433598
euclidean,2,6,0.21428571428571427,0.21428571428571427,0.35714285714285715,0.06251339641516136,0.11581071539477304
pearson,2,6,0.7142857142857143,0.7142857142857143,0.6428571428571429,0.04255156329362653,0.08596956212914136
cosine,2,7,0.42857142857142855,0.42857142857142855,0.5714285714285714,0.0688565110389478,0.1429545774889799
euclidean,2,7,0.21428571428571427,0.21428571428571427,0.35714285714285715,0.05952845797504135,0.11216907098673828
pearson,2,7,0.7142857142857143,0.7142857142857143,0.8571428571428571,0.04457471462397974,0.09548759055820157
cosine,2,8,0.42857142857142855,0.42857142857142855,0.5714285714285714,0.05963606837455021,0.12031287174203388
euclidean,2,8,0.21428571428571427,0.21428571428571427,0.42857142857142855,0.05715304145299354,0.1160798177843052
pearson,2,8,0.5,0.5,0.5714285714285714,0.05701577895433326,0.11688347552091632
cosine,2,9,0.6428571428571429,0.6428571428571429,0.7857142857142857,0.04397561827783446,0.10234947088211584
euclidean,2,9,0.42857142857142855,0.42857142857142855,0.6428571428571429,0.04052552920140774,0.0948138252408102
pearson,2,9,0.6428571428571429,0.6428571428571429,0.7857142857142857,0.04449578389109984,0.09370036069095089
