distance,k,i,precision,recall,mrr,mae,rmse
cosine,3,0,0.5416666666666666,0.5416666666666666,0.7916666666666666,0.06024120683921363,0.11490446155887987
euclidean,3,0,0.29166666666666663,0.29166666666666663,0.5416666666666666,0.05875984405547416,0.09382744500758945
pearson,3,0,0.625,0.625,0.7916666666666666,0.04905408227034492,0.0928571166083908
cosine,3,1,0.625,0.625,0.7291666666666666,0.04948678321765517,0.13919394819836844
euclidean,3,1,0.5416666666666666,0.5416666666666666,0.6666666666666666,0.049867153022139316,0.13569622853694477
pearson,3,1,0.5416666666666666,0.5416666666666666,0.75,0.04368933342086022,0.13251375885937614
cosine,3,2,0.45833333333333326,0.45833333333333326,0.6041666666666667,0.06402976410694262,0.11157545744552898
euclidean,3,2,0.29166666666666663,0.29166666666666663,0.47916666666666663,0.0638778051541455,0.10541962232248579
pearson,3,2,0.5,0.5,0.6875,0.05963434133266986,0.12149682221740085
cosine,3,3,0.625,0.625,0.5625,0.056933564510588154,0.13890491708002192
euclidean,3,3,0.49999999999999994,0.49999999999999994,0.5625,0.05828383673018093,0.1398449030461115
pearson,3,3,0.625,0.625,0.5625,0.055607116550809535,0.13916471695602148
cosine,3,4,0.5833333333333333,0.5833333333333333,0.75,0.04730154435286001,0.10652859811613007
euclidean,3,4,0.5416666666666666,0.5416666666666666,0.6458333333333333,0.050035350487746315,0.10792742438615763
pearson,3,4,0.5416666666666666,0.5416666666666666,0.75,0.04453562361582797,0.1051327725022713
cosine,3,5,0.5416666666666666,0.5416666666666666,0.5416666666666667,0.0698427265171361,0.1395681537062012
euclidean,3,5,0.375,0.375,0.35416666666666663,0.05881359626686773,0.10554360947889516
pearson,3,5,0.625,0.625,0.625,0.05192374601571615,0.09887481415909966
cosine,3,6,0.41666666666666663,0.41666666666666663,0.9375,0.051795130127780246,0.08471909698735526
euclidean,3,6,0.45833333333333326,0.45833333333333326,0.6041666666666666,0.043974963270293634,0.06926352269233563
pearson,3,6,0.41666666666666663,0.41666666666666663,0.9375,0.05286409338775673,0.0875200478176758
cosine,3,7,0.49999999999999994,0.49999999999999994,0.8125,0.048195616263937584,0.0915556468067582
euclidean,3,7,0.49999999999999994,0.49999999999999994,0.6041666666666666,0.04580339136437397,0.08132578165216643
pearson,3,7,0.5,0.5,0.8125,0.04909592938386644,0.09542699691891376
cosine,3,8,0.49999999999999994,0.49999999999999994,0.6666666666666666,0.05384904630203112,0.11508058019999236
euclidean,3,8,0.5,0.5,0.5416666666666666,0.050436113410911455,0.10981903842784103
pearson,3,8,0.5833333333333333,0.5833333333333333,0.6875,0.05369782295810551,0.11206485396042527
cosine,3,9,0.49999999999999994,0.49999999999999994,0.6666666666666666,0.05718389748909666,0.1402483530109335
euclidean,3,9,0.5,0.5,0.5416666666666666,0.058044186035284426,0.13987648368095024
pearson,3,9,0.45833333333333326,0.45833333333333326,0.625,0.05105849199297728,0.13684398167355963
