distance,k,i,precision,recall,mrr,mae,rmse
cosine,2,0,0.6666666666666666,0.6666666666666666,0.7777777777777778,0.04664304120117766,0.10131285036893185
euclidean,2,0,0.6111111111111112,0.6111111111111112,0.5,0.049402103646503034,0.1014402004002259
pearson,2,0,0.6666666666666666,0.6666666666666666,0.7777777777777778,0.04701321501239084,0.10387967197199638
cosine,2,1,0.7777777777777778,0.7777777777777778,0.8333333333333334,0.03266026061343426,0.0636456770505388
euclidean,2,1,0.5555555555555556,0.5555555555555556,0.7777777777777778,0.03429086833690121,0.06140505062428306
pearson,2,1,0.7222222222222222,0.7222222222222222,0.8333333333333334,0.03448563799359997,0.06681091080842917
cosine,2,2,0.7222222222222222,0.7222222222222222,0.8333333333333334,0.028988449293378217,0.05565102824283836
euclidean,2,2,0.6666666666666666,0.6666666666666666,0.8888888888888888,0.03318609240041726,0.05987263187571516
pearson,2,2,0.7777777777777778,0.7777777777777778,1.0,0.028537928604446077,0.055883500782798745
cosine,2,3,0.6111111111111112,0.6111111111111112,0.6666666666666666,0.04747256869139235,0.1091887238798579
euclidean,2,3,0.6111111111111112,0.6111111111111112,0.4444444444444444,0.04809409764575978,0.10914215946652955
pearson,2,3,0.6111111111111112,0.6111111111111112,0.5555555555555556,0.04858708652068021,0.11638181980939444
cosine,2,4,0.7777777777777778,0.7777777777777778,0.7777777777777778,0.03582555549549292,0.07918350548476094
euclidean,2,4,0.4444444444444444,0.4444444444444444,0.4444444444444444,0.03794351876089115,0.07507503372069059
pearson,2,4,0.7777777777777778,0.7777777777777778,0.8333333333333334,0.03474807644170812,0.07290823368711212
cosine,2,5,0.7222222222222222,0.7222222222222222,0.7222222222222222,0.03210280438942213,0.06035958122295256
euclidean,2,5,0.5,0.5,0.3888888888888889,0.03873713176580866,0.06746601371222659
pearson,2,5,0.7222222222222222,0.7222222222222222,0.7222222222222222,0.03317567151807977,0.06198336630870103
cosine,2,6,0.6111111111111112,0.6111111111111112,0.6111111111111112,0.04064422613885497,0.08477693086847733
euclidean,2,6,0.5,0.5,0.4444444444444444,0.045714221721433794,0.09331352137088177
pearson,2,6,0.6111111111111112,0.6111111111111112,0.6111111111111112,0.03910780365835796,0.08394228724316752
cosine,2,7,0.6111111111111112,0.6111111111111112,0.5555555555555556,0.03914685723562826,0.10250679582880043
euclidean,2,7,0.6666666666666666,0.6666666666666666,0.5555555555555556,0.037836047537999025,0.1003260864856382
pearson,2,7,0.6111111111111112,0.6111111111111112,0.6111111111111112,0.04094985290399384,0.10275368021057552
cosine,2,8,0.5,0.5,0.5555555555555556,0.05959661989862061,0.11694288678401996
euclidean,2,8,0.5,0.5,0.5,0.05731907411912633,0.10529804006610873
pearson,2,8,0.5555555555555556,0.5555555555555556,0.6111111111111112,0.05256839307920097,0.1108189422132634
cosine,2,9,0.7222222222222222,0.7222222222222222,0.8333333333333334,0.04028663527181887,0.09368257353549239
euclidean,2,9,0.6111111111111112,0.6111111111111112,0.6666666666666666,0.033118418507062715,0.0614963198998526
pearson,2,9,0.7222222222222222,0.7222222222222222,0.8333333333333334,0.03857255002310029,0.08134840114948147
