distance,k,i,precision,recall,mrr,mae,rmse
cosine,3,0,0.5925925925925926,0.5925925925925926,0.4629629629629629,0.04958340967674525,0.13455928901013955
euclidean,3,0,0.4444444444444444,0.4444444444444444,0.25925925925925924,0.057698855067774495,0.1452466529651608
pearson,3,0,0.5925925925925926,0.5925925925925926,0.4259259259259259,0.051857076464250584,0.15413392536452938
cosine,3,1,0.48148148148148145,0.48148148148148145,0.6481481481481481,0.05467021555950093,0.13946508623952086
euclidean,3,1,0.37037037037037035,0.37037037037037035,0.4259259259259259,0.059232503485050714,0.14228528054863004
pearson,3,1,0.48148148148148145,0.48148148148148145,0.6666666666666666,0.0553858850408459,0.15024090707416254
cosine,3,2,0.3703703703703704,0.3703703703703704,0.14814814814814814,0.06644089911534003,0.15866962556305517
euclidean,3,2,0.2962962962962963,0.2962962962962963,0.1111111111111111,0.06560292534861496,0.15517049043659822
pearson,3,2,0.4074074074074074,0.4074074074074074,0.14814814814814814,0.0605203429859214,0.1479960482995675
cosine,3,3,0.5185185185185186,0.5185185185185186,0.6666666666666666,0.05464119891991184,0.14783031115355746
euclidean,3,3,0.4444444444444444,0.4444444444444444,0.4629629629629629,0.05115705081640564,0.10678252381961391
pearson,3,3,0.7407407407407408,0.7407407407407408,0.7962962962962963,0.04489699749479188,0.11013404923231426
cosine,3,4,0.5925925925925926,0.5925925925925926,0.7407407407407407,0.04607221969628836,0.12724967473531645
euclidean,3,4,0.37037037037037035,0.37037037037037035,0.48148148148148145,0.059019471269568025,0.13307540557471698
pearson,3,4,0.5925925925925926,0.5925925925925926,0.7592592592592592,0.038917195493030216,0.12452140932572298
cosine,3,5,0.4074074074074074,0.4074074074074074,0.3888888888888889,0.061360321032500276,0.11485804071354129
euclidean,3,5,0.37037037037037035,0.37037037037037035,0.24074074074074073,0.06447049732546152,0.11927883358249168
pearson,3,5,0.5185185185185185,0.5185185185185185,0.5,0.05434251359339648,0.10051544058703887
cosine,3,6,0.5555555555555556,0.5555555555555556,0.7777777777777778,0.03906056969238164,0.0711970220027387
euclidean,3,6,0.37037037037037035,0.37037037037037035,0.48148148148148145,0.04003972202442438,0.07399991668860184
pearson,3,6,0.6296296296296297,0.6296296296296297,0.8333333333333334,0.03482904552655575,0.059499926341345516
cosine,3,7,0.5555555555555556,0.5555555555555556,0.6851851851851851,0.051181388333609364,0.09498529908370391
euclidean,3,7,0.33333333333333326,0.33333333333333326,0.3888888888888889,0.05578553201860762,0.10401150670642707
pearson,3,7,0.5185185185185186,0.5185185185185186,0.7592592592592592,0.041348947470635264,0.09263042705801722
cosine,3,8,0.5925925925925926,0.5925925925925926,0.7222222222222222,0.04023487368622401,0.07051970975854084
euclidean,3,8,0.4074074074074074,0.4074074074074074,0.5185185185185185,0.04959282776484187,0.08100772183008456
pearson,3,8,0.6296296296296297,0.6296296296296297,0.8703703703703703,0.03420492068650142,0.05680867039256216
cosine,3,9,0.48148148148148145,0.48148148148148145,0.6296296296296295,0.0410751947864761,0.08547320423164965
euclidean,3,9,0.4074074074074074,0.4074074074074074,0.4629629629629629,0.04497522234994152,0.08904154656583099
pearson,3,9,0.5185185185185186,0.5185185185185186,0.7222222222222222,0.03907523816471248,0.07677072443013883
