distance,k,i,precision,recall,mrr,mae,rmse
cosine,3,0,0.5490196078431373,0.5490196078431373,0.9019607843137254,0.14726790930053293,0.2611740532289342
euclidean,3,0,0.48039215686274506,0.48039215686274506,0.9117647058823529,0.16047399763305634,0.26529633128846036
pearson,3,0,0.5784313725490197,0.5784313725490197,0.9852941176470589,0.12504824359366792,0.2694518720551178
cosine,3,1,0.5,0.5,0.9705882352941176,0.1413838989191613,0.23629689731705256
euclidean,3,1,0.5098039215686275,0.5098039215686275,0.9509803921568626,0.15276211480957305,0.2518385011622526
pearson,3,1,0.5490196078431373,0.5490196078431373,0.9558823529411765,0.12528642926410635,0.26513361837064536
cosine,3,2,0.5392156862745099,0.5392156862745099,0.9264705882352942,0.15720449133912195,0.28148344491331245
euclidean,3,2,0.45098039215686264,0.45098039215686264,0.877450980392157,0.15333791809741293,0.27367028935993293
pearson,3,2,0.5686274509803921,0.5686274509803921,1.0,0.12106496381171512,0.2751288514463571
cosine,3,3,0.5294117647058824,0.5294117647058824,0.9362745098039217,0.14622881263054033,0.2657007169049409
euclidean,3,3,0.5392156862745099,0.5392156862745099,0.9068627450980393,0.16069402414855613,0.2658254917879197
pearson,3,3,0.5882352941176471,0.5882352941176471,0.9803921568627452,0.13555855102092484,0.29136705982721994
cosine,3,4,0.5392156862745099,0.5392156862745099,0.9068627450980392,0.15790498727347388,0.2870078411286408
euclidean,3,4,0.5294117647058824,0.5294117647058824,0.9068627450980392,0.15790456634474423,0.2842318521395479
pearson,3,4,0.5098039215686274,0.5098039215686274,0.9558823529411765,0.13971903718875497,0.30419391957437925
cosine,3,5,0.5392156862745099,0.5392156862745099,0.9852941176470589,0.1575818334941259,0.2533850865118579
euclidean,3,5,0.5196078431372548,0.5196078431372548,0.9705882352941176,0.1764178606017274,0.26827805166329705
pearson,3,5,0.5392156862745099,0.5392156862745099,0.9852941176470589,0.1434887577564481,0.290217094537034
cosine,3,6,0.5294117647058824,0.5294117647058824,0.9264705882352942,0.14767176441984287,0.2564942829522662
euclidean,3,6,0.5098039215686274,0.5098039215686274,0.8970588235294118,0.1639185770505941,0.27316188811232
pearson,3,6,0.5392156862745099,0.5392156862745099,0.9852941176470589,0.1166603811475076,0.2619316876418392
cosine,3,7,0.4999999999999999,0.4999999999999999,0.8872549019607843,0.16079347192030335,0.2842838258783669
euclidean,3,7,0.45098039215686275,0.45098039215686275,0.8578431372549019,0.17090400101693765,0.2773921575647308
pearson,3,7,0.5098039215686274,0.5098039215686274,0.9117647058823529,0.14610805481769307,0.3083520172032233
cosine,3,8,0.5098039215686275,0.5098039215686275,0.9166666666666666,0.13135285397779004,0.2444278187474035
euclidean,3,8,0.48039215686274506,0.48039215686274506,0.8627450980392156,0.14758358231750196,0.2572097718485992
pearson,3,8,0.5980392156862745,0.5980392156862745,0.9558823529411765,0.13035329341923227,0.29028168381868047
cosine,3,9,0.5588235294117647,0.5588235294117647,0.9264705882352942,0.16713988537993724,0.2720650701239743
euclidean,3,9,0.5,0.5,0.9215686274509803,0.16146063879331485,0.26868460742765937
pearson,3,9,0.5,0.5,0.9852941176470589,0.11847363393568854,0.2645917859944888
