distance,k,i,precision,recall,mrr,mae,rmse
cosine,1,0,0.75,0.75,0.75,0.14816134697448066,0.25625146253394937
euclidean,1,0,0.8333333333333334,0.8333333333333334,0.8333333333333334,0.16802574573078674,0.2655961450780149
pearson,1,0,0.6944444444444444,0.6944444444444444,0.6944444444444444,0.13333674278418237,0.27578568003850024
cosine,1,1,0.8055555555555556,0.8055555555555556,0.8055555555555556,0.13925592102343826,0.24469685218482368
euclidean,1,1,0.8333333333333334,0.8333333333333334,0.8333333333333334,0.15703897366062833,0.25675732527566153
pearson,1,1,0.6944444444444444,0.6944444444444444,0.6944444444444444,0.14001655592595333,0.28166351545700713
cosine,1,2,0.7777777777777778,0.7777777777777778,0.7777777777777778,0.12785930601022605,0.24589296970045263
euclidean,1,2,0.8333333333333334,0.8333333333333334,0.8333333333333334,0.13439969292250278,0.23356678202714423
pearson,1,2,0.6944444444444444,0.6944444444444444,0.6944444444444444,0.12871042347617304,0.26867396923138126
cosine,1,3,0.6111111111111112,0.6111111111111112,0.6111111111111112,0.16164657579534644,0.28449405424163543
euclidean,1,3,0.6388888888888888,0.6388888888888888,0.6388888888888888,0.17260382701532934,0.2924669498644952
pearson,1,3,0.5833333333333334,0.5833333333333334,0.5833333333333334,0.15680553378995044,0.2974682806018847
cosine,1,4,0.7222222222222222,0.7222222222222222,0.7222222222222222,0.13552641658681416,0.24253809446379623
euclidean,1,4,0.75,0.75,0.75,0.14160375254554075,0.245777402876277
pearson,1,4,0.6111111111111112,0.6111111111111112,0.6111111111111112,0.1299041723813622,0.27730586467835366
cosine,1,5,0.6111111111111112,0.6111111111111112,0.6111111111111112,0.14223434693220624,0.26489234837020503
euclidean,1,5,0.8055555555555556,0.8055555555555556,0.8055555555555556,0.15426223969833547,0.2580354531888106
pearson,1,5,0.6666666666666666,0.6666666666666666,0.6666666666666666,0.1401317138855888,0.2848929997734268
cosine,1,6,0.7222222222222222,0.7222222222222222,0.7222222222222222,0.15176665258355854,0.2664766149398587
euclidean,1,6,0.8055555555555556,0.8055555555555556,0.8055555555555556,0.16307958897034422,0.2637968719577585
pearson,1,6,0.6388888888888888,0.6388888888888888,0.6388888888888888,0.1382188537061794,0.297676421103093
cosine,1,7,0.75,0.75,0.75,0.12321616810351944,0.23194023174681166
euclidean,1,7,0.8333333333333334,0.8333333333333334,0.8333333333333334,0.135376541130654,0.2336677254464449
pearson,1,7,0.7222222222222222,0.7222222222222222,0.7222222222222222,0.11809306257735379,0.25317226245705216
cosine,1,8,0.7777777777777778,0.7777777777777778,0.7777777777777778,0.14211662465323668,0.26093774129895986
euclidean,1,8,0.7777777777777778,0.7777777777777778,0.7777777777777778,0.15237836557208612,0.24920862874772148
pearson,1,8,0.75,0.75,0.75,0.12163897193727502,0.2574207326476843
cosine,1,9,0.6944444444444444,0.6944444444444444,0.6944444444444444,0.14981201857768153,0.28182269464818877
euclidean,1,9,0.75,0.75,0.75,0.15404433826108213,0.27155406007486455
pearson,1,9,0.6388888888888888,0.6388888888888888,0.6388888888888888,0.13626974698766675,0.2914262625478861
