distance,k,i,precision,recall,mrr,mae,rmse
cosine,2,0,0.5735294117647058,0.5735294117647058,0.8823529411764706,0.14864343504922742,0.25684321535640864
euclidean,2,0,0.5588235294117647,0.5588235294117647,0.8088235294117647,0.1520708226868848,0.25794958215654507
pearson,2,0,0.5441176470588235,0.5441176470588235,0.9411764705882353,0.13545231363698476,0.28781508506555076
cosine,2,1,0.5147058823529411,0.5147058823529411,0.8970588235294118,0.15338111039508687,0.2690201543304993
euclidean,2,1,0.5588235294117647,0.5588235294117647,0.9117647058823529,0.16022219308057262,0.2675792237328099
pearson,2,1,0.4852941176470588,0.4852941176470588,0.8529411764705882,0.1375586423071309,0.2952043251145891
cosine,2,2,0.5147058823529411,0.5147058823529411,0.9117647058823529,0.1541370472400634,0.258295398185489
euclidean,2,2,0.47058823529411764,0.47058823529411764,0.7794117647058824,0.16852052003150125,0.2696234031802402
pearson,2,2,0.5441176470588235,0.5441176470588235,0.9117647058823529,0.13101099082696507,0.29154327569801647
cosine,2,3,0.5882352941176471,0.5882352941176471,0.9558823529411765,0.10951743681173097,0.22477226196860953
euclidean,2,3,0.5735294117647058,0.5735294117647058,0.8823529411764706,0.13534916212489365,0.23733055140450451
pearson,2,3,0.5882352941176471,0.5882352941176471,0.9558823529411765,0.09740540364089133,0.22931570388514472
cosine,2,4,0.5294117647058824,0.5294117647058824,0.8382352941176471,0.14846925012774578,0.27201943251855926
euclidean,2,4,0.5147058823529411,0.5147058823529411,0.8529411764705882,0.16443954669055508,0.27728598013473943
pearson,2,4,0.5294117647058824,0.5294117647058824,0.8970588235294118,0.12143850777563718,0.2677878978803384
cosine,2,5,0.5588235294117647,0.5588235294117647,0.9117647058823529,0.14860994357623858,0.25206624576279424
euclidean,2,5,0.5,0.5,0.8235294117647058,0.1590542311442435,0.2593431492411345
pearson,2,5,0.5441176470588235,0.5441176470588235,0.8970588235294118,0.1243484662956994,0.27140885700375983
cosine,2,6,0.5588235294117647,0.5588235294117647,0.8235294117647058,0.15754289966703383,0.2768356230402311
euclidean,2,6,0.5294117647058824,0.5294117647058824,0.8235294117647058,0.1678204046918999,0.28164467444349905
pearson,2,6,0.5588235294117647,0.5588235294117647,0.8529411764705882,0.14315962145676858,0.3093014088834742
cosine,2,7,0.5294117647058824,0.5294117647058824,0.8676470588235294,0.15854076595855668,0.288817299484169
euclidean,2,7,0.5441176470588235,0.5441176470588235,0.8529411764705882,0.16141641986815164,0.28168591120317005
pearson,2,7,0.5441176470588235,0.5441176470588235,0.9264705882352942,0.1415012374212996,0.31589450020590176
cosine,2,8,0.5441176470588235,0.5441176470588235,0.75,0.169373223274113,0.2984179165324496
euclidean,2,8,0.5,0.5,0.7352941176470589,0.1693704135710891,0.30226267311601235
pearson,2,8,0.5882352941176471,0.5882352941176471,0.8970588235294118,0.15404666147006923,0.31846529949494395
cosine,2,9,0.5588235294117647,0.5588235294117647,0.8382352941176471,0.15512149385919802,0.26839283133589936
euclidean,2,9,0.5588235294117647,0.5588235294117647,0.7941176470588235,0.1754336347111836,0.28462160940499465
pearson,2,9,0.5882352941176471,0.5882352941176471,0.9117647058823529,0.13292104192511975,0.26698903098688037
