distance,k,i,precision,recall,mrr,mae,rmse
cosine,1,0,0.5882352941176471,0.5882352941176471,0.5882352941176471,0.19539174386758287,0.31894523302531447
euclidean,1,0,0.6470588235294118,0.6470588235294118,0.6470588235294118,0.19635109993579022,0.31314022814656844
pearson,1,0,0.5882352941176471,0.5882352941176471,0.5882352941176471,0.1569841296821921,0.30420613003050484
cosine,1,1,0.7941176470588235,0.7941176470588235,0.7941176470588235,0.13809422798301674,0.23431156677594017
euclidean,1,1,0.7647058823529411,0.7647058823529411,0.7647058823529411,0.14980273023823124,0.23988828195979187
pearson,1,1,0.7647058823529411,0.7647058823529411,0.7647058823529411,0.12241068672946835,0.2711608839990176
cosine,1,2,0.6764705882352942,0.6764705882352942,0.6764705882352942,0.16011387457504234,0.29668281767529087
euclidean,1,2,0.6470588235294118,0.6470588235294118,0.6470588235294118,0.1686790095645066,0.2967255471873334
pearson,1,2,0.5588235294117647,0.5588235294117647,0.5588235294117647,0.15328898834293223,0.32719925703795755
cosine,1,3,0.8529411764705882,0.8529411764705882,0.8529411764705882,0.15477343602218951,0.24467975726640595
euclidean,1,3,0.7058823529411765,0.7058823529411765,0.7058823529411765,0.17415386900267957,0.25531020092589524
pearson,1,3,0.7941176470588235,0.7941176470588235,0.7941176470588235,0.11847590734961903,0.2548395944932218
cosine,1,4,0.7352941176470589,0.7352941176470589,0.7352941176470589,0.1477351887859504,0.25882215604015263
euclidean,1,4,0.8235294117647058,0.8235294117647058,0.8235294117647058,0.16881296899302692,0.27029169690680366
pearson,1,4,0.6176470588235294,0.6176470588235294,0.6176470588235294,0.12932705002131342,0.29062073841050295
cosine,1,5,0.7352941176470589,0.7352941176470589,0.7352941176470589,0.16840697633000817,0.2882303021469197
euclidean,1,5,0.6470588235294118,0.6470588235294118,0.6470588235294118,0.17212832799121897,0.2918839281334176
pearson,1,5,0.6470588235294118,0.6470588235294118,0.6470588235294118,0.1471730230540591,0.30026323050852255
cosine,1,6,0.5294117647058824,0.5294117647058824,0.5294117647058824,0.1794873652045769,0.32081960535456555
euclidean,1,6,0.6176470588235294,0.6176470588235294,0.6176470588235294,0.1798459125017045,0.3192955728335279
pearson,1,6,0.5294117647058824,0.5294117647058824,0.5294117647058824,0.14901806239677523,0.3243941071571581
cosine,1,7,0.7647058823529411,0.7647058823529411,0.7647058823529411,0.16073091383798027,0.27809655254838367
euclidean,1,7,0.7941176470588235,0.7941176470588235,0.7941176470588235,0.174870436575997,0.2768404386055413
pearson,1,7,0.6176470588235294,0.6176470588235294,0.6176470588235294,0.13872361223753688,0.29156381976199247
cosine,1,8,0.7941176470588235,0.7941176470588235,0.7941176470588235,0.15090844009457027,0.27296957646015413
euclidean,1,8,0.7647058823529411,0.7647058823529411,0.7647058823529411,0.15241608062142598,0.2602304943676901
pearson,1,8,0.6470588235294118,0.6470588235294118,0.6470588235294118,0.13668802186983708,0.30323551150393113
cosine,1,9,0.7058823529411765,0.7058823529411765,0.7058823529411765,0.17130104803091972,0.2918970853215973
euclidean,1,9,0.6470588235294118,0.6470588235294118,0.6470588235294118,0.1705583058343616,0.2856469435071513
pearson,1,9,0.5882352941176471,0.5882352941176471,0.5882352941176471,0.14882632723490635,0.3082085367822508
