distance,k,i,precision,recall,mrr,mae,rmse
cosine,2,0,0.6081081081081081,0.6081081081081081,0.8648648648648649,0.169352169808997,0.2833300960631012
euclidean,2,0,0.5675675675675675,0.5675675675675675,0.8513513513513513,0.18320026056434313,0.2795855064332564
pearson,2,0,0.6081081081081081,0.6081081081081081,0.9324324324324325,0.15567757862654574,0.3003388138394346
cosine,2,1,0.5135135135135135,0.5135135135135135,0.8243243243243243,0.16049576805982846,0.2780183168494859
euclidean,2,1,0.5405405405405406,0.5405405405405406,0.8513513513513513,0.16241932302466158,0.27185632417726374
pearson,2,1,0.5675675675675675,0.5675675675675675,0.918918918918919,0.14672543503247362,0.29460033840996025
cosine,2,2,0.5675675675675675,0.5675675675675675,0.9054054054054054,0.16662331487392443,0.2808416677940077
euclidean,2,2,0.5675675675675675,0.5675675675675675,0.8648648648648649,0.17621002539838349,0.2848933277952247
pearson,2,2,0.5405405405405406,0.5405405405405406,0.9594594594594594,0.15317706135543893,0.30713667153330254
cosine,2,3,0.5675675675675675,0.5675675675675675,0.8243243243243243,0.16260532533610178,0.27710133799980385
euclidean,2,3,0.581081081081081,0.581081081081081,0.8648648648648649,0.16553148733895828,0.26096462082858846
pearson,2,3,0.581081081081081,0.581081081081081,0.9864864864864865,0.1365744300434722,0.2867501386169126
cosine,2,4,0.5540540540540541,0.5540540540540541,0.8783783783783784,0.15935197014873073,0.29201182678511906
euclidean,2,4,0.5540540540540541,0.5540540540540541,0.8243243243243243,0.1639173325774215,0.29306547760544993
pearson,2,4,0.5405405405405406,0.5405405405405406,0.8648648648648649,0.15367585500963843,0.31437833385088276
cosine,2,5,0.5405405405405406,0.5405405405405406,0.9054054054054054,0.18566801647276696,0.32336386876624024
euclidean,2,5,0.527027027027027,0.527027027027027,0.8378378378378378,0.18712733323930134,0.3166344293263363
pearson,2,5,0.47297297297297297,0.47297297297297297,0.8513513513513513,0.17738259635830006,0.34169330364328704
cosine,2,6,0.5405405405405406,0.5405405405405406,0.8378378378378378,0.17433027410522375,0.30808162081660384
euclidean,2,6,0.5540540540540541,0.5540540540540541,0.8783783783783784,0.17306296894648754,0.282799359421321
pearson,2,6,0.527027027027027,0.527027027027027,0.8648648648648649,0.16035455964850734,0.32079007964707595
cosine,2,7,0.581081081081081,0.581081081081081,0.9459459459459459,0.1417038236710933,0.24726950447173696
euclidean,2,7,0.527027027027027,0.527027027027027,0.8783783783783784,0.1508617423748203,0.24845242232214723
pearson,2,7,0.581081081081081,0.581081081081081,0.9594594594594594,0.12492298166705491,0.2598420706372941
cosine,2,8,0.5675675675675675,0.5675675675675675,0.8648648648648649,0.17267869274202122,0.29824348736662415
euclidean,2,8,0.5540540540540541,0.5540540540540541,0.8108108108108109,0.18524680796827317,0.30037425683087177
pearson,2,8,0.6081081081081081,0.6081081081081081,0.9324324324324325,0.14854277046031483,0.30149297429990546
cosine,2,9,0.6216216216216216,0.6216216216216216,0.9324324324324325,0.15150624822384237,0.24084378687873279
euclidean,2,9,0.5540540540540541,0.5540540540540541,0.918918918918919,0.16331323757089455,0.23952166527445443
pearson,2,9,0.5945945945945946,0.5945945945945946,0.9054054054054054,0.12833666156987772,0.2534286861787209
