distance,k,i,precision,recall,mrr,mae,rmse
cosine,1,0,0.7027027027027027,0.7027027027027027,0.7027027027027027,0.1405713138152935,0.2761307528559476
euclidean,1,0,0.7567567567567568,0.7567567567567568,0.7567567567567568,0.15180145682193472,0.2779409139181007
pearson,1,0,0.6756756756756757,0.6756756756756757,0.6756756756756757,0.12800847148427777,0.283546663723974
cosine,1,1,0.7027027027027027,0.7027027027027027,0.7027027027027027,0.14031787357440703,0.25779849558318413
euclidean,1,1,0.7567567567567568,0.7567567567567568,0.7567567567567568,0.14989473115497748,0.2587868791635333
pearson,1,1,0.6756756756756757,0.6756756756756757,0.6756756756756757,0.1212005058889692,0.28229723906084164
cosine,1,2,0.7027027027027027,0.7027027027027027,0.7027027027027027,0.15399595169828506,0.2915923376142886
euclidean,1,2,0.7567567567567568,0.7567567567567568,0.7567567567567568,0.16038058788416687,0.2726279173424159
pearson,1,2,0.6486486486486487,0.6486486486486487,0.6486486486486487,0.1338815111795825,0.28664928941008655
cosine,1,3,0.6486486486486487,0.6486486486486487,0.6486486486486487,0.14307151737449236,0.26808745353319324
euclidean,1,3,0.7837837837837838,0.7837837837837838,0.7837837837837838,0.15017241831228179,0.25563944431532054
pearson,1,3,0.6756756756756757,0.6756756756756757,0.6756756756756757,0.11140871340862964,0.2629249975464155
cosine,1,4,0.7027027027027027,0.7027027027027027,0.7027027027027027,0.14192062607590863,0.25875375976221177
euclidean,1,4,0.7837837837837838,0.7837837837837838,0.7837837837837838,0.14733882764549588,0.24450097983671545
pearson,1,4,0.6756756756756757,0.6756756756756757,0.6756756756756757,0.12421475384831737,0.26691043247337753
cosine,1,5,0.8108108108108109,0.8108108108108109,0.8108108108108109,0.14206076206139845,0.2555737197697987
euclidean,1,5,0.8378378378378378,0.8378378378378378,0.8378378378378378,0.14141319332037042,0.2365611179590346
pearson,1,5,0.7837837837837838,0.7837837837837838,0.7837837837837838,0.11540923635557368,0.25885186175657005
cosine,1,6,0.7837837837837838,0.7837837837837838,0.7837837837837838,0.13991771787481158,0.24543474250358172
euclidean,1,6,0.8918918918918919,0.8918918918918919,0.8918918918918919,0.1537811178779223,0.2593913962166058
pearson,1,6,0.8108108108108109,0.8108108108108109,0.8108108108108109,0.1036906320390977,0.20724398232204727
cosine,1,7,0.5945945945945946,0.5945945945945946,0.5945945945945946,0.16033102289666348,0.3048781358040189
euclidean,1,7,0.6486486486486487,0.6486486486486487,0.6486486486486487,0.15525822669709552,0.29547380125888106
pearson,1,7,0.4864864864864865,0.4864864864864865,0.4864864864864865,0.1509584575640336,0.3313591575794076
cosine,1,8,0.7567567567567568,0.7567567567567568,0.7567567567567568,0.12249306815292986,0.22114700083544817
euclidean,1,8,0.7567567567567568,0.7567567567567568,0.7567567567567568,0.13887992335290097,0.2278700857692455
pearson,1,8,0.7837837837837838,0.7837837837837838,0.7837837837837838,0.10310868657853597,0.23264325337770198
cosine,1,9,0.6756756756756757,0.6756756756756757,0.6756756756756757,0.15060132138938886,0.27545372567489823
euclidean,1,9,0.5675675675675675,0.5675675675675675,0.5675675675675675,0.16055261149386396,0.28483587787731396
pearson,1,9,0.6216216216216216,0.6216216216216216,0.6216216216216216,0.12110970684584077,0.28110994967023784
