distance,k,i,precision,recall,mrr,mae,rmse
cosine,1,0,0.7567567567567568,0.7567567567567568,0.7567567567567568,0.15745751697838511,0.27564173412384346
euclidean,1,0,0.7027027027027027,0.7027027027027027,0.7027027027027027,0.16605232763571337,0.2780582516305318
pearson,1,0,0.7027027027027027,0.7027027027027027,0.7027027027027027,0.13791475415427587,0.2906145326532029
cosine,1,1,0.7567567567567568,0.7567567567567568,0.7567567567567568,0.1504047414566761,0.25935319162419895
euclidean,1,1,0.8378378378378378,0.8378378378378378,0.8378378378378378,0.15173312238017334,0.24929780594307002
pearson,1,1,0.6756756756756757,0.6756756756756757,0.6756756756756757,0.13226849802885401,0.2694091482545837
cosine,1,2,0.7027027027027027,0.7027027027027027,0.7027027027027027,0.15766088547590856,0.27200620495009925
euclidean,1,2,0.7027027027027027,0.7027027027027027,0.7027027027027027,0.1610374058945074,0.27267668109811094
pearson,1,2,0.6486486486486487,0.6486486486486487,0.6486486486486487,0.14132222780614534,0.29597369236445253
cosine,1,3,0.7567567567567568,0.7567567567567568,0.7567567567567568,0.139607384670347,0.25787929342102794
euclidean,1,3,0.7567567567567568,0.7567567567567568,0.7567567567567568,0.16027861804348256,0.27797553364579436
pearson,1,3,0.8108108108108109,0.8108108108108109,0.8108108108108109,0.12345291206042328,0.2460708703517039
cosine,1,4,0.6756756756756757,0.6756756756756757,0.6756756756756757,0.14889967378863736,0.2767888161763167
euclidean,1,4,0.6486486486486487,0.6486486486486487,0.6486486486486487,0.15413999775489803,0.26454503198224577
pearson,1,4,0.5945945945945946,0.5945945945945946,0.5945945945945946,0.1294193051469845,0.2822094548459536
cosine,1,5,0.5675675675675675,0.5675675675675675,0.5675675675675675,0.1807879126339957,0.32533598904090016
euclidean,1,5,0.5945945945945946,0.5945945945945946,0.5945945945945946,0.18560544191923714,0.3142765984030755
pearson,1,5,0.4864864864864865,0.4864864864864865,0.4864864864864865,0.16487715755550036,0.3394948526919973
cosine,1,6,0.5675675675675675,0.5675675675675675,0.5675675675675675,0.20253524972690412,0.32374840849196257
euclidean,1,6,0.6756756756756757,0.6756756756756757,0.6756756756756757,0.19348438781834137,0.30542334117541886
pearson,1,6,0.5135135135135135,0.5135135135135135,0.5135135135135135,0.148348144348149,0.306185134605478
cosine,1,7,0.6216216216216216,0.6216216216216216,0.6216216216216216,0.1579836792125003,0.30244163651475364
euclidean,1,7,0.7027027027027027,0.7027027027027027,0.7027027027027027,0.16268117434583865,0.29519424229948943
pearson,1,7,0.5675675675675675,0.5675675675675675,0.5675675675675675,0.15122066620881594,0.32619104231719986
cosine,1,8,0.7027027027027027,0.7027027027027027,0.7027027027027027,0.15108103306555232,0.2680812043873743
euclidean,1,8,0.7567567567567568,0.7567567567567568,0.7567567567567568,0.1679559769573112,0.27299071171210954
pearson,1,8,0.5675675675675675,0.5675675675675675,0.5675675675675675,0.1365228999167542,0.29594330361613713
cosine,1,9,0.6756756756756757,0.6756756756756757,0.6756756756756757,0.14408488088082838,0.2796622388801095
euclidean,1,9,0.6756756756756757,0.6756756756756757,0.6756756756756757,0.14699805155220363,0.27069163645002475
pearson,1,9,0.5675675675675675,0.5675675675675675,0.5675675675675675,0.1376311214313009,0.3067807918643119
