distance,k,i,precision,recall,mrr,mae,rmse
cosine,3,0,0.5585585585585586,0.5585585585585586,0.8918918918918919,0.15976348707155508,0.28827953641425946
euclidean,3,0,0.5585585585585587,0.5585585585585587,0.9459459459459459,0.16660852256974124,0.2767148647335477
pearson,3,0,0.5765765765765766,0.5765765765765766,0.9594594594594594,0.14312420700869846,0.298348655999794
cosine,3,1,0.5045045045045046,0.5045045045045046,1.0,0.14244179171114324,0.24836476734805435
euclidean,3,1,0.44144144144144143,0.44144144144144143,0.918918918918919,0.15961506871823206,0.26230384065333945
pearson,3,1,0.49549549549549554,0.49549549549549554,0.972972972972973,0.14175376129993367,0.27352346327234234
cosine,3,2,0.44144144144144143,0.44144144144144143,0.9414414414414413,0.17221584330786263,0.30434167805830536
euclidean,3,2,0.4594594594594595,0.4594594594594595,0.9009009009009009,0.1743715059891629,0.29225115406438457
pearson,3,2,0.5675675675675675,0.5675675675675675,0.9369369369369369,0.14430046184702383,0.29986877826709935
cosine,3,3,0.49549549549549554,0.49549549549549554,0.9684684684684686,0.16155830606419547,0.29727808944436346
euclidean,3,3,0.4864864864864865,0.4864864864864865,0.9144144144144145,0.1761663407225081,0.28715184287946877
pearson,3,3,0.5045045045045046,0.5045045045045046,1.0,0.143558227525136,0.29399831823379885
cosine,3,4,0.5315315315315314,0.5315315315315314,0.918918918918919,0.16383956116000928,0.27888971573190635
euclidean,3,4,0.4864864864864865,0.4864864864864865,0.8648648648648649,0.17760155439037476,0.28257957115062415
pearson,3,4,0.5045045045045045,0.5045045045045045,0.9324324324324325,0.1528995056966155,0.30751814269080324
cosine,3,5,0.5045045045045046,0.5045045045045046,0.9549549549549549,0.1507258978753143,0.24539791199795144
euclidean,3,5,0.5045045045045045,0.5045045045045045,0.9324324324324325,0.1566134943185564,0.2499104261177552
pearson,3,5,0.5495495495495495,0.5495495495495495,0.954954954954955,0.13926430020070096,0.2794043232154617
cosine,3,6,0.5315315315315315,0.5315315315315315,0.8963963963963966,0.16010376863109005,0.26931678645005086
euclidean,3,6,0.5405405405405406,0.5405405405405406,0.9009009009009009,0.16280429208526365,0.25339894678662267
pearson,3,6,0.5315315315315315,0.5315315315315315,0.9414414414414413,0.14044159626285138,0.28744642239626256
cosine,3,7,0.5495495495495496,0.5495495495495496,0.9054054054054054,0.16433834420917887,0.27243942764413853
euclidean,3,7,0.5045045045045045,0.5045045045045045,0.8963963963963966,0.1703023556163996,0.2655349273227067
pearson,3,7,0.5765765765765767,0.5765765765765767,0.9864864864864865,0.13342224030721705,0.2654576838848034
cosine,3,8,0.5405405405405406,0.5405405405405406,0.9594594594594594,0.14741962229958167,0.23751086778474084
euclidean,3,8,0.5405405405405405,0.5405405405405405,0.9864864864864865,0.1573212919119233,0.24414448717752418
pearson,3,8,0.5315315315315314,0.5315315315315314,0.9549549549549549,0.13064107036182177,0.25412850413053645
cosine,3,9,0.5495495495495495,0.5495495495495495,0.9234234234234233,0.17865382953333478,0.3168750100092138
euclidean,3,9,0.5405405405405406,0.5405405405405406,0.8738738738738739,0.1708718463258335,0.2934083251600509
pearson,3,9,0.5495495495495495,0.5495495495495495,0.9594594594594594,0.15631040371046404,0.31919376834873797
