distance,k,i,precision,recall,mrr,mae,rmse
cosine,2,0,0.6388888888888888,0.6388888888888888,0.9027777777777778,0.13093654937499677,0.24707069997780381
euclidean,2,0,0.6388888888888888,0.6388888888888888,0.9444444444444444,0.12755343676729958,0.2254771360869778
pearson,2,0,0.6666666666666666,0.6666666666666666,0.875,0.12112113710283819,0.2529868536782411
cosine,2,1,0.6111111111111112,0.6111111111111112,0.9027777777777778,0.13292412681769547,0.24811585007228287
euclidean,2,1,0.5694444444444444,0.5694444444444444,0.875,0.15450481731665944,0.25453879537061913
pearson,2,1,0.5972222222222222,0.5972222222222222,0.8888888888888888,0.12561683399141083,0.27550748292977095
cosine,2,2,0.5972222222222222,0.5972222222222222,0.8472222222222222,0.17187056718944954,0.31159517012688764
euclidean,2,2,0.5694444444444444,0.5694444444444444,0.8472222222222222,0.17231416339529276,0.2982471526321295
pearson,2,2,0.625,0.625,0.9027777777777778,0.16212306679536764,0.31757827224882484
cosine,2,3,0.6388888888888888,0.6388888888888888,0.9027777777777778,0.13370652015286996,0.23600800554388587
euclidean,2,3,0.5833333333333334,0.5833333333333334,0.875,0.14470350731854795,0.2409636827805506
pearson,2,3,0.6805555555555556,0.6805555555555556,0.9722222222222222,0.11319309526123561,0.24782465287561353
cosine,2,4,0.5555555555555556,0.5555555555555556,0.875,0.1426306137979447,0.2551721888397919
euclidean,2,4,0.6388888888888888,0.6388888888888888,0.9583333333333334,0.1489127972433355,0.24717650051810158
pearson,2,4,0.5972222222222222,0.5972222222222222,0.9305555555555556,0.13784056876277453,0.2738748470206886
cosine,2,5,0.6111111111111112,0.6111111111111112,0.8888888888888888,0.1494161073086757,0.2528867280157868
euclidean,2,5,0.5833333333333334,0.5833333333333334,0.8611111111111112,0.16457273389269053,0.2538226902086899
pearson,2,5,0.625,0.625,0.9583333333333334,0.12434132080681756,0.25644328710067354
cosine,2,6,0.5972222222222222,0.5972222222222222,0.9027777777777778,0.13856177767940142,0.2627435055344405
euclidean,2,6,0.5972222222222222,0.5972222222222222,0.875,0.14478951763923426,0.256341674230384
pearson,2,6,0.625,0.625,0.9166666666666666,0.11455701607529456,0.2655416675924273
cosine,2,7,0.5972222222222222,0.5972222222222222,0.8888888888888888,0.1322255859473307,0.23835645325179883
euclidean,2,7,0.5833333333333334,0.5833333333333334,0.9305555555555556,0.13772209946657862,0.22461449279619033
pearson,2,7,0.5972222222222222,0.5972222222222222,0.875,0.1226229779447783,0.25654381395685355
cosine,2,8,0.6111111111111112,0.6111111111111112,0.8611111111111112,0.14551277459919665,0.28625237964809885
euclidean,2,8,0.5416666666666666,0.5416666666666666,0.7777777777777778,0.15588506030198848,0.2848872815111444
pearson,2,8,0.625,0.625,0.9444444444444444,0.1453264962118459,0.30944774776491446
cosine,2,9,0.6527777777777778,0.6527777777777778,0.9444444444444444,0.1284519029254199,0.2234811613420199
euclidean,2,9,0.5555555555555556,0.5555555555555556,0.8611111111111112,0.14931813761284346,0.23961284721110523
pearson,2,9,0.625,0.625,0.9583333333333334,0.11681524726292276,0.2366620294575578
