distance,k,i,precision,recall,mrr,mae,rmse
cosine,3,0,0.5495495495495497,0.5495495495495497,0.972972972972973,0.10122305049297034,0.18898438202708975
euclidean,3,0,0.49549549549549554,0.49549549549549554,0.9414414414414415,0.11306012844627174,0.1979462783082716
pearson,3,0,0.5855855855855856,0.5855855855855856,0.981981981981982,0.09068956723016272,0.2073853598753301
cosine,3,1,0.5495495495495496,0.5495495495495496,0.8783783783783784,0.17865889993455503,0.32100384077104405
euclidean,3,1,0.5405405405405406,0.5405405405405406,0.8468468468468469,0.18739853414741436,0.312109625407792
pearson,3,1,0.5585585585585587,0.5585585585585587,0.9324324324324325,0.16659067225253932,0.3478399266230574
cosine,3,2,0.5315315315315315,0.5315315315315315,0.9414414414414415,0.1269176471225725,0.23088168592276276
euclidean,3,2,0.4954954954954955,0.4954954954954955,0.9009009009009009,0.15154303850349435,0.246765975496809
pearson,3,2,0.5855855855855855,0.5855855855855855,0.9594594594594594,0.1033096307833462,0.24727082104118628
cosine,3,3,0.5045045045045046,0.5045045045045046,0.9324324324324325,0.1389348528362638,0.2560257943951609
euclidean,3,3,0.5045045045045046,0.5045045045045046,0.8603603603603603,0.1611859718400856,0.2754302176526557
pearson,3,3,0.5675675675675677,0.5675675675675677,0.972972972972973,0.12035458431300664,0.2817786895974994
cosine,3,4,0.5315315315315314,0.5315315315315314,0.9144144144144145,0.1557107872499929,0.2751876380736465
euclidean,3,4,0.5135135135135135,0.5135135135135135,0.8918918918918919,0.1621502088218799,0.25836782817834036
pearson,3,4,0.5585585585585586,0.5585585585585586,0.918918918918919,0.1282720165837954,0.28146008184722937
cosine,3,5,0.5135135135135136,0.5135135135135136,0.8918918918918919,0.12835984613033707,0.2475232332960071
euclidean,3,5,0.4684684684684685,0.4684684684684685,0.8738738738738737,0.1537386816702369,0.2629601955999457
pearson,3,5,0.5855855855855856,0.5855855855855856,0.972972972972973,0.11667448410902713,0.2664082829894344
cosine,3,6,0.5765765765765767,0.5765765765765767,0.9144144144144143,0.13193357306154915,0.2597523466573668
euclidean,3,6,0.48648648648648657,0.48648648648648657,0.8693693693693695,0.14830374526899442,0.2598147697230267
pearson,3,6,0.5855855855855855,0.5855855855855855,0.9864864864864865,0.1201698283559295,0.26792730987345587
cosine,3,7,0.5315315315315314,0.5315315315315314,0.918918918918919,0.13691690797591002,0.23125872041877388
euclidean,3,7,0.4594594594594595,0.4594594594594595,0.9549549549549549,0.14973766279742132,0.24520084285372362
pearson,3,7,0.5585585585585586,0.5585585585585586,1.0,0.10501886033747988,0.2183410559851136
cosine,3,8,0.5135135135135135,0.5135135135135135,0.9459459459459459,0.1489851630608952,0.2601134155420039
euclidean,3,8,0.44144144144144143,0.44144144144144143,0.9144144144144143,0.1672141176198281,0.27612430731040777
pearson,3,8,0.5405405405405406,0.5405405405405406,0.9864864864864865,0.11319954320362932,0.24418198238020844
cosine,3,9,0.5045045045045046,0.5045045045045046,0.8468468468468469,0.16282404860391705,0.30229658152266625
euclidean,3,9,0.5225225225225226,0.5225225225225226,0.8648648648648649,0.16955603608213388,0.29540392011560623
pearson,3,9,0.4954954954954955,0.4954954954954955,0.8918918918918919,0.16628045319648954,0.3384750325628892
