distance,k,i,precision,recall,mrr,mae,rmse
cosine,2,0,0.6621621621621622,0.6621621621621622,0.972972972972973,0.14197048499139592,0.2522584663527553
euclidean,2,0,0.5945945945945946,0.5945945945945946,0.9459459459459459,0.15140237386582237,0.25484368353197695
pearson,2,0,0.5945945945945946,0.5945945945945946,0.972972972972973,0.12184189792393045,0.26826669900468764
cosine,2,1,0.6486486486486487,0.6486486486486487,0.918918918918919,0.13260354163307692,0.2329642027351297
euclidean,2,1,0.5540540540540541,0.5540540540540541,0.9324324324324325,0.1436676889143693,0.23092528659240855
pearson,2,1,0.6216216216216216,0.6216216216216216,0.9459459459459459,0.11096311390521363,0.2389969644348351
cosine,2,2,0.6216216216216216,0.6216216216216216,0.918918918918919,0.154486692167799,0.2623213361789334
euclidean,2,2,0.5540540540540541,0.5540540540540541,0.8648648648648649,0.16650249944304,0.2725667876123231
pearson,2,2,0.581081081081081,0.581081081081081,0.8513513513513513,0.15477665948718092,0.3146980536585422
cosine,2,3,0.6216216216216216,0.6216216216216216,0.918918918918919,0.14199181043019868,0.2512861477956411
euclidean,2,3,0.5675675675675675,0.5675675675675675,0.8513513513513513,0.1487043838327681,0.25050103532762036
pearson,2,3,0.5675675675675675,0.5675675675675675,0.9459459459459459,0.11260188225394885,0.24376119599543924
cosine,2,4,0.5405405405405406,0.5405405405405406,0.8513513513513513,0.14656480657693008,0.2662855727834715
euclidean,2,4,0.5945945945945946,0.5945945945945946,0.8243243243243243,0.15254488922363782,0.2622033837195056
pearson,2,4,0.6081081081081081,0.6081081081081081,0.8513513513513513,0.1349507544928667,0.2906238387642992
cosine,2,5,0.6216216216216216,0.6216216216216216,0.9054054054054054,0.1385260284303605,0.25065479387086453
euclidean,2,5,0.6486486486486487,0.6486486486486487,0.8918918918918919,0.14495203089131206,0.25668043745209945
pearson,2,5,0.527027027027027,0.527027027027027,0.8108108108108109,0.13499805224796274,0.28817432608722204
cosine,2,6,0.6351351351351351,0.6351351351351351,0.9594594594594594,0.12684658509420216,0.2395380431065617
euclidean,2,6,0.581081081081081,0.581081081081081,0.8783783783783784,0.1449689872645253,0.25025581255850604
pearson,2,6,0.581081081081081,0.581081081081081,0.9054054054054054,0.11506590479691658,0.2633098013793111
cosine,2,7,0.5945945945945946,0.5945945945945946,0.9054054054054054,0.14188260447372789,0.2716381192504743
euclidean,2,7,0.5405405405405406,0.5405405405405406,0.7837837837837838,0.15439954544652632,0.2762720955620825
pearson,2,7,0.6351351351351351,0.6351351351351351,0.9054054054054054,0.11958536914172423,0.27643790306239197
cosine,2,8,0.5945945945945946,0.5945945945945946,0.8648648648648649,0.13739726666899288,0.24513277772848552
euclidean,2,8,0.6081081081081081,0.6081081081081081,0.9054054054054054,0.1398485753666296,0.22866222360582666
pearson,2,8,0.6486486486486487,0.6486486486486487,0.9594594594594594,0.10787418955999133,0.23388347292555411
cosine,2,9,0.6486486486486487,0.6486486486486487,0.9459459459459459,0.13552494126668588,0.23510182096277152
euclidean,2,9,0.5540540540540541,0.5540540540540541,0.9324324324324325,0.14560158802483816,0.23200645658842503
pearson,2,9,0.6081081081081081,0.6081081081081081,0.9324324324324325,0.11767474255781392,0.255679792805432
