distance,k,i,precision,recall,mrr,mae,rmse
cosine,3,0,0.5185185185185186,0.5185185185185186,0.9212962962962964,0.15105378428606211,0.26845670682618406
euclidean,3,0,0.4907407407407407,0.4907407407407407,0.9074074074074076,0.17251256720524324,0.2680229227067926
pearson,3,0,0.5648148148148149,0.5648148148148149,0.9861111111111112,0.1276454536653367,0.265786163203001
cosine,3,1,0.5648148148148149,0.5648148148148149,0.8842592592592592,0.14067095115942707,0.2531106325933185
euclidean,3,1,0.5925925925925926,0.5925925925925926,0.8842592592592593,0.14602841281819312,0.2541133509909967
pearson,3,1,0.5925925925925927,0.5925925925925927,0.9675925925925927,0.11980174299785395,0.2718663171091194
cosine,3,2,0.5555555555555557,0.5555555555555557,0.9120370370370369,0.1655062931319606,0.28803906437483173
euclidean,3,2,0.5833333333333333,0.5833333333333333,0.8657407407407407,0.17461045565838212,0.2864623782856551
pearson,3,2,0.5462962962962963,0.5462962962962963,0.9537037037037037,0.15009347802715303,0.30616063733381604
cosine,3,3,0.5648148148148149,0.5648148148148149,0.9259259259259258,0.1281466630780501,0.25450709339342753
euclidean,3,3,0.5277777777777778,0.5277777777777778,0.8842592592592593,0.14092023664275377,0.2537926799738753
pearson,3,3,0.537037037037037,0.537037037037037,0.9444444444444444,0.11978410409869238,0.253591367529688
cosine,3,4,0.5277777777777778,0.5277777777777778,0.9583333333333334,0.13991516268346432,0.2585970829305103
euclidean,3,4,0.49074074074074076,0.49074074074074076,0.8703703703703703,0.1501096852889156,0.2575030719190806
pearson,3,4,0.5092592592592593,0.5092592592592593,0.9444444444444444,0.13355311971130704,0.26880231667054877
cosine,3,5,0.5462962962962963,0.5462962962962963,0.898148148148148,0.16606806547575959,0.2890669832561168
euclidean,3,5,0.48148148148148145,0.48148148148148145,0.9166666666666666,0.17846380342090246,0.29249925326090276
pearson,3,5,0.5185185185185185,0.5185185185185185,0.9074074074074073,0.1526836290077538,0.30760376784866406
cosine,3,6,0.5185185185185186,0.5185185185185186,0.9537037037037036,0.14785177617563267,0.2401533627675616
euclidean,3,6,0.4999999999999999,0.4999999999999999,0.9259259259259258,0.1633570407179874,0.2482437835129879
pearson,3,6,0.5740740740740741,0.5740740740740741,1.0,0.11060315679873957,0.2306789571250592
cosine,3,7,0.5092592592592592,0.5092592592592592,0.9166666666666666,0.15266903918747265,0.2735186653257941
euclidean,3,7,0.5370370370370371,0.5370370370370371,0.9027777777777778,0.16475135310157082,0.2713080144112696
pearson,3,7,0.5462962962962963,0.5462962962962963,0.9305555555555556,0.13701230326726016,0.29556352769550565
cosine,3,8,0.5277777777777778,0.5277777777777778,0.9583333333333334,0.13978555903659998,0.25280590267595104
euclidean,3,8,0.5462962962962963,0.5462962962962963,0.9722222222222222,0.13450034867216445,0.2206968569630377
pearson,3,8,0.5555555555555556,0.5555555555555556,0.9583333333333334,0.11592006335499129,0.25478663229963666
cosine,3,9,0.5648148148148149,0.5648148148148149,0.9675925925925924,0.13134005379154265,0.2621022290806604
euclidean,3,9,0.5277777777777778,0.5277777777777778,0.8935185185185185,0.15876786255186326,0.2762584043028616
pearson,3,9,0.5555555555555556,0.5555555555555556,0.9722222222222222,0.12584907704805262,0.27026695717859744
