distance,k,i,precision,recall,mrr,mae,rmse
cosine,3,0,0.5855855855855855,0.5855855855855855,0.6666666666666667,0.09754220847654348,0.17865283808139149
euclidean,3,0,0.5135135135135135,0.5135135135135135,0.7792792792792792,0.09506593640799162,0.15889775027853417
pearson,3,0,0.6216216216216216,0.6216216216216216,0.6756756756756755,0.08958753231441685,0.19802890813871427
cosine,3,1,0.5495495495495496,0.5495495495495496,0.8873873873873874,0.09034873983109899,0.15705793366483822
euclidean,3,1,0.5045045045045046,0.5045045045045046,0.8468468468468469,0.10744727360351355,0.1758364280564952
pearson,3,1,0.5765765765765766,0.5765765765765766,0.8423423423423424,0.07337053281747752,0.15401998916945042
cosine,3,2,0.5315315315315314,0.5315315315315314,0.6981981981981982,0.10176772934320594,0.19407501261079216
euclidean,3,2,0.46846846846846846,0.46846846846846846,0.7342342342342342,0.12411183330449405,0.20584197311419092
pearson,3,2,0.6036036036036035,0.6036036036036035,0.617117117117117,0.085853996385714,0.19459803067141546
cosine,3,3,0.4954954954954955,0.4954954954954955,0.8018018018018018,0.08379236388961572,0.16022095253307567
euclidean,3,3,0.4594594594594594,0.4594594594594594,0.8288288288288288,0.10122841357671264,0.16990221470480377
pearson,3,3,0.6216216216216216,0.6216216216216216,0.7702702702702703,0.0765807231420331,0.16876979437794631
cosine,3,4,0.5225225225225226,0.5225225225225226,0.7927927927927928,0.08935621187044122,0.16921374285574897
euclidean,3,4,0.4594594594594594,0.4594594594594594,0.7072072072072071,0.11255722510330084,0.18720855674665346
pearson,3,4,0.5675675675675675,0.5675675675675675,0.7927927927927928,0.07789279504004143,0.17148362471355552
cosine,3,5,0.5585585585585585,0.5585585585585585,0.8558558558558558,0.0781942150186015,0.13623407975683327
euclidean,3,5,0.49549549549549554,0.49549549549549554,0.8513513513513513,0.09953168820449311,0.15856216618613034
pearson,3,5,0.6126126126126127,0.6126126126126127,0.8468468468468469,0.06466075398688259,0.13786483849658068
cosine,3,6,0.5405405405405407,0.5405405405405407,0.7792792792792792,0.09762571674930681,0.18037861415984002
euclidean,3,6,0.4864864864864865,0.4864864864864865,0.8378378378378377,0.10828389091918743,0.17583168370697594
pearson,3,6,0.5675675675675674,0.5675675675675674,0.7252252252252251,0.08725761757005011,0.1862110287562764
cosine,3,7,0.5675675675675675,0.5675675675675675,0.7432432432432432,0.09969105583362893,0.17537315977573098
euclidean,3,7,0.5135135135135135,0.5135135135135135,0.8018018018018017,0.11049870784738461,0.1865203199375821
pearson,3,7,0.6036036036036037,0.6036036036036037,0.7252252252252253,0.0782530205995187,0.15764126111885376
cosine,3,8,0.5135135135135134,0.5135135135135134,0.7567567567567568,0.10535479444960055,0.1882696541535948
euclidean,3,8,0.4774774774774775,0.4774774774774775,0.7792792792792792,0.11509967068147735,0.19382551423334565
pearson,3,8,0.5945945945945946,0.5945945945945946,0.6396396396396395,0.1023831289016572,0.20577952465179475
cosine,3,9,0.5315315315315315,0.5315315315315315,0.7252252252252251,0.09242439185610733,0.18770183458577563
euclidean,3,9,0.4504504504504504,0.4504504504504504,0.7432432432432432,0.11246744840087211,0.19269527368181316
pearson,3,9,0.5945945945945945,0.5945945945945945,0.7162162162162162,0.07915789599862348,0.1849719668661395
