distance,k,i,precision,recall,mrr,mae,rmse
cosine,2,0,0.5416666666666666,0.5416666666666666,0.9027777777777778,0.08705176342290273,0.149600721477089
euclidean,2,0,0.4722222222222222,0.4722222222222222,0.8055555555555556,0.10111721863750633,0.1592655839817643
pearson,2,0,0.6111111111111112,0.6111111111111112,0.7777777777777778,0.07419322941991202,0.16513300074875498
cosine,2,1,0.4861111111111111,0.4861111111111111,0.7638888888888888,0.10045570613694747,0.17992608535079957
euclidean,2,1,0.4444444444444444,0.4444444444444444,0.7638888888888888,0.10657465864574395,0.17505794762852836
pearson,2,1,0.5555555555555556,0.5555555555555556,0.7083333333333334,0.08128661722007849,0.1839552823908032
cosine,2,2,0.5138888888888888,0.5138888888888888,0.7916666666666666,0.08996473005079246,0.16369631687956937
euclidean,2,2,0.5138888888888888,0.5138888888888888,0.7638888888888888,0.10041665204677658,0.16870490366763513
pearson,2,2,0.5694444444444444,0.5694444444444444,0.7638888888888888,0.06550769243224236,0.15525098733545745
cosine,2,3,0.5833333333333334,0.5833333333333334,0.7777777777777778,0.09289213887448909,0.16293470468333374
euclidean,2,3,0.5833333333333334,0.5833333333333334,0.8611111111111112,0.0959406268764645,0.15862358387765457
pearson,2,3,0.5277777777777778,0.5277777777777778,0.625,0.08158411579619762,0.17559320532168254
cosine,2,4,0.5277777777777778,0.5277777777777778,0.7777777777777778,0.09840144993900485,0.16640511709909742
euclidean,2,4,0.5277777777777778,0.5277777777777778,0.7916666666666666,0.11612975643660862,0.17386475144903124
pearson,2,4,0.5277777777777778,0.5277777777777778,0.7361111111111112,0.07125116096859861,0.17041279700524856
cosine,2,5,0.5833333333333334,0.5833333333333334,0.7777777777777778,0.08654782183170533,0.1544943562634894
euclidean,2,5,0.5,0.5,0.7361111111111112,0.10160385122605754,0.16734563153749882
pearson,2,5,0.5833333333333334,0.5833333333333334,0.7222222222222222,0.06523189067365322,0.15339653434575004
cosine,2,6,0.5555555555555556,0.5555555555555556,0.7638888888888888,0.09364288102783887,0.18349417826698594
euclidean,2,6,0.5,0.5,0.75,0.10929661282677719,0.1902466293153881
pearson,2,6,0.5138888888888888,0.5138888888888888,0.6527777777777778,0.07829403693318865,0.1937426311024785
cosine,2,7,0.5694444444444444,0.5694444444444444,0.8611111111111112,0.08005748704591391,0.15633105690999566
euclidean,2,7,0.4861111111111111,0.4861111111111111,0.7638888888888888,0.09383974018388636,0.16206125813906405
pearson,2,7,0.5972222222222222,0.5972222222222222,0.7361111111111112,0.0738175455932733,0.1737806840843691
cosine,2,8,0.5277777777777778,0.5277777777777778,0.7777777777777778,0.09411525469165251,0.17718167445252705
euclidean,2,8,0.5138888888888888,0.5138888888888888,0.75,0.1100323328646696,0.18755063323981924
pearson,2,8,0.5277777777777778,0.5277777777777778,0.6805555555555556,0.08597050815256564,0.19649720438569168
cosine,2,9,0.5277777777777778,0.5277777777777778,0.6805555555555556,0.09235700780683873,0.17073343577185662
euclidean,2,9,0.5277777777777778,0.5277777777777778,0.7361111111111112,0.10051486853942063,0.15949222669494592
pearson,2,9,0.5,0.5,0.6111111111111112,0.07861299799877738,0.1743220943831312
