distance,k,i,precision,recall,mrr,mae,rmse
cosine,1,0,0.7631578947368421,0.7631578947368421,0.7631578947368421,0.09097881036902336,0.16884838041755573
euclidean,1,0,0.631578947368421,0.631578947368421,0.631578947368421,0.10829455982096173,0.17896656091245922
pearson,1,0,0.6578947368421053,0.6578947368421053,0.6578947368421053,0.07877848284310854,0.187800006058393
cosine,1,1,0.5789473684210527,0.5789473684210527,0.5789473684210527,0.0996043374322547,0.18289374524434215
euclidean,1,1,0.6052631578947368,0.6052631578947368,0.6052631578947368,0.11683941416277666,0.1923275121382474
pearson,1,1,0.5789473684210527,0.5789473684210527,0.5789473684210527,0.07606407419244,0.1750278014930341
cosine,1,2,0.631578947368421,0.631578947368421,0.631578947368421,0.09868239168206222,0.19235323894775846
euclidean,1,2,0.7105263157894737,0.7105263157894737,0.7105263157894737,0.10901238972884209,0.1832801765888908
pearson,1,2,0.5789473684210527,0.5789473684210527,0.5789473684210527,0.0897454064492666,0.20096386095884616
cosine,1,3,0.5526315789473685,0.5526315789473685,0.5526315789473685,0.10901876411104047,0.21182575057355443
euclidean,1,3,0.6842105263157895,0.6842105263157895,0.6842105263157895,0.1063860398324972,0.19829406351712228
pearson,1,3,0.5789473684210527,0.5789473684210527,0.5789473684210527,0.0983371208283395,0.21841081474595778
cosine,1,4,0.6842105263157895,0.6842105263157895,0.6842105263157895,0.09811876731992655,0.17772229156198577
euclidean,1,4,0.6842105263157895,0.6842105263157895,0.6842105263157895,0.10887083225734168,0.18392696110626833
pearson,1,4,0.5789473684210527,0.5789473684210527,0.5789473684210527,0.07834505266827885,0.18426733538813955
cosine,1,5,0.6842105263157895,0.6842105263157895,0.6842105263157895,0.10885674405434834,0.1909593574601234
euclidean,1,5,0.6578947368421053,0.6578947368421053,0.6578947368421053,0.11809546929357827,0.19056064534284725
pearson,1,5,0.6578947368421053,0.6578947368421053,0.6578947368421053,0.0867833138536554,0.19276870095611034
cosine,1,6,0.6052631578947368,0.6052631578947368,0.6052631578947368,0.08473537881590247,0.15240611067957124
euclidean,1,6,0.5789473684210527,0.5789473684210527,0.5789473684210527,0.1052785263581963,0.1666456027467793
pearson,1,6,0.631578947368421,0.631578947368421,0.631578947368421,0.07327057092126373,0.15549905569156497
cosine,1,7,0.6842105263157895,0.6842105263157895,0.6842105263157895,0.09069655884350455,0.1739770296708587
euclidean,1,7,0.7368421052631579,0.7368421052631579,0.7368421052631579,0.09444161797499079,0.1580102605374716
pearson,1,7,0.6578947368421053,0.6578947368421053,0.6578947368421053,0.07058763649654785,0.16624529497151438
cosine,1,8,0.6578947368421053,0.6578947368421053,0.6578947368421053,0.0995299656564009,0.17431168435798786
euclidean,1,8,0.6052631578947368,0.6052631578947368,0.6052631578947368,0.1110476441871999,0.1774091919074703
pearson,1,8,0.6578947368421053,0.6578947368421053,0.6578947368421053,0.08847587975027378,0.19506859574666
cosine,1,9,0.8157894736842105,0.8157894736842105,0.8157894736842105,0.06855138452482404,0.11872651063831531
euclidean,1,9,0.7368421052631579,0.7368421052631579,0.7368421052631579,0.08577245450679907,0.13523907458255402
pearson,1,9,0.7631578947368421,0.7631578947368421,0.7631578947368421,0.061610384344488116,0.1274929325954229
