distance,k,i,precision,recall,mrr,mae,rmse
cosine,3,0,0.5263157894736843,0.5263157894736843,0.7543859649122807,0.09915823052411177,0.20027650103416944
euclidean,3,0,0.48245614035087725,0.48245614035087725,0.8640350877192982,0.10392000737410304,0.19064032577579115
pearson,3,0,0.5263157894736842,0.5263157894736842,0.6403508771929826,0.09313153359597345,0.2109158485686718
cosine,3,1,0.5263157894736842,0.5263157894736842,0.7850877192982457,0.09360668564153257,0.17497496155388712
euclidean,3,1,0.5175438596491226,0.5175438596491226,0.8771929824561404,0.10228314997735373,0.16900908944926324
pearson,3,1,0.6052631578947368,0.6052631578947368,0.6842105263157895,0.0847372082938564,0.18832037275293464
cosine,3,2,0.5175438596491228,0.5175438596491228,0.7982456140350876,0.0966389047742913,0.1828733349059446
euclidean,3,2,0.5087719298245613,0.5087719298245613,0.8201754385964911,0.10221787545723753,0.17735883599683733
pearson,3,2,0.5789473684210528,0.5789473684210528,0.7938596491228069,0.08200971757557886,0.17844960442686783
cosine,3,3,0.5350877192982457,0.5350877192982457,0.868421052631579,0.07776798228289859,0.14391991268874252
euclidean,3,3,0.48245614035087714,0.48245614035087714,0.8596491228070177,0.09943352315683755,0.1654207388882142
pearson,3,3,0.6228070175438596,0.6228070175438596,0.8114035087719298,0.06630104155968072,0.1568244220879782
cosine,3,4,0.5789473684210525,0.5789473684210525,0.7850877192982456,0.08166435034711844,0.1681096603616565
euclidean,3,4,0.47368421052631576,0.47368421052631576,0.8464912280701755,0.09922504698061456,0.17155475274891635
pearson,3,4,0.543859649122807,0.543859649122807,0.7017543859649122,0.078791564088305,0.18444800890577584
cosine,3,5,0.5614035087719299,0.5614035087719299,0.837719298245614,0.0878761252022563,0.17154364917585868
euclidean,3,5,0.5263157894736842,0.5263157894736842,0.8771929824561402,0.10467981514319777,0.17697237043011435
pearson,3,5,0.5964912280701755,0.5964912280701755,0.7631578947368421,0.07782103938860757,0.18538949791207887
cosine,3,6,0.5087719298245613,0.5087719298245613,0.7982456140350876,0.08159704977590249,0.1556432064777794
euclidean,3,6,0.49122807017543835,0.49122807017543835,0.8289473684210527,0.09429542085320373,0.1606987415834831
pearson,3,6,0.5438596491228069,0.5438596491228069,0.7894736842105263,0.06852080908948942,0.14767187996904688
cosine,3,7,0.5614035087719297,0.5614035087719297,0.7412280701754387,0.09422907059964145,0.18521618442395976
euclidean,3,7,0.5175438596491228,0.5175438596491228,0.7894736842105262,0.10497544630240953,0.18614184579022214
pearson,3,7,0.5964912280701755,0.5964912280701755,0.706140350877193,0.08628321467731392,0.18683068116670798
cosine,3,8,0.5175438596491228,0.5175438596491228,0.6929824561403508,0.08894642450307337,0.18286260639583213
euclidean,3,8,0.5087719298245613,0.5087719298245613,0.8026315789473685,0.09736438071363517,0.18447468948180806
pearson,3,8,0.5263157894736841,0.5263157894736841,0.5833333333333334,0.08372500185060665,0.19743613691283213
cosine,3,9,0.5350877192982457,0.5350877192982457,0.8245614035087718,0.08385451996233963,0.15694922557641544
euclidean,3,9,0.45614035087719307,0.45614035087719307,0.868421052631579,0.09685573481268467,0.16187548654086514
pearson,3,9,0.5438596491228069,0.5438596491228069,0.7982456140350876,0.06973518914144214,0.151850683484605
