distance,k,i,precision,recall,mrr,mae,rmse
cosine,1,0,0.7631578947368421,0.7631578947368421,0.7631578947368421,0.07630526465876629,0.15157545721028953
euclidean,1,0,0.868421052631579,0.868421052631579,0.868421052631579,0.08956524330507298,0.15654090070156998
pearson,1,0,0.7894736842105263,0.7894736842105263,0.7894736842105263,0.07019476885661088,0.15428331070445683
cosine,1,1,0.631578947368421,0.631578947368421,0.631578947368421,0.08767506516513435,0.18548142185572888
euclidean,1,1,0.6578947368421053,0.6578947368421053,0.6578947368421053,0.1000823927159284,0.1907018336980457
pearson,1,1,0.5526315789473685,0.5526315789473685,0.5526315789473685,0.08299814870657185,0.19491622035492936
cosine,1,3,0.631578947368421,0.631578947368421,0.631578947368421,0.10984636644177397,0.2164482630415255
euclidean,1,3,0.6842105263157895,0.6842105263157895,0.6842105263157895,0.11338662108230253,0.20846154051531834
pearson,1,3,0.5526315789473685,0.5526315789473685,0.5526315789473685,0.0961921403735256,0.22107634193431414
cosine,1,4,0.7368421052631579,0.7368421052631579,0.7368421052631579,0.07900732738432137,0.1696994300526235
euclidean,1,4,0.7631578947368421,0.7631578947368421,0.7631578947368421,0.08958593279074963,0.1606591577782076
pearson,1,4,0.7368421052631579,0.7368421052631579,0.7368421052631579,0.06755699386795619,0.1676949996986741
cosine,1,5,0.8421052631578947,0.8421052631578947,0.8421052631578947,0.06558067049596614,0.12727859582919926
euclidean,1,5,0.8157894736842105,0.8157894736842105,0.8157894736842105,0.08378485075460368,0.14737567035118815
pearson,1,5,0.868421052631579,0.868421052631579,0.868421052631579,0.052972359987382124,0.1257424383522576
cosine,1,6,0.8421052631578947,0.8421052631578947,0.8421052631578947,0.07715467643009284,0.1370971177473909
euclidean,1,6,0.7631578947368421,0.7631578947368421,0.7631578947368421,0.10204997579136955,0.17165501841237749
pearson,1,6,0.868421052631579,0.868421052631579,0.868421052631579,0.0671231363202093,0.14109550468099719
cosine,1,7,0.7894736842105263,0.7894736842105263,0.7894736842105263,0.09205707908377836,0.16747816175183144
euclidean,1,7,0.7894736842105263,0.7894736842105263,0.7894736842105263,0.10840838619207933,0.17102756964333438
pearson,1,7,0.6052631578947368,0.6052631578947368,0.6052631578947368,0.09116883553652524,0.2033767589383033
cosine,1,8,0.6842105263157895,0.6842105263157895,0.6842105263157895,0.08883274784835062,0.1663469691574134
euclidean,1,8,0.7368421052631579,0.7368421052631579,0.7368421052631579,0.097017548668991,0.16367468462911222
pearson,1,8,0.5526315789473685,0.5526315789473685,0.5526315789473685,0.08036216979532379,0.1809500267587885
cosine,1,9,0.6842105263157895,0.6842105263157895,0.6842105263157895,0.07445527308686732,0.16426382839322626
euclidean,1,9,0.7368421052631579,0.7368421052631579,0.7368421052631579,0.09025956177440136,0.168516843527922
pearson,1,9,0.7105263157894737,0.7105263157894737,0.7105263157894737,0.07598015050235712,0.17991058586018674
