distance,k,i,precision,recall,mrr,mae,rmse
cosine,2,0,0.5675675675675675,0.5675675675675675,0.8108108108108109,0.08617979289769304,0.1723118889889494
euclidean,2,0,0.5540540540540541,0.5540540540540541,0.8648648648648649,0.09219188421830615,0.16246781236342445
pearson,2,0,0.5675675675675675,0.5675675675675675,0.7567567567567568,0.0748100437355531,0.18046711375645919
cosine,2,1,0.6351351351351351,0.6351351351351351,0.8783783783783784,0.07861766138828459,0.1514045341697839
euclidean,2,1,0.5405405405405406,0.5405405405405406,0.9054054054054054,0.0904215156376231,0.15694465943744654
pearson,2,1,0.6351351351351351,0.6351351351351351,0.7972972972972973,0.06617889523699876,0.16151754708486532
cosine,2,2,0.6351351351351351,0.6351351351351351,0.8108108108108109,0.08900068059657722,0.1609843899240464
euclidean,2,2,0.6081081081081081,0.6081081081081081,0.8378378378378378,0.10193640925388549,0.1674951303005036
pearson,2,2,0.6486486486486487,0.6486486486486487,0.7702702702702703,0.07900750410028687,0.1647908462812832
cosine,2,3,0.6081081081081081,0.6081081081081081,0.7297297297297297,0.1047500435674714,0.17178247613219494
euclidean,2,3,0.5540540540540541,0.5540540540540541,0.7972972972972973,0.11892798315786114,0.17896550421755777
pearson,2,3,0.5540540540540541,0.5540540540540541,0.6891891891891891,0.09207772227299647,0.17957604799423516
cosine,2,4,0.6081081081081081,0.6081081081081081,0.6891891891891891,0.09379435542623044,0.18487385760068897
euclidean,2,4,0.581081081081081,0.581081081081081,0.7432432432432432,0.09815653660975032,0.17551538312647905
pearson,2,4,0.5675675675675675,0.5675675675675675,0.6216216216216216,0.08576837240140411,0.18902889389303845
cosine,2,5,0.5945945945945946,0.5945945945945946,0.7702702702702703,0.09943523901052087,0.18512024786795223
euclidean,2,5,0.5135135135135135,0.5135135135135135,0.7702702702702703,0.1204203751629201,0.19625843000367665
pearson,2,5,0.5945945945945946,0.5945945945945946,0.6486486486486487,0.09502805594018626,0.20281288449118232
cosine,2,6,0.5405405405405406,0.5405405405405406,0.6891891891891891,0.09482531303266799,0.1918058186915925
euclidean,2,6,0.5675675675675675,0.5675675675675675,0.7702702702702703,0.10646393704968055,0.18716927959955434
pearson,2,6,0.5135135135135135,0.5135135135135135,0.5945945945945946,0.08656145853760522,0.20182509992215944
cosine,2,7,0.6486486486486487,0.6486486486486487,0.8108108108108109,0.09181925948311359,0.18050646233115983
euclidean,2,7,0.5,0.5,0.7972972972972973,0.10503972668690417,0.18918096180206945
pearson,2,7,0.6216216216216216,0.6216216216216216,0.6486486486486487,0.09139880292382684,0.21621677143440343
cosine,2,8,0.6216216216216216,0.6216216216216216,0.8783783783783784,0.0745906111039039,0.14461167482069667
euclidean,2,8,0.5945945945945946,0.5945945945945946,0.8243243243243243,0.08892318269963789,0.15310174466229262
pearson,2,8,0.581081081081081,0.581081081081081,0.7567567567567568,0.07792703213343552,0.1779559944767087
cosine,2,9,0.5675675675675675,0.5675675675675675,0.7702702702702703,0.0809877226021599,0.15382181931139408
euclidean,2,9,0.5540540540540541,0.5540540540540541,0.8243243243243243,0.09199867629676453,0.15282299429659288
pearson,2,9,0.5540540540540541,0.5540540540540541,0.7432432432432432,0.06632013456063303,0.14274453780646898
