distance,k,i,precision,recall,mrr,mae,rmse
cosine,2,0,0.618421052631579,0.618421052631579,0.7631578947368421,0.0890129564761502,0.17366611380292515
euclidean,2,0,0.5131578947368421,0.5131578947368421,0.8026315789473685,0.10538139755820962,0.17953933033005876
pearson,2,0,0.6578947368421053,0.6578947368421053,0.7105263157894737,0.07491303464834921,0.16915110584606766
cosine,2,1,0.6447368421052632,0.6447368421052632,0.7894736842105263,0.09437037442987453,0.16345038481668853
euclidean,2,1,0.5657894736842105,0.5657894736842105,0.8289473684210527,0.1175726326119477,0.19588761952265765
pearson,2,1,0.631578947368421,0.631578947368421,0.7236842105263158,0.077698922076395,0.1674000671555703
cosine,2,2,0.6578947368421053,0.6578947368421053,0.8289473684210527,0.09012704850766089,0.1711940701350766
euclidean,2,2,0.5657894736842105,0.5657894736842105,0.8947368421052632,0.09849865855012663,0.16699127594896113
pearson,2,2,0.6578947368421053,0.6578947368421053,0.75,0.06886031522870473,0.15962916766879656
cosine,2,3,0.6447368421052632,0.6447368421052632,0.8157894736842105,0.0778131126156996,0.1360615341316269
euclidean,2,3,0.5526315789473685,0.5526315789473685,0.8552631578947368,0.0983768681345261,0.15264054985717196
pearson,2,3,0.6710526315789473,0.6710526315789473,0.7631578947368421,0.0663079254271436,0.13566498582000638
cosine,2,4,0.618421052631579,0.618421052631579,0.8157894736842105,0.09117855964193362,0.1642834448850792
euclidean,2,4,0.5394736842105263,0.5394736842105263,0.8157894736842105,0.10710921522945345,0.18141661214133956
pearson,2,4,0.5921052631578947,0.5921052631578947,0.7763157894736842,0.07982409783664715,0.16534069607628707
cosine,2,5,0.618421052631579,0.618421052631579,0.7631578947368421,0.09718305079668124,0.18420906912263044
euclidean,2,5,0.6447368421052632,0.6447368421052632,0.8289473684210527,0.10501771638854883,0.18616881120322992
pearson,2,5,0.5657894736842105,0.5657894736842105,0.618421052631579,0.09029174571516498,0.20139488021116642
cosine,2,6,0.5789473684210527,0.5789473684210527,0.7763157894736842,0.08610133182534875,0.16044202284180104
euclidean,2,6,0.5526315789473685,0.5526315789473685,0.8421052631578947,0.09814882274796996,0.15774502378247615
pearson,2,6,0.5921052631578947,0.5921052631578947,0.7236842105263158,0.08258999113620578,0.17650387332452433
cosine,2,7,0.6578947368421053,0.6578947368421053,0.8421052631578947,0.08970825482011334,0.18380742181980023
euclidean,2,7,0.5789473684210527,0.5789473684210527,0.9210526315789473,0.09724438910084539,0.1808237105564862
pearson,2,7,0.6447368421052632,0.6447368421052632,0.6842105263157895,0.08555427705568858,0.20127753642972135
cosine,2,8,0.5789473684210527,0.5789473684210527,0.6973684210526315,0.09277163389191892,0.18406645874416144
euclidean,2,8,0.6447368421052632,0.6447368421052632,0.8421052631578947,0.09543861114858568,0.16962615299821976
pearson,2,8,0.5789473684210527,0.5789473684210527,0.6973684210526315,0.07613865654932744,0.18259270948203454
cosine,2,9,0.6052631578947368,0.6052631578947368,0.8157894736842105,0.07935348390737285,0.15567612227979613
euclidean,2,9,0.618421052631579,0.618421052631579,0.8157894736842105,0.09377548098557219,0.16608987045559712
pearson,2,9,0.5657894736842105,0.5657894736842105,0.7236842105263158,0.07105140620052768,0.16922156507545863
