distance,k,i,precision,recall,mrr,mae,rmse
cosine,3,0,0.5087719298245614,0.5087719298245614,0.7105263157894737,0.09463110704948081,0.1796780609990239
euclidean,3,0,0.46491228070175444,0.46491228070175444,0.7280701754385964,0.11001923418285489,0.18434554910558046
pearson,3,0,0.587719298245614,0.587719298245614,0.7149122807017544,0.0706902918329957,0.17103408301304474
cosine,3,1,0.5263157894736841,0.5263157894736841,0.7543859649122807,0.08803146470665024,0.1725417896848134
euclidean,3,1,0.46491228070175433,0.46491228070175433,0.7280701754385964,0.11231939844033981,0.18603473406507628
pearson,3,1,0.5701754385964911,0.5701754385964911,0.6754385964912281,0.08220543048001937,0.18396937343970068
cosine,3,2,0.5350877192982457,0.5350877192982457,0.7368421052631579,0.09319845819095435,0.1783291624318398
euclidean,3,2,0.47368421052631576,0.47368421052631576,0.7587719298245613,0.10912276428134987,0.1831899856322748
pearson,3,2,0.5350877192982456,0.5350877192982456,0.6315789473684209,0.08013301224118757,0.18777833392065885
cosine,3,3,0.5701754385964912,0.5701754385964912,0.8464912280701755,0.08204558885599939,0.15578440216164688
euclidean,3,3,0.45614035087719307,0.45614035087719307,0.8640350877192983,0.09415876592238401,0.16129530892924304
pearson,3,3,0.6140350877192983,0.6140350877192983,0.7631578947368421,0.07416644783496813,0.17072315714138334
cosine,3,4,0.49122807017543874,0.49122807017543874,0.706140350877193,0.0913165582640486,0.18362471568684346
euclidean,3,4,0.4473684210526316,0.4473684210526316,0.7280701754385964,0.11277980832302074,0.19146875193583676
pearson,3,4,0.5350877192982457,0.5350877192982457,0.6622807017543859,0.07522339656413826,0.18432353701333398
cosine,3,5,0.46491228070175433,0.46491228070175433,0.7368421052631579,0.08784345142096871,0.17062484073915413
euclidean,3,5,0.5087719298245613,0.5087719298245613,0.7982456140350876,0.1033254523103071,0.17446236111633037
pearson,3,5,0.5,0.5,0.6578947368421053,0.07747840751797783,0.18096017039139492
cosine,3,6,0.5087719298245613,0.5087719298245613,0.7675438596491228,0.09169006381553031,0.17705485852927913
euclidean,3,6,0.4736842105263157,0.4736842105263157,0.8464912280701755,0.10837414717869127,0.1776743982393018
pearson,3,6,0.587719298245614,0.587719298245614,0.6447368421052632,0.07960995276219186,0.1863749827877117
cosine,3,7,0.5175438596491228,0.5175438596491228,0.6842105263157895,0.09623699126582447,0.17933952250886653
euclidean,3,7,0.45614035087719307,0.45614035087719307,0.6973684210526315,0.1119897175798313,0.18691277904081274
pearson,3,7,0.587719298245614,0.587719298245614,0.6228070175438596,0.08339220554114161,0.17862771950140632
cosine,3,8,0.4912280701754386,0.4912280701754386,0.7192982456140351,0.10978036950665924,0.1894512783530473
euclidean,3,8,0.46491228070175444,0.46491228070175444,0.7719298245614035,0.12370161972961097,0.1969932111468486
pearson,3,8,0.5789473684210527,0.5789473684210527,0.6535087719298245,0.09190749713383817,0.19054861595056125
cosine,3,9,0.5087719298245614,0.5087719298245614,0.6140350877192983,0.10814453113064519,0.20172513616406443
euclidean,3,9,0.48245614035087714,0.48245614035087714,0.6096491228070174,0.11758435762156734,0.20407139878455544
pearson,3,9,0.5614035087719297,0.5614035087719297,0.5438596491228069,0.10620011490939986,0.21826589785485576
