distance,k,i,precision,recall,mrr,mae,rmse
cosine,2,0,0.5526315789473685,0.5526315789473685,0.75,0.08735458680003291,0.17373311949647127
euclidean,2,0,0.4605263157894737,0.4605263157894737,0.7236842105263158,0.10123874902566962,0.179446344112578
pearson,2,0,0.5526315789473685,0.5526315789473685,0.75,0.07064913265746456,0.15885491745145938
cosine,2,1,0.5526315789473685,0.5526315789473685,0.7763157894736842,0.09417420299550948,0.1589668128619895
euclidean,2,1,0.6052631578947368,0.6052631578947368,0.8157894736842105,0.09709128950289675,0.15181699683177774
pearson,2,1,0.5789473684210527,0.5789473684210527,0.6973684210526315,0.08101756693834931,0.17501604325933445
cosine,2,2,0.618421052631579,0.618421052631579,0.7236842105263158,0.08712090977484632,0.17099445403223626
euclidean,2,2,0.4868421052631579,0.4868421052631579,0.6973684210526315,0.10504243716682655,0.17842987339254843
pearson,2,2,0.6447368421052632,0.6447368421052632,0.6842105263157895,0.06887850556126406,0.16231179800415937
cosine,2,3,0.5789473684210527,0.5789473684210527,0.7631578947368421,0.09090225234091454,0.17146584693938566
euclidean,2,3,0.5394736842105263,0.5394736842105263,0.7105263157894737,0.11056956388687571,0.18558222595451765
pearson,2,3,0.5921052631578947,0.5921052631578947,0.6842105263157895,0.07836130529844178,0.1728953459700711
cosine,2,4,0.5789473684210527,0.5789473684210527,0.7763157894736842,0.07876036378651062,0.1610707770306887
euclidean,2,4,0.47368421052631576,0.47368421052631576,0.7368421052631579,0.10060652833338012,0.17387215335249862
pearson,2,4,0.5789473684210527,0.5789473684210527,0.6710526315789473,0.07733967846659924,0.17822223075965532
cosine,2,5,0.5526315789473685,0.5526315789473685,0.7763157894736842,0.09057691604386846,0.16048685415644767
euclidean,2,5,0.4605263157894737,0.4605263157894737,0.7105263157894737,0.10741934601101973,0.17012318826483003
pearson,2,5,0.5131578947368421,0.5131578947368421,0.6842105263157895,0.08181782437965002,0.1740490322718988
cosine,2,6,0.6052631578947368,0.6052631578947368,0.7763157894736842,0.08366250337472873,0.16220654007771482
euclidean,2,6,0.4868421052631579,0.4868421052631579,0.7631578947368421,0.10839880940073064,0.17625575566422838
pearson,2,6,0.6052631578947368,0.6052631578947368,0.7236842105263158,0.06917555589557747,0.15693929348763544
cosine,2,7,0.5657894736842105,0.5657894736842105,0.7631578947368421,0.09245793547139099,0.17851332555782398
euclidean,2,7,0.5657894736842105,0.5657894736842105,0.7631578947368421,0.10289397168374778,0.1760917570350502
pearson,2,7,0.6052631578947368,0.6052631578947368,0.6842105263157895,0.08302458989283046,0.19344850960201176
cosine,2,8,0.5131578947368421,0.5131578947368421,0.631578947368421,0.10936808734342673,0.19874494686745692
euclidean,2,8,0.5394736842105263,0.5394736842105263,0.6710526315789473,0.11449141631360378,0.19081267602027263
pearson,2,8,0.5789473684210527,0.5789473684210527,0.5526315789473685,0.09359066318564539,0.20013246020716735
cosine,2,9,0.5921052631578947,0.5921052631578947,0.7631578947368421,0.07851610783824571,0.13915003418900276
euclidean,2,9,0.5,0.5,0.8026315789473685,0.09886732076851218,0.154681912330279
pearson,2,9,0.6052631578947368,0.6052631578947368,0.7236842105263158,0.07495884314767129,0.1582482240420063
