distance,k,i,precision,recall,mrr,mae,rmse
cosine,1,0,0.7567567567567568,0.7567567567567568,0.7567567567567568,0.09135281106818917,0.17574624061973804
euclidean,1,0,0.7297297297297297,0.7297297297297297,0.7297297297297297,0.10099125067096765,0.1723388754494278
pearson,1,0,0.7297297297297297,0.7297297297297297,0.7297297297297297,0.07722149853381097,0.17610635406774852
cosine,1,1,0.7297297297297297,0.7297297297297297,0.7297297297297297,0.07071663746912261,0.1391324629820675
euclidean,1,1,0.7837837837837838,0.7837837837837838,0.7837837837837838,0.08299007926449241,0.14239563169756614
pearson,1,1,0.6756756756756757,0.6756756756756757,0.6756756756756757,0.07021280187252343,0.15778665977901607
cosine,1,2,0.5405405405405406,0.5405405405405406,0.5405405405405406,0.10744773820955049,0.19527256262420614
euclidean,1,2,0.5945945945945946,0.5945945945945946,0.5945945945945946,0.11553117887815664,0.19121242275243683
pearson,1,2,0.5675675675675675,0.5675675675675675,0.5675675675675675,0.09365306257895328,0.19855804750350758
cosine,1,3,0.7027027027027027,0.7027027027027027,0.7027027027027027,0.08760303331663928,0.16732605216246865
euclidean,1,3,0.7027027027027027,0.7027027027027027,0.7027027027027027,0.10632932819590535,0.17329946709343894
pearson,1,3,0.7027027027027027,0.7027027027027027,0.7027027027027027,0.07482036732313992,0.15961084481348345
cosine,1,4,0.7027027027027027,0.7027027027027027,0.7027027027027027,0.0896603347253822,0.1739312060168018
euclidean,1,4,0.7567567567567568,0.7567567567567568,0.7567567567567568,0.1139227162557392,0.19154699444841106
pearson,1,4,0.6486486486486487,0.6486486486486487,0.6486486486486487,0.08138486850459974,0.18285254730862519
cosine,1,6,0.7297297297297297,0.7297297297297297,0.7297297297297297,0.09043665133196307,0.18464881256277205
euclidean,1,6,0.6756756756756757,0.6756756756756757,0.6756756756756757,0.10256890851686351,0.1857836823392996
pearson,1,6,0.6486486486486487,0.6486486486486487,0.6486486486486487,0.08926782647454934,0.1953637470831811
cosine,1,7,0.7297297297297297,0.7297297297297297,0.7297297297297297,0.08791947096423551,0.1731974594819859
euclidean,1,7,0.8108108108108109,0.8108108108108109,0.8108108108108109,0.09991161461347238,0.17333436666486587
pearson,1,7,0.6756756756756757,0.6756756756756757,0.6756756756756757,0.0746142946010474,0.17893958425352233
cosine,1,8,0.7567567567567568,0.7567567567567568,0.7567567567567568,0.0871912498661958,0.15739490892130054
euclidean,1,8,0.8378378378378378,0.8378378378378378,0.8378378378378378,0.10282739899721838,0.15722454740353758
pearson,1,8,0.7567567567567568,0.7567567567567568,0.7567567567567568,0.07716293080224541,0.15451816561785717
cosine,1,9,0.6756756756756757,0.6756756756756757,0.6756756756756757,0.09666496791999682,0.18016689847407122
euclidean,1,9,0.7297297297297297,0.7297297297297297,0.7297297297297297,0.11280064915408415,0.18001959200002365
pearson,1,9,0.6216216216216216,0.6216216216216216,0.6216216216216216,0.08877626825933499,0.18771683316386983
