distance,k,i,precision,recall,mrr,mae,rmse
cosine,3,0,0.4444444444444444,0.4444444444444444,0.7314814814814815,0.10000552423903121,0.19197848139021945
euclidean,3,0,0.4259259259259259,0.4259259259259259,0.787037037037037,0.10683080734323544,0.18706846487279194
pearson,3,0,0.5,0.5,0.7037037037037037,0.07572559500194125,0.17887859098778577
cosine,3,1,0.48148148148148134,0.48148148148148134,0.7453703703703705,0.09833466749644536,0.17466017697324523
euclidean,3,1,0.38888888888888895,0.38888888888888895,0.787037037037037,0.10998932614765611,0.17738323506025763
pearson,3,1,0.5185185185185185,0.5185185185185185,0.7268518518518517,0.0697327497954502,0.16589558208250163
cosine,3,2,0.5555555555555557,0.5555555555555557,0.7916666666666666,0.09326174922021103,0.17025787287867908
euclidean,3,2,0.5185185185185186,0.5185185185185186,0.8611111111111112,0.1044553656997941,0.16898227777195005
pearson,3,2,0.5370370370370371,0.5370370370370371,0.7268518518518517,0.07619129472445392,0.17327412964969155
cosine,3,3,0.49074074074074076,0.49074074074074076,0.7731481481481481,0.09289948967727765,0.19057942079534798
euclidean,3,3,0.45370370370370366,0.45370370370370366,0.7685185185185185,0.10624430314051521,0.19480278565614378
pearson,3,3,0.5925925925925926,0.5925925925925926,0.6851851851851852,0.07959008445825824,0.20270059584808486
cosine,3,4,0.5092592592592591,0.5092592592592591,0.8055555555555556,0.08430824465619602,0.16684825756416893
euclidean,3,4,0.4722222222222222,0.4722222222222222,0.7268518518518517,0.09917864193728367,0.17343157315304006
pearson,3,4,0.5648148148148149,0.5648148148148149,0.7592592592592592,0.06736992162245772,0.16416269705853032
cosine,3,5,0.462962962962963,0.462962962962963,0.8379629629629629,0.08799400304372032,0.1628585699280818
euclidean,3,5,0.4537037037037038,0.4537037037037038,0.8287037037037037,0.10945531244936077,0.1787495276862583
pearson,3,5,0.462962962962963,0.462962962962963,0.7175925925925926,0.0723104938964364,0.17364829558577263
cosine,3,6,0.5462962962962963,0.5462962962962963,0.7638888888888888,0.0920612494626803,0.15647653825653846
euclidean,3,6,0.49074074074074076,0.49074074074074076,0.8240740740740741,0.1067201400372491,0.16518062753413734
pearson,3,6,0.5555555555555556,0.5555555555555556,0.7222222222222221,0.08230578350276987,0.16963365940254194
cosine,3,7,0.48148148148148157,0.48148148148148157,0.8842592592592592,0.08364520454296555,0.1585208978614396
euclidean,3,7,0.4166666666666667,0.4166666666666667,0.8194444444444443,0.10344356224995273,0.17649153922820943
pearson,3,7,0.5648148148148147,0.5648148148148147,0.7037037037037037,0.08050535153049251,0.1928438614664843
cosine,3,8,0.5092592592592593,0.5092592592592593,0.787037037037037,0.08481727175060211,0.15933634943203945
euclidean,3,8,0.4722222222222222,0.4722222222222222,0.8333333333333334,0.10125564510469648,0.17014884595673682
pearson,3,8,0.5648148148148149,0.5648148148148149,0.6990740740740741,0.07207381010512548,0.1744143257135877
cosine,3,9,0.5277777777777777,0.5277777777777777,0.7129629629629629,0.09869727060673393,0.19204840047704594
euclidean,3,9,0.4907407407407407,0.4907407407407407,0.6666666666666666,0.10446860735918825,0.19087854534200047
pearson,3,9,0.5555555555555556,0.5555555555555556,0.611111111111111,0.0886838187895575,0.19948839592186907
