distance,k,i,precision,recall,mrr,mae,rmse
cosine,1,0,0.7777777777777778,0.7777777777777778,0.7777777777777778,0.08306683855286712,0.1469199128250259
euclidean,1,0,0.75,0.75,0.75,0.09794246766354132,0.15745783065485805
pearson,1,0,0.6666666666666666,0.6666666666666666,0.6666666666666666,0.06925290282350048,0.17128903437038773
cosine,1,1,0.7222222222222222,0.7222222222222222,0.7222222222222222,0.08806541600744246,0.1613857044246807
euclidean,1,1,0.6944444444444444,0.6944444444444444,0.6944444444444444,0.10206855110079548,0.17097977051936214
pearson,1,1,0.6666666666666666,0.6666666666666666,0.6666666666666666,0.07402118394418704,0.16654117406774516
cosine,1,2,0.5833333333333334,0.5833333333333334,0.5833333333333334,0.09590181434748361,0.19754272579326995
euclidean,1,2,0.6388888888888888,0.6388888888888888,0.6388888888888888,0.10418867631833476,0.19894953540347146
pearson,1,2,0.5,0.5,0.5,0.09238889404404822,0.2191324523040401
cosine,1,3,0.6944444444444444,0.6944444444444444,0.6944444444444444,0.09793462842005536,0.18213948942592953
euclidean,1,3,0.75,0.75,0.75,0.106178111792689,0.17816402442330742
pearson,1,3,0.6111111111111112,0.6111111111111112,0.6111111111111112,0.0837355647371646,0.19082004497942712
cosine,1,4,0.6944444444444444,0.6944444444444444,0.6944444444444444,0.08153636917685912,0.15930444153475118
euclidean,1,4,0.75,0.75,0.75,0.09910108774667711,0.1676546918663892
pearson,1,4,0.75,0.75,0.75,0.06604911095413886,0.15303938782958637
cosine,1,5,0.75,0.75,0.75,0.07477770694266805,0.13185317497682608
euclidean,1,5,0.75,0.75,0.75,0.09589466791323381,0.15065965423013186
pearson,1,5,0.8611111111111112,0.8611111111111112,0.8611111111111112,0.054853608658996404,0.11694471482362052
cosine,1,6,0.75,0.75,0.75,0.0881563665158398,0.17303131932239413
euclidean,1,6,0.7222222222222222,0.7222222222222222,0.7222222222222222,0.09592881798444888,0.17082001307614286
pearson,1,6,0.6111111111111112,0.6111111111111112,0.6111111111111112,0.08040970894233936,0.18662445312192122
cosine,1,7,0.6388888888888888,0.6388888888888888,0.6388888888888888,0.10123411135705654,0.2011644585959535
euclidean,1,7,0.6666666666666666,0.6666666666666666,0.6666666666666666,0.11031776465961357,0.20010959888994562
pearson,1,7,0.5833333333333334,0.5833333333333334,0.5833333333333334,0.08088504599348914,0.19617767458868393
cosine,1,8,0.6388888888888888,0.6388888888888888,0.6388888888888888,0.0927388712190571,0.17802400995471085
euclidean,1,8,0.6111111111111112,0.6111111111111112,0.6111111111111112,0.11311116933472631,0.1841588298358
pearson,1,8,0.6111111111111112,0.6111111111111112,0.6111111111111112,0.07336955394120298,0.17196284544851756
cosine,1,9,0.5833333333333334,0.5833333333333334,0.5833333333333334,0.10633074809520565,0.20383149473520512
euclidean,1,9,0.6111111111111112,0.6111111111111112,0.6111111111111112,0.11353123745242237,0.20513837522501832
pearson,1,9,0.5555555555555556,0.5555555555555556,0.5555555555555556,0.09265291927425107,0.2111562995228117
