distance,k,i,precision,recall,mrr,mae,rmse
cosine,1,0,0.7058823529411765,0.7058823529411765,0.7058823529411765,0.1380898529274133,0.2538893887901293
euclidean,1,0,0.6470588235294118,0.6470588235294118,0.6470588235294118,0.1493738549066032,0.2559942954143087
pearson,1,0,0.6176470588235294,0.6176470588235294,0.6176470588235294,0.10783669276773657,0.26362504423848937
cosine,1,1,0.6470588235294118,0.6470588235294118,0.6470588235294118,0.1334615675761928,0.2446940896105331
euclidean,1,1,0.6764705882352942,0.6764705882352942,0.6764705882352942,0.14936360096784196,0.2524784162507844
pearson,1,1,0.5588235294117647,0.5588235294117647,0.5588235294117647,0.11060183752953967,0.2600914279895343
cosine,1,2,0.7352941176470589,0.7352941176470589,0.7352941176470589,0.10782695465835285,0.2023653291439798
euclidean,1,2,0.6470588235294118,0.6470588235294118,0.6470588235294118,0.12769510279894422,0.2176669018669979
pearson,1,2,0.6764705882352942,0.6764705882352942,0.6764705882352942,0.08408366910239602,0.21158117046513106
cosine,1,3,0.7058823529411765,0.7058823529411765,0.7058823529411765,0.10410861208799572,0.17712039044210245
euclidean,1,3,0.6470588235294118,0.6470588235294118,0.6470588235294118,0.12990396756895023,0.20510580339618562
pearson,1,3,0.7058823529411765,0.7058823529411765,0.7058823529411765,0.07697696371116161,0.18294394134113118
cosine,1,4,0.6764705882352942,0.6764705882352942,0.6764705882352942,0.10972219211711479,0.20761804556259716
euclidean,1,4,0.6764705882352942,0.6764705882352942,0.6764705882352942,0.12747789029770795,0.2247889262076411
pearson,1,4,0.6470588235294118,0.6470588235294118,0.6470588235294118,0.0950334339690327,0.22287447701676635
cosine,1,5,0.5882352941176471,0.5882352941176471,0.5882352941176471,0.14047907919066652,0.25014910468392487
euclidean,1,5,0.47058823529411764,0.47058823529411764,0.47058823529411764,0.1588393297573694,0.25721849380921213
pearson,1,5,0.5882352941176471,0.5882352941176471,0.5882352941176471,0.11176281242394132,0.25560903450579736
cosine,1,6,0.6764705882352942,0.6764705882352942,0.6764705882352942,0.12562698857905857,0.24095664680197046
euclidean,1,6,0.6176470588235294,0.6176470588235294,0.6176470588235294,0.142919894755956,0.24619858026027172
pearson,1,6,0.6176470588235294,0.6176470588235294,0.6176470588235294,0.09703371450820832,0.24507245676054087
cosine,1,7,0.7352941176470589,0.7352941176470589,0.7352941176470589,0.1207752319340421,0.20606982496663195
euclidean,1,7,0.6470588235294118,0.6470588235294118,0.6470588235294118,0.14107776924127388,0.2249084838401257
pearson,1,7,0.6176470588235294,0.6176470588235294,0.6176470588235294,0.10237235073082555,0.23924043151602245
cosine,1,8,0.6470588235294118,0.6470588235294118,0.6470588235294118,0.1304645614744335,0.2130396963946886
euclidean,1,8,0.7352941176470589,0.7352941176470589,0.7352941176470589,0.1359715687283628,0.22071088703951405
pearson,1,8,0.6470588235294118,0.6470588235294118,0.6470588235294118,0.09743865317542189,0.22083712825099291
cosine,1,9,0.7941176470588235,0.7941176470588235,0.7941176470588235,0.11099751507249643,0.2195903210917128
euclidean,1,9,0.7647058823529411,0.7647058823529411,0.7647058823529411,0.11957753030801573,0.2231422564160691
pearson,1,9,0.7058823529411765,0.7058823529411765,0.7058823529411765,0.09665454278415035,0.23908116047417874
cosine,1,10,0.7058823529411765,0.7058823529411765,0.7058823529411765,0.1376421915378337,0.24366278129808028
euclidean,1,10,0.6470588235294118,0.6470588235294118,0.6470588235294118,0.1547456957200006,0.2574132355000548
pearson,1,10,0.7058823529411765,0.7058823529411765,0.7058823529411765,0.08544192181717798,0.21749527312849057
cosine,1,11,0.5588235294117647,0.5588235294117647,0.5588235294117647,0.14164727865932625,0.25329561702299236
euclidean,1,11,0.5294117647058824,0.5294117647058824,0.5294117647058824,0.146110240115403,0.2467796785444714
pearson,1,11,0.5294117647058824,0.5294117647058824,0.5294117647058824,0.12103031268514765,0.2740674236652211
cosine,1,12,0.7058823529411765,0.7058823529411765,0.7058823529411765,0.114691728617826,0.21426737629092413
euclidean,1,12,0.6470588235294118,0.6470588235294118,0.6470588235294118,0.13104149249811042,0.22613030723565186
pearson,1,12,0.6764705882352942,0.6764705882352942,0.6764705882352942,0.09252608182226803,0.23552966323091643
cosine,1,13,0.7058823529411765,0.7058823529411765,0.7058823529411765,0.11357302839967497,0.21208688893290448
euclidean,1,13,0.6764705882352942,0.6764705882352942,0.6764705882352942,0.12342908563516004,0.2130945128922196
pearson,1,13,0.7352941176470589,0.7352941176470589,0.7352941176470589,0.0875795307719895,0.20690880155192895
cosine,1,14,0.6470588235294118,0.6470588235294118,0.6470588235294118,0.12166285015071224,0.23748919302145602
euclidean,1,14,0.7058823529411765,0.7058823529411765,0.7058823529411765,0.12511983678650326,0.23503770178100328
pearson,1,14,0.5588235294117647,0.5588235294117647,0.5588235294117647,0.10065908637557415,0.2465033593526594
cosine,1,15,0.8235294117647058,0.8235294117647058,0.8235294117647058,0.13311445607563308,0.2388156867178383
euclidean,1,15,0.6764705882352942,0.6764705882352942,0.6764705882352942,0.14031987685865444,0.24391257348892526
pearson,1,15,0.6176470588235294,0.6176470588235294,0.6176470588235294,0.10533065092874726,0.2658746442008959
cosine,1,16,0.7058823529411765,0.7058823529411765,0.7058823529411765,0.12631332061202488,0.2140844692888553
euclidean,1,16,0.6470588235294118,0.6470588235294118,0.6470588235294118,0.14038202079394582,0.22646097110781685
pearson,1,16,0.7058823529411765,0.7058823529411765,0.7058823529411765,0.08265013296751934,0.19485454863215676
cosine,1,17,0.7058823529411765,0.7058823529411765,0.7058823529411765,0.13033791573442724,0.23413873709877936
euclidean,1,17,0.6764705882352942,0.6764705882352942,0.6764705882352942,0.1428283948628081,0.23838885058476866
pearson,1,17,0.5882352941176471,0.5882352941176471,0.5882352941176471,0.0995023466710513,0.24633250494384634
cosine,1,18,0.6764705882352942,0.6764705882352942,0.6764705882352942,0.1356996631563798,0.2509429848957744
euclidean,1,18,0.6470588235294118,0.6470588235294118,0.6470588235294118,0.13937390050551024,0.25455497829876383
pearson,1,18,0.5294117647058824,0.5294117647058824,0.5294117647058824,0.11620595547614408,0.2714992459322748
cosine,1,19,0.7058823529411765,0.7058823529411765,0.7058823529411765,0.12262121487533575,0.19871882721639633
euclidean,1,19,0.6470588235294118,0.6470588235294118,0.6470588235294118,0.1382539624810574,0.2262324292857965
pearson,1,19,0.7352941176470589,0.7352941176470589,0.7352941176470589,0.09089677213551399,0.2009554972376761
