distance,k,i,precision,recall,mrr,mae,rmse
cosine,2,0,0.5294117647058824,0.5294117647058824,0.8823529411764706,0.10760174089209731,0.19743686792801202
euclidean,2,0,0.4852941176470588,0.4852941176470588,0.8382352941176471,0.12688140856950686,0.2050118740074356
pearson,2,0,0.5735294117647058,0.5735294117647058,0.9705882352941176,0.08698246516010343,0.21862778944452263
cosine,2,1,0.45588235294117646,0.45588235294117646,0.75,0.1363105491968848,0.23658861631679204
euclidean,2,1,0.4852941176470588,0.4852941176470588,0.7352941176470589,0.14150811016218465,0.23614191040031696
pearson,2,1,0.6029411764705882,0.6029411764705882,0.9264705882352942,0.09913430098296115,0.24453749275566838
cosine,2,2,0.47058823529411764,0.47058823529411764,0.75,0.13372529304167804,0.2284639969585537
euclidean,2,2,0.45588235294117646,0.45588235294117646,0.7941176470588235,0.14824365528211272,0.2361281408598489
pearson,2,2,0.6176470588235294,0.6176470588235294,0.9411764705882353,0.09955077759937475,0.2523575563745457
cosine,2,3,0.4852941176470588,0.4852941176470588,0.8382352941176471,0.12181486624420076,0.20690876035009298
euclidean,2,3,0.47058823529411764,0.47058823529411764,0.8235294117647058,0.1381532736129539,0.21945815120825332
pearson,2,3,0.5294117647058824,0.5294117647058824,0.9264705882352942,0.09750349557743429,0.20633300992378492
cosine,2,4,0.5588235294117647,0.5588235294117647,0.8970588235294118,0.12306032168348394,0.2121756724610312
euclidean,2,4,0.5,0.5,0.7941176470588235,0.13433240138440275,0.22399900933684672
pearson,2,4,0.6029411764705882,0.6029411764705882,0.9264705882352942,0.10448888781212223,0.23286390429648063
cosine,2,5,0.6029411764705882,0.6029411764705882,0.9117647058823529,0.10903549489341037,0.2113117264788179
euclidean,2,5,0.5882352941176471,0.5882352941176471,0.8823529411764706,0.12421032816885814,0.21241939258585665
pearson,2,5,0.6029411764705882,0.6029411764705882,0.9117647058823529,0.09868705828576504,0.2189424251885882
cosine,2,6,0.5735294117647058,0.5735294117647058,0.8823529411764706,0.12288311612863433,0.20977645573313863
euclidean,2,6,0.5,0.5,0.8529411764705882,0.12831725234008684,0.20801539274667785
pearson,2,6,0.6176470588235294,0.6176470588235294,0.9264705882352942,0.08896269515834364,0.2205088476297138
cosine,2,7,0.6029411764705882,0.6029411764705882,0.8529411764705882,0.11948863667322056,0.21767769582349025
euclidean,2,7,0.4852941176470588,0.4852941176470588,0.7794117647058824,0.1428121063526779,0.23580224036074424
pearson,2,7,0.6176470588235294,0.6176470588235294,0.9264705882352942,0.09448733201615427,0.23346398845927005
cosine,2,8,0.5882352941176471,0.5882352941176471,0.8823529411764706,0.11563351726287226,0.19718812693994286
euclidean,2,8,0.5147058823529411,0.5147058823529411,0.7941176470588235,0.13634962054434263,0.21167560658529003
pearson,2,8,0.6470588235294118,0.6470588235294118,0.9852941176470589,0.0922679420703528,0.2178875491376424
cosine,2,9,0.5,0.5,0.8235294117647058,0.1351691143412968,0.2563990940439315
euclidean,2,9,0.45588235294117646,0.45588235294117646,0.7205882352941176,0.14654362055014458,0.25813951535337243
pearson,2,9,0.5588235294117647,0.5588235294117647,0.9117647058823529,0.08996775782447898,0.22159857004691685
cosine,2,10,0.5588235294117647,0.5588235294117647,0.8676470588235294,0.11008173108258279,0.2189025603444067
euclidean,2,10,0.47058823529411764,0.47058823529411764,0.7647058823529411,0.12329318829850143,0.2201803994760819
pearson,2,10,0.6029411764705882,0.6029411764705882,0.9117647058823529,0.09096888522644409,0.2340845130407821
cosine,2,11,0.4852941176470588,0.4852941176470588,0.7941176470588235,0.13657990657049784,0.2566967445642441
euclidean,2,11,0.5,0.5,0.7941176470588235,0.13620740952787153,0.24787341455969678
pearson,2,11,0.5441176470588235,0.5441176470588235,0.9264705882352942,0.11341608523924944,0.26298325538239886
cosine,2,12,0.5294117647058824,0.5294117647058824,0.8676470588235294,0.1236895305254296,0.20797250377162285
euclidean,2,12,0.4852941176470588,0.4852941176470588,0.8088235294117647,0.12438022717726833,0.19818927540419423
pearson,2,12,0.5882352941176471,0.5882352941176471,0.9705882352941176,0.08817440108991663,0.21032245337253658
cosine,2,13,0.5294117647058824,0.5294117647058824,0.9117647058823529,0.1264409864708489,0.23299402624009263
euclidean,2,13,0.5,0.5,0.7941176470588235,0.13560204581245033,0.22997614701066169
pearson,2,13,0.5735294117647058,0.5735294117647058,0.9705882352941176,0.10791817774468757,0.2559747720792666
cosine,2,14,0.5147058823529411,0.5147058823529411,0.8382352941176471,0.12688690693233703,0.21530252685244067
euclidean,2,14,0.47058823529411764,0.47058823529411764,0.8529411764705882,0.1360712888655069,0.2151027364430152
pearson,2,14,0.5735294117647058,0.5735294117647058,0.8676470588235294,0.12006114709424784,0.26602659825023584
cosine,2,15,0.5735294117647058,0.5735294117647058,0.8382352941176471,0.12027408614669888,0.22811059053416893
euclidean,2,15,0.4411764705882353,0.4411764705882353,0.7205882352941176,0.139918816662522,0.2403616755050667
pearson,2,15,0.6176470588235294,0.6176470588235294,0.9852941176470589,0.09993649330049514,0.23907717973636583
cosine,2,16,0.5294117647058824,0.5294117647058824,0.8970588235294118,0.11623360466576749,0.20782399122057102
euclidean,2,16,0.4411764705882353,0.4411764705882353,0.7352941176470589,0.1319240467644527,0.2163273730252174
pearson,2,16,0.6029411764705882,0.6029411764705882,0.9852941176470589,0.08677087677704691,0.2059642576870026
cosine,2,17,0.5441176470588235,0.5441176470588235,0.75,0.15246026362483453,0.2733243861868722
euclidean,2,17,0.5,0.5,0.7352941176470589,0.1601937350394631,0.26572563795188986
pearson,2,17,0.5147058823529411,0.5147058823529411,0.8088235294117647,0.1363653147294314,0.2907643130678898
cosine,2,18,0.5441176470588235,0.5441176470588235,0.9264705882352942,0.1226894064079061,0.19865417811236172
euclidean,2,18,0.5294117647058824,0.5294117647058824,0.8382352941176471,0.13100844279825694,0.20816763161684074
pearson,2,18,0.6029411764705882,0.6029411764705882,0.9705882352941176,0.09062851636745753,0.1802398210018686
cosine,2,19,0.47058823529411764,0.47058823529411764,0.8382352941176471,0.12275178359601768,0.2320233606564115
euclidean,2,19,0.4852941176470588,0.4852941176470588,0.8088235294117647,0.12699237716484488,0.2315942683240069
pearson,2,19,0.5882352941176471,0.5882352941176471,0.9411764705882353,0.0933763829709512,0.23469290786898808
