distance,k,i,precision,recall,mrr,mae,rmse
cosine,1,0,0.8055555555555556,0.8055555555555556,0.8055555555555556,0.1058001236860485,0.1800805485702792
euclidean,1,0,0.7777777777777778,0.7777777777777778,0.7777777777777778,0.12379459642600181,0.19068070631961762
pearson,1,0,0.75,0.75,0.75,0.09002110688419483,0.18891823535513955
cosine,1,1,0.75,0.75,0.75,0.11345869248699915,0.21744619820974806
euclidean,1,1,0.6666666666666666,0.6666666666666666,0.6666666666666666,0.13380759711167636,0.23086019033522837
pearson,1,1,0.6666666666666666,0.6666666666666666,0.6666666666666666,0.09193731889808412,0.22826108502145873
cosine,1,2,0.6388888888888888,0.6388888888888888,0.6388888888888888,0.13167104969466922,0.24273319083887218
euclidean,1,2,0.6666666666666666,0.6666666666666666,0.6666666666666666,0.13784992158114817,0.23722688613550433
pearson,1,2,0.5277777777777778,0.5277777777777778,0.5277777777777778,0.11345821753119455,0.2538876005839201
cosine,1,3,0.6944444444444444,0.6944444444444444,0.6944444444444444,0.11039904362564316,0.20254978116705996
euclidean,1,3,0.6944444444444444,0.6944444444444444,0.6944444444444444,0.1217909103214905,0.20490563033989115
pearson,1,3,0.6388888888888888,0.6388888888888888,0.6388888888888888,0.09035533172286689,0.21177017944888174
cosine,1,4,0.7777777777777778,0.7777777777777778,0.7777777777777778,0.11054276119557652,0.21798393680687683
euclidean,1,4,0.7222222222222222,0.7222222222222222,0.7222222222222222,0.13422903732890132,0.23581164293571974
pearson,1,4,0.6666666666666666,0.6666666666666666,0.6666666666666666,0.08879618903286199,0.2217298854673823
cosine,1,5,0.75,0.75,0.75,0.10041960723850356,0.18624442604320973
euclidean,1,5,0.8055555555555556,0.8055555555555556,0.8055555555555556,0.11332067457883624,0.18568477736424774
pearson,1,5,0.6666666666666666,0.6666666666666666,0.6666666666666666,0.08589265076952268,0.20384831559082614
cosine,1,6,0.7222222222222222,0.7222222222222222,0.7222222222222222,0.11423432359129436,0.21742117458498478
euclidean,1,6,0.7222222222222222,0.7222222222222222,0.7222222222222222,0.13121236217225218,0.22512762158088082
pearson,1,6,0.6666666666666666,0.6666666666666666,0.6666666666666666,0.0946225821557338,0.22567184361409937
cosine,1,7,0.7222222222222222,0.7222222222222222,0.7222222222222222,0.1029492688986414,0.20133902795049832
euclidean,1,7,0.8055555555555556,0.8055555555555556,0.8055555555555556,0.12862565932362588,0.21785931145307616
pearson,1,7,0.6666666666666666,0.6666666666666666,0.6666666666666666,0.09084869574154965,0.2197025468532179
cosine,1,8,0.7222222222222222,0.7222222222222222,0.7222222222222222,0.10865372578668597,0.21160693628597824
euclidean,1,8,0.6666666666666666,0.6666666666666666,0.6666666666666666,0.12983113138824007,0.22443356725495542
pearson,1,8,0.6666666666666666,0.6666666666666666,0.6666666666666666,0.09310412124979009,0.21577434428650247
cosine,1,9,0.7777777777777778,0.7777777777777778,0.7777777777777778,0.08877659470832643,0.17449040460859927
euclidean,1,9,0.8055555555555556,0.8055555555555556,0.8055555555555556,0.11612271897332228,0.1909306731648766
pearson,1,9,0.7222222222222222,0.7222222222222222,0.7222222222222222,0.07724311982723311,0.1948705406422396
cosine,1,10,0.7222222222222222,0.7222222222222222,0.7222222222222222,0.09768844322450101,0.2002738577415882
euclidean,1,10,0.75,0.75,0.75,0.11283599168773874,0.2024485189924258
pearson,1,10,0.6944444444444444,0.6944444444444444,0.6944444444444444,0.08862759669768344,0.21136152421114776
cosine,1,11,0.75,0.75,0.75,0.11018574019317602,0.21672588926438177
euclidean,1,11,0.8055555555555556,0.8055555555555556,0.8055555555555556,0.12392047915212322,0.2243616030489986
pearson,1,11,0.6388888888888888,0.6388888888888888,0.6388888888888888,0.10796357033535395,0.24669994284063554
cosine,1,12,0.6944444444444444,0.6944444444444444,0.6944444444444444,0.11366382249807044,0.22626699995632482
euclidean,1,12,0.6111111111111112,0.6111111111111112,0.6111111111111112,0.13013346587168015,0.23196487859947992
pearson,1,12,0.6111111111111112,0.6111111111111112,0.6111111111111112,0.1089633820341599,0.24895632244163096
cosine,1,13,0.75,0.75,0.75,0.11271273025625171,0.19031774860209752
euclidean,1,13,0.8055555555555556,0.8055555555555556,0.8055555555555556,0.12356538452918646,0.1934956047823137
pearson,1,13,0.6666666666666666,0.6666666666666666,0.6666666666666666,0.10425753682585945,0.2204192760724146
cosine,1,14,0.7222222222222222,0.7222222222222222,0.7222222222222222,0.10448205266163277,0.21698326781210514
euclidean,1,14,0.6944444444444444,0.6944444444444444,0.6944444444444444,0.12760279285036102,0.23150679890967524
pearson,1,14,0.6388888888888888,0.6388888888888888,0.6388888888888888,0.09596917906813662,0.22831599078750867
cosine,1,15,0.6666666666666666,0.6666666666666666,0.6666666666666666,0.1096539842771694,0.21253020033504075
euclidean,1,15,0.7777777777777778,0.7777777777777778,0.7777777777777778,0.13780625874565983,0.2231338480311962
pearson,1,15,0.7222222222222222,0.7222222222222222,0.7222222222222222,0.08512356960820018,0.20416455631247643
cosine,1,16,0.6944444444444444,0.6944444444444444,0.6944444444444444,0.10998480452173914,0.21521168556336845
euclidean,1,16,0.75,0.75,0.75,0.12957329564601847,0.2227887005813547
pearson,1,16,0.5833333333333334,0.5833333333333334,0.5833333333333334,0.09830604538076362,0.2320216250404805
cosine,1,17,0.7222222222222222,0.7222222222222222,0.7222222222222222,0.09869374434534131,0.1844032714636885
euclidean,1,17,0.75,0.75,0.75,0.11002726231284789,0.18222230976409648
pearson,1,17,0.7222222222222222,0.7222222222222222,0.7222222222222222,0.0851360719207714,0.20035939916123374
cosine,1,18,0.6666666666666666,0.6666666666666666,0.6666666666666666,0.12311003175638482,0.22273149116145055
euclidean,1,18,0.6944444444444444,0.6944444444444444,0.6944444444444444,0.13636974373729085,0.22361111679960055
pearson,1,18,0.7222222222222222,0.7222222222222222,0.7222222222222222,0.09517518402748767,0.21436721810730416
cosine,1,19,0.6666666666666666,0.6666666666666666,0.6666666666666666,0.12684518834970732,0.2354850102636046
euclidean,1,19,0.75,0.75,0.75,0.13628000146181043,0.2347410696777531
pearson,1,19,0.5555555555555556,0.5555555555555556,0.5555555555555556,0.10993144298910627,0.2466982778820322
