distance,k,i,precision,recall,mrr,mae,rmse
cosine,2,0,0.581081081081081,0.581081081081081,0.8648648648648649,0.11852617275383423,0.23428354009897606
euclidean,2,0,0.5135135135135135,0.5135135135135135,0.7567567567567568,0.13645908795510447,0.24061010796213014
pearson,2,0,0.6351351351351351,0.6351351351351351,0.972972972972973,0.10507852692372119,0.24607995442449698
cosine,2,1,0.6081081081081081,0.6081081081081081,0.8783783783783784,0.11822466023386141,0.22530454954094956
euclidean,2,1,0.581081081081081,0.581081081081081,0.8783783783783784,0.1253223375765305,0.2229601643795035
pearson,2,1,0.5675675675675675,0.5675675675675675,0.8918918918918919,0.11194744109269328,0.24125614024918243
cosine,2,2,0.5675675675675675,0.5675675675675675,0.918918918918919,0.10769040714076862,0.20556238408357502
euclidean,2,2,0.5675675675675675,0.5675675675675675,0.918918918918919,0.11409120981346517,0.20663077681274697
pearson,2,2,0.5405405405405406,0.5405405405405406,0.8918918918918919,0.08955367537821085,0.21462546488265058
cosine,2,3,0.581081081081081,0.581081081081081,0.9324324324324325,0.1116287522561275,0.1981222435715865
euclidean,2,3,0.5,0.5,0.8378378378378378,0.12934089401784415,0.2078068106796429
pearson,2,3,0.581081081081081,0.581081081081081,0.918918918918919,0.08956227872486225,0.20015216036843478
cosine,2,4,0.5405405405405406,0.5405405405405406,0.8918918918918919,0.10826707421964761,0.19933958378405195
euclidean,2,4,0.5,0.5,0.8243243243243243,0.11835852484166258,0.20022823961985725
pearson,2,4,0.5945945945945946,0.5945945945945946,0.9324324324324325,0.08432833896426965,0.21037227112578516
cosine,2,5,0.6081081081081081,0.6081081081081081,0.9054054054054054,0.10535927336780856,0.17427410555299233
euclidean,2,5,0.5540540540540541,0.5540540540540541,0.8378378378378378,0.11882629624980963,0.18777325362445296
pearson,2,5,0.5945945945945946,0.5945945945945946,0.9054054054054054,0.0739315188300963,0.1799678149548981
cosine,2,6,0.6216216216216216,0.6216216216216216,0.9324324324324325,0.0996300044918258,0.1696034401218945
euclidean,2,6,0.5540540540540541,0.5540540540540541,0.8513513513513513,0.11572739133711332,0.17951935640540634
pearson,2,6,0.581081081081081,0.581081081081081,0.918918918918919,0.08403999859655296,0.18346027785010857
cosine,2,7,0.6486486486486487,0.6486486486486487,0.918918918918919,0.10458762741779697,0.19627903809095829
euclidean,2,7,0.5135135135135135,0.5135135135135135,0.7837837837837838,0.12378674776270383,0.20451861192412776
pearson,2,7,0.6756756756756757,0.6756756756756757,0.972972972972973,0.06877381769510627,0.16496346551975472
cosine,2,8,0.5675675675675675,0.5675675675675675,0.8513513513513513,0.10217942069731036,0.20091872544549905
euclidean,2,8,0.527027027027027,0.527027027027027,0.7972972972972973,0.12707663694255245,0.21551350223098206
pearson,2,8,0.5405405405405406,0.5405405405405406,0.8378378378378378,0.09539666840516996,0.21275078694284072
cosine,2,9,0.5675675675675675,0.5675675675675675,0.8378378378378378,0.11282661624140412,0.22211596387352406
euclidean,2,9,0.5675675675675675,0.5675675675675675,0.7972972972972973,0.14153732569193875,0.24708691044371425
pearson,2,9,0.6486486486486487,0.6486486486486487,0.972972972972973,0.08042255466819016,0.2040155506466683
cosine,2,10,0.5945945945945946,0.5945945945945946,0.8783783783783784,0.11719086661294142,0.20509055026405948
euclidean,2,10,0.4864864864864865,0.4864864864864865,0.8108108108108109,0.13360899163482512,0.21172624676502474
pearson,2,10,0.6351351351351351,0.6351351351351351,0.972972972972973,0.08970018333391185,0.2208430825812785
cosine,2,11,0.581081081081081,0.581081081081081,0.918918918918919,0.12677737050222723,0.22741812536027547
euclidean,2,11,0.5405405405405406,0.5405405405405406,0.8108108108108109,0.1432947680735076,0.2338328938796395
pearson,2,11,0.5540540540540541,0.5540540540540541,0.9324324324324325,0.10684744272029766,0.23422768896389135
cosine,2,12,0.5675675675675675,0.5675675675675675,0.8918918918918919,0.12622350116903555,0.23415618597917578
euclidean,2,12,0.5675675675675675,0.5675675675675675,0.8783783783783784,0.13796568337150947,0.23607432581940013
pearson,2,12,0.5675675675675675,0.5675675675675675,0.8783783783783784,0.11793767530056096,0.2643756036096177
cosine,2,13,0.5540540540540541,0.5540540540540541,0.8783783783783784,0.1135337182267639,0.21407006457274405
euclidean,2,13,0.4864864864864865,0.4864864864864865,0.7702702702702703,0.13231673142132175,0.2256541024839583
pearson,2,13,0.5405405405405406,0.5405405405405406,0.9324324324324325,0.09216429284267323,0.21497890160266325
cosine,2,14,0.527027027027027,0.527027027027027,0.8513513513513513,0.11127667114202845,0.19374006186088955
euclidean,2,14,0.527027027027027,0.527027027027027,0.7837837837837838,0.13615275057468618,0.21750967224943885
pearson,2,14,0.5405405405405406,0.5405405405405406,0.8918918918918919,0.08238081381887133,0.18170112791907694
cosine,2,15,0.5405405405405406,0.5405405405405406,0.8108108108108109,0.13161779420423173,0.26135956325620663
euclidean,2,15,0.581081081081081,0.581081081081081,0.8783783783783784,0.1375546794745023,0.2495056713543926
pearson,2,15,0.5540540540540541,0.5540540540540541,0.918918918918919,0.11551349878018874,0.2743288519770146
cosine,2,16,0.5405405405405406,0.5405405405405406,0.8513513513513513,0.1236198510385465,0.2261613430633069
euclidean,2,16,0.5,0.5,0.8243243243243243,0.1350423002228909,0.22866517662298602
pearson,2,16,0.5540540540540541,0.5540540540540541,0.8918918918918919,0.10408318322115585,0.23184831213007864
cosine,2,17,0.6216216216216216,0.6216216216216216,0.9054054054054054,0.1051547158241478,0.2050127936707799
euclidean,2,17,0.5675675675675675,0.5675675675675675,0.7972972972972973,0.11715909420955187,0.19911426457602593
pearson,2,17,0.6081081081081081,0.6081081081081081,0.918918918918919,0.08126195032101655,0.19668090938605218
cosine,2,18,0.527027027027027,0.527027027027027,0.7972972972972973,0.1170306814262108,0.21019392692243427
euclidean,2,18,0.5405405405405406,0.5405405405405406,0.7972972972972973,0.12950108511977676,0.21138105695704018
pearson,2,18,0.5405405405405406,0.5405405405405406,0.8783783783783784,0.09287682351129653,0.23079208403520585
cosine,2,19,0.5540540540540541,0.5540540540540541,0.8783783783783784,0.12372344269066232,0.2320801820255181
euclidean,2,19,0.4864864864864865,0.4864864864864865,0.7702702702702703,0.1415324916709103,0.24328052178568577
pearson,2,19,0.6216216216216216,0.6216216216216216,0.9864864864864865,0.09108429983007697,0.21914933069363304
