distance,k,i,precision,recall,mrr,mae,rmse
cosine,2,0,0.6351351351351351,0.6351351351351351,0.9594594594594594,0.09603889797181908,0.1840969482206212
euclidean,2,0,0.5945945945945946,0.5945945945945946,0.9054054054054054,0.10334241422638138,0.17788728370330076
pearson,2,0,0.6081081081081081,0.6081081081081081,0.972972972972973,0.08446065482643302,0.20310656747989977
cosine,2,1,0.581081081081081,0.581081081081081,0.8783783783783784,0.12554347655473833,0.24133524367712414
euclidean,2,1,0.527027027027027,0.527027027027027,0.8648648648648649,0.13171551934838935,0.22714913579132318
pearson,2,1,0.5945945945945946,0.5945945945945946,0.9324324324324325,0.1081538399981863,0.2560384538119613
cosine,2,2,0.5675675675675675,0.5675675675675675,0.918918918918919,0.12489223485457925,0.24945786197534056
euclidean,2,2,0.5675675675675675,0.5675675675675675,0.8783783783783784,0.13455550488394,0.24223110918923974
pearson,2,2,0.5675675675675675,0.5675675675675675,0.918918918918919,0.11066183269470076,0.25162812039065124
cosine,2,3,0.6486486486486487,0.6486486486486487,0.9594594594594594,0.09909376315188172,0.20154465803646196
euclidean,2,3,0.5675675675675675,0.5675675675675675,0.9459459459459459,0.12602658831399605,0.2170139846979733
pearson,2,3,0.6081081081081081,0.6081081081081081,0.9459459459459459,0.09048189034704233,0.21314788647682295
cosine,2,4,0.581081081081081,0.581081081081081,0.8378378378378378,0.13163028978690416,0.24374162860871212
euclidean,2,4,0.5540540540540541,0.5540540540540541,0.7972972972972973,0.1455805169108925,0.2498590184348544
pearson,2,4,0.6216216216216216,0.6216216216216216,0.918918918918919,0.10007879272153547,0.2291642625933016
cosine,2,5,0.581081081081081,0.581081081081081,0.8918918918918919,0.12266793513856268,0.24830315019363342
euclidean,2,5,0.5675675675675675,0.5675675675675675,0.8783783783783784,0.12428182171519404,0.2367762370056317
pearson,2,5,0.5945945945945946,0.5945945945945946,0.972972972972973,0.10660059887573581,0.26632993372420205
cosine,2,6,0.581081081081081,0.581081081081081,0.9054054054054054,0.119100847110086,0.22027458810412753
euclidean,2,6,0.5405405405405406,0.5405405405405406,0.8648648648648649,0.13637461128047387,0.23366199426241976
pearson,2,6,0.5945945945945946,0.5945945945945946,0.9324324324324325,0.09992934697982943,0.22393412211682237
cosine,2,7,0.6486486486486487,0.6486486486486487,0.9324324324324325,0.10554009920775874,0.20630596117874783
euclidean,2,7,0.6081081081081081,0.6081081081081081,0.9054054054054054,0.12086032772287927,0.21436785915626144
pearson,2,7,0.6351351351351351,0.6351351351351351,0.9594594594594594,0.0956729020529695,0.2401799351722254
cosine,2,8,0.6756756756756757,0.6756756756756757,0.9594594594594594,0.1037625430273535,0.20435341733299447
euclidean,2,8,0.581081081081081,0.581081081081081,0.8783783783783784,0.12337649439592255,0.2218366032482774
pearson,2,8,0.581081081081081,0.581081081081081,0.9324324324324325,0.09982958526829286,0.2318223170487651
cosine,2,9,0.6081081081081081,0.6081081081081081,0.8918918918918919,0.09625698560718496,0.18852844901247442
euclidean,2,9,0.6216216216216216,0.6216216216216216,0.918918918918919,0.10672383156838999,0.18925330170810914
pearson,2,9,0.5675675675675675,0.5675675675675675,0.8783783783783784,0.08891443803607711,0.2143866584427618
cosine,2,10,0.6351351351351351,0.6351351351351351,0.9594594594594594,0.11669368711165964,0.21771151377346923
euclidean,2,10,0.527027027027027,0.527027027027027,0.918918918918919,0.13029739991733189,0.22660216843937964
pearson,2,10,0.6486486486486487,0.6486486486486487,0.9324324324324325,0.10070950298393135,0.24200342342398298
cosine,2,11,0.581081081081081,0.581081081081081,0.9324324324324325,0.11011300504671508,0.2211296735479497
euclidean,2,11,0.527027027027027,0.527027027027027,0.8648648648648649,0.12391566178660564,0.22960161951489702
pearson,2,11,0.5945945945945946,0.5945945945945946,0.9459459459459459,0.10025790428153078,0.24282412786461124
cosine,2,12,0.6351351351351351,0.6351351351351351,0.8918918918918919,0.10629966243034093,0.2207554007255386
euclidean,2,12,0.6081081081081081,0.6081081081081081,0.8648648648648649,0.11151296058585165,0.2176497530109163
pearson,2,12,0.6216216216216216,0.6216216216216216,0.9594594594594594,0.09422865285972827,0.23994611689084386
cosine,2,13,0.5675675675675675,0.5675675675675675,0.8648648648648649,0.12204559757513778,0.2457369818057875
euclidean,2,13,0.5,0.5,0.8243243243243243,0.12880227779815395,0.2427475051733916
pearson,2,13,0.5,0.5,0.8513513513513513,0.11846974772646958,0.27595591188422885
cosine,2,14,0.6081081081081081,0.6081081081081081,0.9324324324324325,0.12068491024405491,0.230977401568747
euclidean,2,14,0.6081081081081081,0.6081081081081081,0.8783783783783784,0.1274924595220134,0.2137165936884839
pearson,2,14,0.5945945945945946,0.5945945945945946,0.9459459459459459,0.10467384775444694,0.25219545165492124
cosine,2,15,0.6351351351351351,0.6351351351351351,0.918918918918919,0.11418078380917016,0.22549479085009103
euclidean,2,15,0.5675675675675675,0.5675675675675675,0.8648648648648649,0.12338934800011558,0.22591551739023413
pearson,2,15,0.6081081081081081,0.6081081081081081,0.9054054054054054,0.10311174373142473,0.23867294488544843
cosine,2,16,0.5675675675675675,0.5675675675675675,0.8378378378378378,0.11806227290905288,0.222309486584671
euclidean,2,16,0.5405405405405406,0.5405405405405406,0.8648648648648649,0.1439662232737758,0.23679105937566755
pearson,2,16,0.6351351351351351,0.6351351351351351,0.9864864864864865,0.08608618529364014,0.2075850156121468
cosine,2,17,0.5405405405405406,0.5405405405405406,0.8783783783783784,0.11796846048866527,0.23174182129769705
euclidean,2,17,0.5,0.5,0.8108108108108109,0.13564604741254568,0.23542416474683173
pearson,2,17,0.6351351351351351,0.6351351351351351,0.918918918918919,0.10247467816597419,0.24643132396408188
cosine,2,18,0.5945945945945946,0.5945945945945946,0.8648648648648649,0.13006160241146542,0.23668113173756525
euclidean,2,18,0.5540540540540541,0.5540540540540541,0.8243243243243243,0.14443205245586993,0.24472647645706844
pearson,2,18,0.5540540540540541,0.5540540540540541,0.918918918918919,0.09502474393070387,0.22452611198007047
cosine,2,19,0.6216216216216216,0.6216216216216216,0.972972972972973,0.11158815699430048,0.20029225237600254
euclidean,2,19,0.6351351351351351,0.6351351351351351,0.9459459459459459,0.11369882404191668,0.1941143344585059
pearson,2,19,0.5540540540540541,0.5540540540540541,0.8648648648648649,0.09412663957226788,0.2180903692648998
