distance,k,i,precision,recall,mrr,mae,rmse
cosine,2,0,0.5833333333333334,0.5833333333333334,0.875,0.10394128115082325,0.20376811112610554
euclidean,2,0,0.5833333333333334,0.5833333333333334,0.8888888888888888,0.12439448561630954,0.20996881422247654
pearson,2,0,0.5833333333333334,0.5833333333333334,0.9027777777777778,0.07923211064909276,0.19642723658303496
cosine,2,1,0.5972222222222222,0.5972222222222222,0.8888888888888888,0.10583939756003757,0.20326722615722032
euclidean,2,1,0.5555555555555556,0.5555555555555556,0.8611111111111112,0.11084337614909587,0.19818626711767953
pearson,2,1,0.6388888888888888,0.6388888888888888,0.9444444444444444,0.07558236765766023,0.18281543653748175
cosine,2,2,0.5833333333333334,0.5833333333333334,0.8888888888888888,0.11887564143753979,0.2175309257993997
euclidean,2,2,0.5138888888888888,0.5138888888888888,0.8055555555555556,0.13218093332098754,0.22325909273218517
pearson,2,2,0.5833333333333334,0.5833333333333334,0.8888888888888888,0.10611011901712887,0.23150480782047103
cosine,2,3,0.6111111111111112,0.6111111111111112,0.9305555555555556,0.12305822827691405,0.20615366822197584
euclidean,2,3,0.4861111111111111,0.4861111111111111,0.7916666666666666,0.14252957863612997,0.22771642526985728
pearson,2,3,0.6111111111111112,0.6111111111111112,0.9166666666666666,0.09945625153726705,0.20818926333489218
cosine,2,4,0.6111111111111112,0.6111111111111112,0.8333333333333334,0.13486700712562402,0.23927003286747842
euclidean,2,4,0.5,0.5,0.8194444444444444,0.15028359949081627,0.24380093223990285
pearson,2,4,0.625,0.625,0.9166666666666666,0.09598517236219489,0.22079526893723722
cosine,2,5,0.6666666666666666,0.6666666666666666,0.9444444444444444,0.09724120130002813,0.20307136899230163
euclidean,2,5,0.5694444444444444,0.5694444444444444,0.9027777777777778,0.11262788198788629,0.20384777465793935
pearson,2,5,0.625,0.625,0.9444444444444444,0.0912271486731857,0.2246743646446344
cosine,2,6,0.5277777777777778,0.5277777777777778,0.8472222222222222,0.11645845311349859,0.21985418041923876
euclidean,2,6,0.5555555555555556,0.5555555555555556,0.875,0.12943803280989405,0.21403301022035215
pearson,2,6,0.5555555555555556,0.5555555555555556,0.9166666666666666,0.09819055342515409,0.21757450166340733
cosine,2,7,0.6111111111111112,0.6111111111111112,0.9305555555555556,0.09331776842397643,0.16792178947703085
euclidean,2,7,0.5833333333333334,0.5833333333333334,0.8472222222222222,0.12224927938158689,0.19569136023104308
pearson,2,7,0.625,0.625,0.9305555555555556,0.08204275681452007,0.1979004653162465
cosine,2,8,0.5972222222222222,0.5972222222222222,0.8888888888888888,0.1024014672539973,0.19486777578673264
euclidean,2,8,0.5416666666666666,0.5416666666666666,0.8611111111111112,0.11377814568541653,0.200778674084628
pearson,2,8,0.6111111111111112,0.6111111111111112,0.8888888888888888,0.09320616637347942,0.21857261662254407
cosine,2,9,0.5416666666666666,0.5416666666666666,0.8333333333333334,0.12046069087813084,0.2330316992625869
euclidean,2,9,0.4722222222222222,0.4722222222222222,0.8055555555555556,0.13293765390128173,0.2370573890304143
pearson,2,9,0.6527777777777778,0.6527777777777778,0.9861111111111112,0.09480862299003406,0.24330209259212188
cosine,2,10,0.5972222222222222,0.5972222222222222,0.9444444444444444,0.105947766392951,0.21396416859907355
euclidean,2,10,0.5416666666666666,0.5416666666666666,0.8611111111111112,0.11292475353202502,0.20893921034318919
pearson,2,10,0.5833333333333334,0.5833333333333334,0.9444444444444444,0.10015331763213385,0.23396859739788908
cosine,2,11,0.6111111111111112,0.6111111111111112,0.8472222222222222,0.11911691133743986,0.2354252914504824
euclidean,2,11,0.5833333333333334,0.5833333333333334,0.8194444444444444,0.13321674767616176,0.24605222022490322
pearson,2,11,0.625,0.625,0.9166666666666666,0.10196794383277653,0.24006912609989717
cosine,2,12,0.5694444444444444,0.5694444444444444,0.8611111111111112,0.11845717545098906,0.20748490190088775
euclidean,2,12,0.5138888888888888,0.5138888888888888,0.8194444444444444,0.13049226654740984,0.214765236358086
pearson,2,12,0.6111111111111112,0.6111111111111112,0.9027777777777778,0.09251516066541707,0.19877780137721512
cosine,2,13,0.625,0.625,0.9583333333333334,0.10781122189708785,0.183821033448179
euclidean,2,13,0.5138888888888888,0.5138888888888888,0.8194444444444444,0.13883744522722757,0.21753700784157698
pearson,2,13,0.625,0.625,0.9027777777777778,0.09052933434208423,0.1973440847751875
cosine,2,14,0.5277777777777778,0.5277777777777778,0.875,0.11188142687684263,0.2059026022620357
euclidean,2,14,0.5555555555555556,0.5555555555555556,0.9305555555555556,0.12482123826299893,0.19497218804810637
pearson,2,14,0.5694444444444444,0.5694444444444444,0.9027777777777778,0.08734450840281782,0.21162985208127957
cosine,2,15,0.6111111111111112,0.6111111111111112,0.9444444444444444,0.10617788070706266,0.18040393653737508
euclidean,2,15,0.5138888888888888,0.5138888888888888,0.8055555555555556,0.11489969340084484,0.18413335896394797
pearson,2,15,0.5833333333333334,0.5833333333333334,0.875,0.09791042386647071,0.2064766112683385
cosine,2,16,0.625,0.625,0.8472222222222222,0.10455804302061661,0.21485614837190647
euclidean,2,16,0.5694444444444444,0.5694444444444444,0.8194444444444444,0.11616900428448347,0.21810179153433612
pearson,2,16,0.6805555555555556,0.6805555555555556,0.9583333333333334,0.08541174684324473,0.21621364723891137
cosine,2,17,0.5277777777777778,0.5277777777777778,0.8333333333333334,0.11964961637926277,0.23910883175269845
euclidean,2,17,0.5,0.5,0.8194444444444444,0.13267905192109555,0.23025792225157782
pearson,2,17,0.6111111111111112,0.6111111111111112,0.9444444444444444,0.09966778235105403,0.23858812525833437
cosine,2,18,0.6111111111111112,0.6111111111111112,0.9305555555555556,0.11714917798705836,0.2179303259121175
euclidean,2,18,0.5694444444444444,0.5694444444444444,0.8055555555555556,0.1298244988811092,0.22346185557966503
pearson,2,18,0.5555555555555556,0.5555555555555556,0.9027777777777778,0.10577902895441556,0.24345742054415503
cosine,2,19,0.6111111111111112,0.6111111111111112,0.9305555555555556,0.10638409867614707,0.18809560044672388
euclidean,2,19,0.5694444444444444,0.5694444444444444,0.875,0.1367374709408078,0.21511474834955807
pearson,2,19,0.5694444444444444,0.5694444444444444,0.9027777777777778,0.08869344336948864,0.20846235657935497
