distance,k,i,precision,recall,mrr,mae,rmse
cosine,1,0,0.7297297297297297,0.7297297297297297,0.7297297297297297,0.11785952926323709,0.21409002620278317
euclidean,1,0,0.6216216216216216,0.6216216216216216,0.6216216216216216,0.12326659970612756,0.1999110157832347
pearson,1,0,0.7027027027027027,0.7027027027027027,0.7027027027027027,0.08576172369087882,0.21257333344241583
cosine,1,1,0.7027027027027027,0.7027027027027027,0.7027027027027027,0.0986927768324471,0.18260332977141322
euclidean,1,1,0.6216216216216216,0.6216216216216216,0.6216216216216216,0.1317506518574771,0.21669435308693982
pearson,1,1,0.7027027027027027,0.7027027027027027,0.7027027027027027,0.08643946394548653,0.19857663459343344
cosine,1,2,0.6486486486486487,0.6486486486486487,0.6486486486486487,0.1198894852728615,0.21086151935182582
euclidean,1,2,0.7297297297297297,0.7297297297297297,0.7297297297297297,0.1292611455395221,0.20930742132031702
pearson,1,2,0.6216216216216216,0.6216216216216216,0.6216216216216216,0.09533566662220158,0.20808911332663188
cosine,1,3,0.5135135135135135,0.5135135135135135,0.5135135135135135,0.1221771797638382,0.22947062541959926
euclidean,1,3,0.5945945945945946,0.5945945945945946,0.5945945945945946,0.1372502461060222,0.2272517170336326
pearson,1,3,0.5405405405405406,0.5405405405405406,0.5405405405405406,0.11328909851545736,0.2508517922148354
cosine,1,4,0.5945945945945946,0.5945945945945946,0.5945945945945946,0.11867148027025282,0.22140494679758543
euclidean,1,4,0.6486486486486487,0.6486486486486487,0.6486486486486487,0.1314322997382249,0.22649743457453198
pearson,1,4,0.5945945945945946,0.5945945945945946,0.5945945945945946,0.10511641918315881,0.23015422943033723
cosine,1,5,0.7027027027027027,0.7027027027027027,0.7027027027027027,0.11332884832658958,0.2064334214797884
euclidean,1,5,0.7027027027027027,0.7027027027027027,0.7027027027027027,0.12382578328094637,0.21165185569051473
pearson,1,5,0.6486486486486487,0.6486486486486487,0.6486486486486487,0.10249046798611593,0.2294359897119764
cosine,1,6,0.7567567567567568,0.7567567567567568,0.7567567567567568,0.09729457859698198,0.19179648406686728
euclidean,1,6,0.7837837837837838,0.7837837837837838,0.7837837837837838,0.11237462881654425,0.19534715102042677
pearson,1,6,0.6486486486486487,0.6486486486486487,0.6486486486486487,0.0886121579243751,0.21862895095083718
cosine,1,7,0.6216216216216216,0.6216216216216216,0.6216216216216216,0.10010512358651694,0.16731913848143132
euclidean,1,7,0.7027027027027027,0.7027027027027027,0.7027027027027027,0.13001133698044892,0.20603450696356831
pearson,1,7,0.7027027027027027,0.7027027027027027,0.7027027027027027,0.0836195806906034,0.17346449751181564
cosine,1,8,0.6756756756756757,0.6756756756756757,0.6756756756756757,0.09982014367892884,0.18303150092804085
euclidean,1,8,0.6756756756756757,0.6756756756756757,0.6756756756756757,0.11056654210557022,0.18759711635825355
pearson,1,8,0.6756756756756757,0.6756756756756757,0.6756756756756757,0.08780133934326256,0.19785299159641254
cosine,1,9,0.5675675675675675,0.5675675675675675,0.5675675675675675,0.1216951091071356,0.22161693991749645
euclidean,1,9,0.6216216216216216,0.6216216216216216,0.6216216216216216,0.14005625404161215,0.23328918185239778
pearson,1,9,0.5675675675675675,0.5675675675675675,0.5675675675675675,0.10059477606477989,0.22506943827107664
cosine,1,10,0.7837837837837838,0.7837837837837838,0.7837837837837838,0.11656595227888397,0.20199224330707474
euclidean,1,10,0.7027027027027027,0.7027027027027027,0.7027027027027027,0.1352229679553795,0.2135100974503419
pearson,1,10,0.7837837837837838,0.7837837837837838,0.7837837837837838,0.0876252455692594,0.18703178866569597
cosine,1,11,0.5675675675675675,0.5675675675675675,0.5675675675675675,0.1317101331638929,0.22523639903880216
euclidean,1,11,0.6216216216216216,0.6216216216216216,0.6216216216216216,0.13827088598528928,0.21875093105031915
pearson,1,11,0.5675675675675675,0.5675675675675675,0.5675675675675675,0.09773918578187435,0.21692372462391787
cosine,1,12,0.6486486486486487,0.6486486486486487,0.6486486486486487,0.11580540489316113,0.22626472716521137
euclidean,1,12,0.7027027027027027,0.7027027027027027,0.7027027027027027,0.1254787471382191,0.23052170665666563
pearson,1,12,0.5945945945945946,0.5945945945945946,0.5945945945945946,0.09907775564812969,0.2345273773859439
cosine,1,13,0.7297297297297297,0.7297297297297297,0.7297297297297297,0.10876216841033408,0.19517759843024135
euclidean,1,13,0.6216216216216216,0.6216216216216216,0.6216216216216216,0.1448211941880515,0.2255555992756778
pearson,1,13,0.6486486486486487,0.6486486486486487,0.6486486486486487,0.08789734437585393,0.21213224401621417
cosine,1,14,0.7027027027027027,0.7027027027027027,0.7027027027027027,0.11958780127243412,0.2080357994518003
euclidean,1,14,0.6486486486486487,0.6486486486486487,0.6486486486486487,0.13552584721429436,0.21978195214034507
pearson,1,14,0.6216216216216216,0.6216216216216216,0.6216216216216216,0.10294426008951756,0.2311659721154841
cosine,1,15,0.7027027027027027,0.7027027027027027,0.7027027027027027,0.0953295131125435,0.18628143464359948
euclidean,1,15,0.7297297297297297,0.7297297297297297,0.7297297297297297,0.11147346864607482,0.1989969242686109
pearson,1,15,0.6486486486486487,0.6486486486486487,0.6486486486486487,0.0867481479971555,0.20434131882189477
cosine,1,16,0.7837837837837838,0.7837837837837838,0.7837837837837838,0.11162883850719384,0.18825921834323966
euclidean,1,16,0.7027027027027027,0.7027027027027027,0.7027027027027027,0.1252782483671452,0.1983612213091871
pearson,1,16,0.6756756756756757,0.6756756756756757,0.6756756756756757,0.10323934340905953,0.2091636580469459
cosine,1,17,0.7297297297297297,0.7297297297297297,0.7297297297297297,0.10519938689944155,0.19949057174572957
euclidean,1,17,0.6756756756756757,0.6756756756756757,0.6756756756756757,0.12408222818436171,0.2132412889955437
pearson,1,17,0.7027027027027027,0.7027027027027027,0.7027027027027027,0.08404449885386134,0.1925910218870175
cosine,1,18,0.7567567567567568,0.7567567567567568,0.7567567567567568,0.10636148545957332,0.19798768986225362
euclidean,1,18,0.7027027027027027,0.7027027027027027,0.7027027027027027,0.12423002554345108,0.20859722965349428
pearson,1,18,0.7297297297297297,0.7297297297297297,0.7297297297297297,0.07837890205049797,0.20543350362887366
cosine,1,19,0.5675675675675675,0.5675675675675675,0.5675675675675675,0.13373648704093374,0.24828632569331627
euclidean,1,19,0.5675675675675675,0.5675675675675675,0.5675675675675675,0.13751704558233344,0.24585195009951
pearson,1,19,0.4594594594594595,0.4594594594594595,0.4594594594594595,0.11073019047860155,0.2642574334494579
