distance,k,i,precision,recall,mrr,mae,rmse
cosine,1,0,0.7027027027027027,0.7027027027027027,0.7027027027027027,0.10583523489462314,0.1980651031627729
euclidean,1,0,0.8108108108108109,0.8108108108108109,0.8108108108108109,0.126185467371348,0.20172277325051055
pearson,1,0,0.5675675675675675,0.5675675675675675,0.5675675675675675,0.09356564477624138,0.21470611314440002
cosine,1,1,0.7567567567567568,0.7567567567567568,0.7567567567567568,0.09172410607368803,0.19401832128209243
euclidean,1,1,0.7567567567567568,0.7567567567567568,0.7567567567567568,0.10672876397283171,0.2035252485057515
pearson,1,1,0.6756756756756757,0.6756756756756757,0.6756756756756757,0.07443632108578295,0.19917904265027894
cosine,1,2,0.6486486486486487,0.6486486486486487,0.6486486486486487,0.11087588248265753,0.23007775842862901
euclidean,1,2,0.7837837837837838,0.7837837837837838,0.7837837837837838,0.12180147789777407,0.23010199553731372
pearson,1,2,0.5945945945945946,0.5945945945945946,0.5945945945945946,0.10692527872199195,0.2522395290517313
cosine,1,3,0.7027027027027027,0.7027027027027027,0.7027027027027027,0.11321845466121572,0.21077837152770676
euclidean,1,3,0.7567567567567568,0.7567567567567568,0.7567567567567568,0.13080517473981504,0.21542707059839253
pearson,1,3,0.6486486486486487,0.6486486486486487,0.6486486486486487,0.08537907596255416,0.22197264299628697
cosine,1,4,0.918918918918919,0.918918918918919,0.918918918918919,0.10769299918382139,0.18937190731282552
euclidean,1,4,0.8918918918918919,0.8918918918918919,0.8918918918918919,0.12868291264584442,0.20563470224721445
pearson,1,4,0.7837837837837838,0.7837837837837838,0.7837837837837838,0.08999243296687813,0.21416735214793453
cosine,1,5,0.8648648648648649,0.8648648648648649,0.8648648648648649,0.09703769402644129,0.17598899546710267
euclidean,1,5,0.8108108108108109,0.8108108108108109,0.8108108108108109,0.12150553420466285,0.20074647624102834
pearson,1,5,0.8108108108108109,0.8108108108108109,0.8108108108108109,0.06669235200831486,0.16594671541525052
cosine,1,6,0.6756756756756757,0.6756756756756757,0.6756756756756757,0.12999598696718156,0.22182512983774155
euclidean,1,6,0.7837837837837838,0.7837837837837838,0.7837837837837838,0.1516098265443354,0.24072701851695139
pearson,1,6,0.7027027027027027,0.7027027027027027,0.7027027027027027,0.08847570268492382,0.19835727705756245
cosine,1,7,0.6756756756756757,0.6756756756756757,0.6756756756756757,0.11780606924517073,0.2245129417016872
euclidean,1,7,0.7027027027027027,0.7027027027027027,0.7027027027027027,0.1340602330790788,0.2313072234148381
pearson,1,7,0.6486486486486487,0.6486486486486487,0.6486486486486487,0.10033672784189263,0.23387586258403206
cosine,1,8,0.8108108108108109,0.8108108108108109,0.8108108108108109,0.11403221836520908,0.20103102894860242
euclidean,1,8,0.8648648648648649,0.8648648648648649,0.8648648648648649,0.11822110920195483,0.19538978484058495
pearson,1,8,0.7567567567567568,0.7567567567567568,0.7567567567567568,0.0856769482071067,0.1957729996262753
cosine,1,9,0.5675675675675675,0.5675675675675675,0.5675675675675675,0.11917667217913502,0.2359516419168043
euclidean,1,9,0.6216216216216216,0.6216216216216216,0.6216216216216216,0.13149258722683224,0.24057921318558745
pearson,1,9,0.5945945945945946,0.5945945945945946,0.5945945945945946,0.08768388467059063,0.21879862571405104
cosine,1,10,0.7567567567567568,0.7567567567567568,0.7567567567567568,0.11013678524078849,0.19886518494298747
euclidean,1,10,0.8108108108108109,0.8108108108108109,0.8108108108108109,0.13163860542246897,0.21174832341571387
pearson,1,10,0.7567567567567568,0.7567567567567568,0.7567567567567568,0.08065324777936167,0.19063324125997627
cosine,1,11,0.8108108108108109,0.8108108108108109,0.8108108108108109,0.0981718957718002,0.18813998641398927
euclidean,1,11,0.7567567567567568,0.7567567567567568,0.7567567567567568,0.128143379528461,0.20872779418244358
pearson,1,11,0.7837837837837838,0.7837837837837838,0.7837837837837838,0.08086279244915202,0.18765283792991383
cosine,1,12,0.7027027027027027,0.7027027027027027,0.7027027027027027,0.10340711877087021,0.21491407456388723
euclidean,1,12,0.8648648648648649,0.8648648648648649,0.8648648648648649,0.11154653798632576,0.209354236487732
pearson,1,12,0.5945945945945946,0.5945945945945946,0.5945945945945946,0.09225035059613437,0.2334144742266764
cosine,1,13,0.5675675675675675,0.5675675675675675,0.5675675675675675,0.13336049165798214,0.2640048954040314
euclidean,1,13,0.6486486486486487,0.6486486486486487,0.6486486486486487,0.14157191589646773,0.2667216007677642
pearson,1,13,0.43243243243243246,0.43243243243243246,0.43243243243243246,0.13135230805490397,0.2960179573096121
cosine,1,14,0.7567567567567568,0.7567567567567568,0.7567567567567568,0.12337416485149848,0.21893811591845233
euclidean,1,14,0.8378378378378378,0.8378378378378378,0.8378378378378378,0.1289703185794345,0.22058140152340597
pearson,1,14,0.6486486486486487,0.6486486486486487,0.6486486486486487,0.09492681419521914,0.23604844355498877
cosine,1,15,0.7837837837837838,0.7837837837837838,0.7837837837837838,0.11795872250940526,0.20758140346404774
euclidean,1,15,0.8108108108108109,0.8108108108108109,0.8108108108108109,0.1294134632918715,0.20871497048706147
pearson,1,15,0.7567567567567568,0.7567567567567568,0.7567567567567568,0.08289655666317594,0.21373907744576914
cosine,1,16,0.6756756756756757,0.6756756756756757,0.6756756756756757,0.10565969660537286,0.2121466615247098
euclidean,1,16,0.7567567567567568,0.7567567567567568,0.7567567567567568,0.1096188276622413,0.20800452158469035
pearson,1,16,0.5945945945945946,0.5945945945945946,0.5945945945945946,0.10218060899338131,0.24238775340019267
cosine,1,17,0.6756756756756757,0.6756756756756757,0.6756756756756757,0.10941737891806684,0.20483267128649543
euclidean,1,17,0.7567567567567568,0.7567567567567568,0.7567567567567568,0.12784937438863903,0.2174046302659592
pearson,1,17,0.6486486486486487,0.6486486486486487,0.6486486486486487,0.08465112446861595,0.20371060641038868
cosine,1,18,0.7027027027027027,0.7027027027027027,0.7027027027027027,0.10909109086324571,0.19934997285829106
euclidean,1,18,0.8108108108108109,0.8108108108108109,0.8108108108108109,0.11647961777544676,0.20061286570984999
pearson,1,18,0.6756756756756757,0.6756756756756757,0.6756756756756757,0.08389148637167947,0.20567220926366284
cosine,1,19,0.5945945945945946,0.5945945945945946,0.5945945945945946,0.12163290316058292,0.23707637058889003
euclidean,1,19,0.7567567567567568,0.7567567567567568,0.7567567567567568,0.12768034545196716,0.2291730901565733
pearson,1,19,0.5405405405405406,0.5405405405405406,0.5405405405405406,0.11126183713985602,0.254787349335379
