distance,k,i,precision,recall,mrr,mae,rmse
cosine,3,0,0.5135135135135135,0.5135135135135135,0.8738738738738739,0.12304727773960498,0.2450793918824708
euclidean,3,0,0.4954954954954955,0.4954954954954955,0.8648648648648649,0.13064195354739308,0.23790260934191737
pearson,3,0,0.6216216216216217,0.6216216216216217,0.9864864864864865,0.10249249646813163,0.2505296851725406
cosine,3,1,0.5675675675675677,0.5675675675675677,0.9414414414414413,0.10747607800171735,0.19645490950786795
euclidean,3,1,0.4864864864864865,0.4864864864864865,0.9099099099099098,0.11299218024135031,0.18916415987810425
pearson,3,1,0.5765765765765767,0.5765765765765767,0.9684684684684686,0.09374612336823282,0.21121274684988298
cosine,3,2,0.5315315315315314,0.5315315315315314,0.9684684684684683,0.1097065129795422,0.20365350583872566
euclidean,3,2,0.5045045045045043,0.5045045045045043,0.9144144144144143,0.12317561724999665,0.20652184766885512
pearson,3,2,0.5675675675675677,0.5675675675675677,1.0,0.08496539940496327,0.19730991922801472
cosine,3,3,0.5405405405405406,0.5405405405405406,0.9144144144144145,0.12053202671664937,0.22460331478569345
euclidean,3,3,0.4864864864864865,0.4864864864864865,0.8918918918918919,0.1312839245686594,0.2236430624983922
pearson,3,3,0.5765765765765766,0.5765765765765766,0.972972972972973,0.09023096952456276,0.2156278347638481
cosine,3,4,0.5315315315315314,0.5315315315315314,0.9684684684684683,0.10472310362728042,0.19596643273568273
euclidean,3,4,0.5225225225225224,0.5225225225225224,0.9324324324324325,0.12452502321193706,0.2048483405623555
pearson,3,4,0.5315315315315314,0.5315315315315314,0.972972972972973,0.08471421752000745,0.19972552761777781
cosine,3,5,0.5225225225225226,0.5225225225225226,0.9324324324324325,0.12312162849965291,0.22097770044753637
euclidean,3,5,0.46846846846846846,0.46846846846846846,0.8738738738738739,0.13769309664970816,0.23305012809534506
pearson,3,5,0.6126126126126126,0.6126126126126126,0.9864864864864865,0.10566562437206388,0.245379647645706
cosine,3,6,0.5225225225225225,0.5225225225225225,0.9459459459459459,0.1129645958089351,0.18898776287472774
euclidean,3,6,0.5315315315315314,0.5315315315315314,0.9324324324324325,0.12717372109008632,0.2013867660941112
pearson,3,6,0.5585585585585587,0.5585585585585587,0.972972972972973,0.08692598477273421,0.1828511179088164
cosine,3,7,0.5495495495495496,0.5495495495495496,0.9684684684684686,0.11094585720634759,0.21232809639214295
euclidean,3,7,0.46846846846846846,0.46846846846846846,0.9009009009009009,0.1322635746245124,0.22460731232328127
pearson,3,7,0.5585585585585586,0.5585585585585586,0.9819819819819818,0.09081876525532427,0.21857716730928067
cosine,3,8,0.5675675675675675,0.5675675675675675,0.90990990990991,0.12676171115465126,0.22626174897729187
euclidean,3,8,0.5225225225225225,0.5225225225225225,0.8963963963963966,0.13891396786907248,0.23415820984703078
pearson,3,8,0.5675675675675675,0.5675675675675675,0.9864864864864865,0.08892442638243152,0.21426742207977698
cosine,3,9,0.5315315315315315,0.5315315315315315,0.972972972972973,0.10230387144736573,0.18427215256738924
euclidean,3,9,0.48648648648648657,0.48648648648648657,0.9279279279279278,0.12699521082885404,0.203211278561358
pearson,3,9,0.5585585585585586,0.5585585585585586,0.9864864864864865,0.07121213891579978,0.17042985145323056
