distance,k,i,precision,recall,mrr,mae,rmse
cosine,3,0,0.5555555555555557,0.5555555555555557,0.925925925925926,0.1022917040971484,0.2010214912443229
euclidean,3,0,0.5,0.5,0.8611111111111112,0.13248445482111892,0.22067020850518343
pearson,3,0,0.5833333333333335,0.5833333333333335,0.9722222222222222,0.08202477003481437,0.19052307895070558
cosine,3,1,0.5648148148148149,0.5648148148148149,0.9722222222222222,0.10509089196739783,0.18601946671792108
euclidean,3,1,0.5277777777777778,0.5277777777777778,0.9398148148148149,0.11556749781500009,0.180628522125646
pearson,3,1,0.5833333333333334,0.5833333333333334,0.9722222222222222,0.09613426624950726,0.20350221958684586
cosine,3,2,0.5648148148148148,0.5648148148148148,0.9444444444444444,0.09927738488720966,0.19734858836129388
euclidean,3,2,0.49074074074074076,0.49074074074074076,0.9027777777777778,0.11750574559977339,0.20141747861604994
pearson,3,2,0.5833333333333335,0.5833333333333335,0.9722222222222222,0.08896275690642093,0.216340433655981
cosine,3,3,0.5277777777777778,0.5277777777777778,0.898148148148148,0.1164344286727722,0.22972048686147256
euclidean,3,3,0.48148148148148145,0.48148148148148145,0.8703703703703703,0.13285163590841303,0.23189697358777017
pearson,3,3,0.6388888888888888,0.6388888888888888,0.9861111111111112,0.09518882822896967,0.2322503122934414
cosine,3,4,0.5648148148148149,0.5648148148148149,0.9027777777777778,0.12183591944988498,0.2239081651857238
euclidean,3,4,0.5277777777777778,0.5277777777777778,0.8842592592592593,0.12655562245809562,0.2217289871769558
pearson,3,4,0.5925925925925927,0.5925925925925927,0.9722222222222222,0.10482488222770807,0.23867277706735643
cosine,3,5,0.5370370370370371,0.5370370370370371,0.9861111111111112,0.11111449826607818,0.2034908374598208
euclidean,3,5,0.48148148148148145,0.48148148148148145,0.8842592592592593,0.12467717623000564,0.20177224142081437
pearson,3,5,0.5648148148148149,0.5648148148148149,0.9722222222222222,0.0973701284340732,0.2203135209111705
cosine,3,6,0.5648148148148148,0.5648148148148148,0.8935185185185185,0.11756986584734362,0.24397635086942487
euclidean,3,6,0.5555555555555556,0.5555555555555556,0.8518518518518517,0.1303908432453212,0.24844525939614828
pearson,3,6,0.611111111111111,0.611111111111111,0.9722222222222222,0.10032057440888584,0.2550083450951117
cosine,3,7,0.5555555555555557,0.5555555555555557,0.8703703703703705,0.1118867064911204,0.2323091215188113
euclidean,3,7,0.4351851851851851,0.4351851851851851,0.7546296296296295,0.13297039889418977,0.24530040945941975
pearson,3,7,0.6296296296296297,0.6296296296296297,0.9027777777777778,0.1034742134224683,0.24388498423330227
cosine,3,8,0.5648148148148149,0.5648148148148149,0.9027777777777778,0.11253351834121723,0.21367868900925735
euclidean,3,8,0.4999999999999999,0.4999999999999999,0.8287037037037037,0.13820634471447876,0.2333480834411468
pearson,3,8,0.6111111111111112,0.6111111111111112,0.9722222222222222,0.09631835150515433,0.22354943389140075
cosine,3,9,0.5648148148148149,0.5648148148148149,0.9259259259259258,0.0903763673202889,0.1743606801986494
euclidean,3,9,0.48148148148148145,0.48148148148148145,0.875,0.12122924503703703,0.2101347347662579
pearson,3,9,0.5833333333333335,0.5833333333333335,0.9861111111111112,0.07310432156765898,0.15858790477024573
