distance,k,i,precision,recall,mrr,mae,rmse
cosine,3,0,0.5585585585585586,0.5585585585585586,0.972972972972973,0.10981377536624151,0.19611955446583432
euclidean,3,0,0.4774774774774775,0.4774774774774775,0.9324324324324325,0.12244543201677656,0.19504091716135766
pearson,3,0,0.5855855855855856,0.5855855855855856,1.0,0.08667668095909371,0.2003269970993604
cosine,3,1,0.5765765765765767,0.5765765765765767,0.9054054054054054,0.14580310171292832,0.24604077921160633
euclidean,3,1,0.5315315315315315,0.5315315315315315,0.8603603603603603,0.16487585615086375,0.2639860921059682
pearson,3,1,0.5855855855855856,0.5855855855855856,0.981981981981982,0.10667376175750257,0.2226389632041412
cosine,3,2,0.5675675675675677,0.5675675675675677,0.9459459459459459,0.10645934182693685,0.1903485241255119
euclidean,3,2,0.5045045045045046,0.5045045045045046,0.8693693693693695,0.1214068669852088,0.200538838549228
pearson,3,2,0.5855855855855856,0.5855855855855856,1.0,0.09792917607241802,0.21749280793313425
cosine,3,3,0.44144144144144143,0.44144144144144143,0.8918918918918919,0.12219421893416925,0.22248039584103352
euclidean,3,3,0.45945945945945954,0.45945945945945954,0.8513513513513513,0.12380751997753987,0.21085415427386142
pearson,3,3,0.5225225225225226,0.5225225225225226,0.9864864864864865,0.10195085641805877,0.23301210432389208
cosine,3,4,0.5405405405405407,0.5405405405405407,0.9234234234234233,0.10979925792869262,0.1908532532391615
euclidean,3,4,0.46846846846846846,0.46846846846846846,0.8783783783783784,0.12264678119227264,0.19442985611275188
pearson,3,4,0.6306306306306306,0.6306306306306306,0.9864864864864865,0.09263747861093917,0.21099648273609894
cosine,3,5,0.4954954954954955,0.4954954954954955,0.918918918918919,0.13280889955316286,0.2239053330010937
euclidean,3,5,0.4774774774774775,0.4774774774774775,0.8198198198198198,0.1411796565708517,0.2246876775099404
pearson,3,5,0.5765765765765767,0.5765765765765767,0.9864864864864865,0.10507729330406546,0.23185470739368572
cosine,3,6,0.5495495495495495,0.5495495495495495,0.8738738738738739,0.12284182558639242,0.24156885064412645
euclidean,3,6,0.4954954954954955,0.4954954954954955,0.8288288288288289,0.13365788930166317,0.24202212093517114
pearson,3,6,0.6396396396396397,0.6396396396396397,0.9864864864864865,0.09769634520232451,0.24545051196680437
cosine,3,7,0.4954954954954955,0.4954954954954955,0.9054054054054054,0.12377147553814252,0.22237724138243434
euclidean,3,7,0.5045045045045046,0.5045045045045046,0.8918918918918919,0.13970911872309974,0.22993794583283608
pearson,3,7,0.5315315315315315,0.5315315315315315,1.0,0.10270791127264006,0.21756598539382443
cosine,3,8,0.5135135135135136,0.5135135135135136,0.8648648648648649,0.16113942973021925,0.26743927065178436
euclidean,3,8,0.4774774774774775,0.4774774774774775,0.7657657657657657,0.16677035997591316,0.26347948485076106
pearson,3,8,0.5945945945945946,0.5945945945945946,0.9864864864864865,0.09800412442454882,0.2326180767008362
cosine,3,9,0.5135135135135134,0.5135135135135134,0.90990990990991,0.11708391070404917,0.23446208979460068
euclidean,3,9,0.5135135135135134,0.5135135135135134,0.8513513513513513,0.13087315371960637,0.23686570434832666
pearson,3,9,0.5675675675675673,0.5675675675675673,0.972972972972973,0.107386712894631,0.2500572821037102
