distance,k,i,precision,recall,mrr,mae,rmse
cosine,3,0,0.42156862745098034,0.42156862745098034,0.9019607843137254,0.1330193696230599,0.2311716487651375
euclidean,3,0,0.4117647058823529,0.4117647058823529,0.8186274509803921,0.14508673370837513,0.2365660603969381
pearson,3,0,0.5980392156862746,0.5980392156862746,1.0,0.08248765843256686,0.21082584313030237
cosine,3,1,0.5098039215686274,0.5098039215686274,0.9509803921568626,0.11349626283595284,0.2218637686548532
euclidean,3,1,0.4705882352941176,0.4705882352941176,0.8480392156862746,0.13317652106079647,0.22661196054835112
pearson,3,1,0.6078431372549019,0.6078431372549019,0.9509803921568626,0.09270328017123865,0.23450673308466946
cosine,3,2,0.4411764705882352,0.4411764705882352,0.9411764705882353,0.12388328641714112,0.2084901118252139
euclidean,3,2,0.4019607843137254,0.4019607843137254,0.8186274509803921,0.13571825067438864,0.21800053640969255
pearson,3,2,0.5392156862745098,0.5392156862745098,0.9705882352941176,0.09592943133013754,0.22561314208661737
cosine,3,3,0.42156862745098034,0.42156862745098034,0.877450980392157,0.1321438193621614,0.23769673930316332
euclidean,3,3,0.4607843137254901,0.4607843137254901,0.7990196078431372,0.14259601044478087,0.23526032491477977
pearson,3,3,0.5392156862745098,0.5392156862745098,1.0,0.09942762523663227,0.2385055468467774
cosine,3,4,0.48039215686274506,0.48039215686274506,0.9264705882352942,0.13199094199175876,0.22657300063931043
euclidean,3,4,0.48039215686274506,0.48039215686274506,0.8137254901960784,0.14864559226166082,0.2367193976928052
pearson,3,4,0.5882352941176471,0.5882352941176471,1.0,0.09050294098482035,0.2338823318281943
cosine,3,5,0.5,0.5,0.8823529411764706,0.12613490058637888,0.2263484084620788
euclidean,3,5,0.4705882352941176,0.4705882352941176,0.8284313725490197,0.13356786943450447,0.22397219249835967
pearson,3,5,0.5588235294117647,0.5588235294117647,0.9852941176470589,0.09994919511681243,0.2268225562550538
cosine,3,6,0.5294117647058824,0.5294117647058824,0.9705882352941176,0.11656009587528997,0.20744025970854624
euclidean,3,6,0.5098039215686274,0.5098039215686274,0.9019607843137254,0.12953405471764695,0.2150271341376653
pearson,3,6,0.5588235294117647,0.5588235294117647,0.9852941176470589,0.11088837141809313,0.2504001700178133
cosine,3,7,0.5294117647058824,0.5294117647058824,0.9215686274509804,0.10798860385647213,0.19669798475163705
euclidean,3,7,0.4411764705882352,0.4411764705882352,0.8921568627450981,0.12269544269269309,0.2115875830188534
pearson,3,7,0.5784313725490197,0.5784313725490197,1.0,0.08453248488736291,0.21781844244811652
cosine,3,8,0.42156862745098034,0.42156862745098034,0.892156862745098,0.11513215592194813,0.22002064196101004
euclidean,3,8,0.39215686274509803,0.39215686274509803,0.7598039215686275,0.13217325846864247,0.23039125845762148
pearson,3,8,0.5980392156862746,0.5980392156862746,1.0,0.08498741276085094,0.2208374445143781
cosine,3,9,0.5294117647058824,0.5294117647058824,0.9117647058823529,0.10695861887901317,0.18568470660843395
euclidean,3,9,0.4509803921568627,0.4509803921568627,0.8088235294117647,0.1181293413271153,0.1900705903119187
pearson,3,9,0.48039215686274506,0.48039215686274506,0.9215686274509803,0.0726709765354776,0.15396714134036998
