distance,k,i,precision,recall,mrr,mae,rmse
cosine,3,0,0.4,0.26666666666666666,0.4,0.06190206507930318,0.17405516147565556
euclidean,3,0,0.0,0.0,0.0,0.05917024563533924,0.17216789680822314
pearson,3,0,0.4,0.36666666666666664,0.5,0.06680822095645518,0.18008997827413348
cosine,3,1,0.8,0.6666666666666666,0.8,0.08006429199645741,0.1431594136405475
euclidean,3,1,0.3,0.5,0.5,0.0651989123598701,0.11563070606356195
pearson,3,1,1.0,0.6666666666666666,1.0,0.06905514662270151,0.13584217081356287
cosine,3,2,0.3,0.26666666666666666,0.4,0.04574037081191459,0.09592973006714414
euclidean,3,2,0.2,0.2,0.2,0.042349945611657246,0.08040643919097912
pearson,3,2,0.4,0.26666666666666666,0.4,0.03562761295080694,0.06634958226616572
cosine,3,3,0.6333333333333333,0.6,0.7,0.06692532947826679,0.14927182737144956
euclidean,3,3,0.4,0.3,0.4,0.06188618747795529,0.14002378920029623
pearson,3,3,0.4333333333333333,0.4,0.5,0.0693167970434984,0.17194234635837913
cosine,3,4,0.4333333333333333,0.5333333333333333,0.8,0.0891555205884034,0.19223773242851774
euclidean,3,4,0.26666666666666666,0.4666666666666666,0.5666666666666667,0.09975522866164509,0.2023761377297601
pearson,3,4,0.29999999999999993,0.4333333333333333,0.4666666666666667,0.0883474175742772,0.21464868695129208
cosine,3,5,0.5,0.5,0.5,0.08887176941630812,0.20167413748815355
euclidean,3,5,0.4,0.3,0.4,0.0770607852567496,0.14888805817676273
pearson,3,5,0.4,0.4666666666666666,0.5,0.07763566841351388,0.1470020887604315
cosine,3,6,0.36666666666666664,0.7,0.8,0.06769202161021926,0.13747083261827722
euclidean,3,6,0.26666666666666666,0.5,0.5,0.06163652678280333,0.10941869144618092
pearson,3,6,1.0,0.9,1.0,0.04895401334039188,0.05622444977372643
cosine,3,7,0.6,0.5,0.6,0.06307913850561718,0.1843983920465039
euclidean,3,7,0.4,0.3,0.4,0.06559852259096105,0.1793292647059164
pearson,3,7,0.7,0.6,0.7,0.04703214306272675,0.1646616069815429
cosine,3,8,0.4666666666666667,0.7,0.8,0.06357074536317674,0.11347810281666758
euclidean,3,8,0.3,0.5,0.5,0.050455415501506784,0.08801578817113388
pearson,3,8,1.0,0.9,1.0,0.038803997013952,0.059789762848580716
cosine,3,9,0.5,0.4,0.6,0.06683181258332485,0.17424477663177518
euclidean,3,9,0.4,0.3,0.4,0.057565924215111364,0.1360494094751122
pearson,3,9,0.7,0.6,0.8,0.04331304350028315,0.07796740797328545
