distance,k,i,precision,recall,mrr,mae,rmse
cosine,1,0,0.3333333333333333,0.3333333333333333,0.3333333333333333,0.08303039230953745,0.18156945626681176
euclidean,1,0,0.3333333333333333,0.3333333333333333,0.3333333333333333,0.08242385435937308,0.18005830026615352
pearson,1,0,0.4444444444444444,0.4444444444444444,0.4444444444444444,0.0821438857121476,0.18278902462990157
cosine,1,1,0.3333333333333333,0.3333333333333333,0.3333333333333333,0.06533902216192158,0.12201749074206823
euclidean,1,1,0.3333333333333333,0.3333333333333333,0.3333333333333333,0.05822216772111895,0.09964634013066044
pearson,1,1,0.3333333333333333,0.3333333333333333,0.3333333333333333,0.05678723302718923,0.09665294898226294
cosine,1,2,0.4444444444444444,0.4444444444444444,0.4444444444444444,0.04995831675214324,0.08612624781198805
euclidean,1,2,0.2222222222222222,0.2222222222222222,0.2222222222222222,0.05880547104317158,0.0912146192625066
pearson,1,2,0.5555555555555556,0.5555555555555556,0.5555555555555556,0.04604281368118049,0.08086091511986855
cosine,1,3,0.4444444444444444,0.4444444444444444,0.4444444444444444,0.06475130567236535,0.12757281461384612
euclidean,1,3,0.2222222222222222,0.2222222222222222,0.2222222222222222,0.07507854835799452,0.13538948698922848
pearson,1,3,0.3333333333333333,0.3333333333333333,0.3333333333333333,0.06541965474826965,0.14121887735759353
cosine,1,4,0.6666666666666666,0.6666666666666666,0.6666666666666666,0.050353004209321865,0.09198134250415685
euclidean,1,4,0.5555555555555556,0.5555555555555556,0.5555555555555556,0.054185858770624866,0.09110089336067587
pearson,1,4,0.6666666666666666,0.6666666666666666,0.6666666666666666,0.044373685114868645,0.07371639566176086
cosine,1,5,0.3333333333333333,0.3333333333333333,0.3333333333333333,0.0891048739977149,0.16633154060386443
euclidean,1,5,0.2222222222222222,0.2222222222222222,0.2222222222222222,0.08904239508590307,0.14782704103115282
pearson,1,5,0.4444444444444444,0.4444444444444444,0.4444444444444444,0.07515195149745123,0.14590694985820682
cosine,1,6,0.2222222222222222,0.2222222222222222,0.2222222222222222,0.09588472110455507,0.1976067669155456
euclidean,1,6,0.1111111111111111,0.1111111111111111,0.1111111111111111,0.09313599917867166,0.18922774841833717
pearson,1,6,0.2222222222222222,0.2222222222222222,0.2222222222222222,0.0883998491186366,0.20578533254915723
cosine,1,7,0.5555555555555556,0.5555555555555556,0.5555555555555556,0.06544561459112751,0.13895644642600916
euclidean,1,7,0.1111111111111111,0.1111111111111111,0.1111111111111111,0.08036962631253847,0.157248881165717
pearson,1,7,0.4444444444444444,0.4444444444444444,0.4444444444444444,0.06742854923530085,0.16178826252853382
cosine,1,8,0.5555555555555556,0.5555555555555556,0.5555555555555556,0.05547476027727883,0.10146275707824393
euclidean,1,8,0.4444444444444444,0.4444444444444444,0.4444444444444444,0.057742995865954334,0.09549230603011323
pearson,1,8,0.6666666666666666,0.6666666666666666,0.6666666666666666,0.04594595700825631,0.07597763610727003
cosine,1,9,0.4444444444444444,0.4444444444444444,0.4444444444444444,0.07789184517798578,0.1554701162643805
euclidean,1,9,0.3333333333333333,0.3333333333333333,0.3333333333333333,0.07457496306346754,0.14015755078411513
pearson,1,9,0.5555555555555556,0.5555555555555556,0.5555555555555556,0.06840392180335948,0.13262132940613394
