distance,k,i,precision,recall,mrr,mae,rmse
cosine,1,0,0.625,0.625,0.625,0.06823314793458392,0.11712539445912507
euclidean,1,0,0.375,0.375,0.375,0.06942566287280498,0.09966629549711191
pearson,1,0,0.75,0.75,0.75,0.06311228182925221,0.11320026177774882
cosine,1,1,0.375,0.375,0.375,0.06361744265202755,0.1403028032238669
euclidean,1,1,0.375,0.375,0.375,0.07055493943854445,0.14195061474201162
pearson,1,1,0.5,0.5,0.5,0.057602634316182726,0.137465651094754
cosine,1,2,0.5,0.5,0.5,0.055157205022296346,0.12444459670252926
euclidean,1,2,0.625,0.625,0.625,0.060544803572934736,0.1239475862467777
pearson,1,2,0.5,0.5,0.5,0.05362238882025613,0.12618297379084278
cosine,1,3,0.875,0.875,0.875,0.04395234666389964,0.07503194004711196
euclidean,1,3,0.25,0.25,0.25,0.06069093896225498,0.09571390372218354
pearson,1,3,0.625,0.625,0.625,0.0447505740744463,0.08854758045995159
cosine,1,4,0.75,0.75,0.75,0.06203553565293398,0.1029384624390816
euclidean,1,4,0.25,0.25,0.25,0.06326822698712854,0.09794056664099532
pearson,1,4,0.75,0.75,0.75,0.054080877446863324,0.08784831896856647
cosine,1,5,0.375,0.375,0.375,0.07067811582867078,0.13559244564042555
euclidean,1,5,0.25,0.25,0.25,0.07256733005891057,0.13273944351141478
pearson,1,5,0.625,0.625,0.625,0.07051592570524969,0.14172475704285442
cosine,1,6,0.625,0.625,0.625,0.06552666177536427,0.12285076886046208
euclidean,1,6,0.5,0.5,0.5,0.0711362002232915,0.12382114146359906
pearson,1,6,0.625,0.625,0.625,0.06312120599209059,0.12937668221094603
cosine,1,7,0.75,0.75,0.75,0.061932531215164184,0.13086623752380883
euclidean,1,7,0.625,0.625,0.625,0.06941764204489144,0.13086638271233395
pearson,1,7,0.625,0.625,0.625,0.05331845542783784,0.12731919081184773
cosine,1,8,0.625,0.625,0.625,0.05056563757285967,0.09371460677042728
euclidean,1,8,0.5,0.5,0.5,0.06595475011074116,0.10796524833617724
pearson,1,8,0.625,0.625,0.625,0.05879467159753959,0.10690723352077117
cosine,1,9,0.5,0.5,0.5,0.08483128628716827,0.16004203919363325
euclidean,1,9,0.375,0.375,0.375,0.0780152656155537,0.1180097959989222
pearson,1,9,0.5,0.5,0.5,0.08461131628987785,0.16661267689165382
