distance,k,i,precision,recall,mrr,mae,rmse
cosine,2,0,0.5,0.75,0.75,0.10111579800478303,0.16924109620337124
euclidean,2,0,0.375,0.75,0.625,0.09949194983202256,0.16088424911168037
pearson,2,0,0.875,0.875,1.0,0.06892120044945195,0.12512139056851057
cosine,2,1,0.5,0.375,0.5,0.12963417128675853,0.2513017495249737
euclidean,2,1,0.5,0.375,0.5,0.12260292074897522,0.22361127442273016
pearson,2,1,0.25,0.125,0.25,0.1332167832167832,0.2867565162594949
cosine,2,2,0.375,0.5,0.5,0.12840386335151693,0.26989829500762735
euclidean,2,2,0.5,0.375,0.5,0.1297901042379099,0.2669307761811648
pearson,2,2,0.375,0.5,0.5,0.08127212293878959,0.24042984748641139
cosine,2,3,0.5,0.75,0.75,0.13027500125294442,0.2522456364785373
euclidean,2,3,0.375,0.625,0.625,0.10028009952099369,0.1649511700462004
pearson,2,3,0.875,1.0,1.0,0.07903284986618318,0.12081832529621742
cosine,2,4,0.25,0.25,0.25,0.14628781695029194,0.28722424589158235
euclidean,2,4,0.125,0.25,0.25,0.1527856402349032,0.28279352060579405
pearson,2,4,0.5,0.375,0.5,0.13328009439120544,0.2679023985544303
cosine,2,5,0.625,0.625,0.75,0.11005172945411984,0.21742650146902343
euclidean,2,5,0.375,0.625,0.5,0.10921545543070982,0.22441372075175034
pearson,2,5,0.5,0.375,0.5,0.10311708493526674,0.250913673475612
cosine,2,6,0.25,0.25,0.25,0.07722035505654906,0.12074751392903464
euclidean,2,6,0.25,0.25,0.25,0.08214867715143465,0.12821834901670973
pearson,2,6,0.25,0.25,0.25,0.0866122766122766,0.1228496228820015
cosine,2,7,0.5,0.5,0.5,0.18200289841442407,0.3707138018635157
euclidean,2,7,0.5,0.375,0.5,0.1669904014717107,0.32982111537751263
pearson,2,7,0.625,0.625,0.75,0.08320395653728985,0.23958881346484948
cosine,2,8,0.25,0.25,0.25,0.09843344635061729,0.2432060319659992
euclidean,2,8,0.25,0.25,0.25,0.10841216641109758,0.24725146513956936
pearson,2,8,0.5,0.5,0.5,0.09406278187873729,0.24343021164422074
cosine,2,9,0.25,0.25,0.25,0.12853104151821743,0.31593300825148735
euclidean,2,9,0.5,0.5,0.5,0.13335463272576334,0.30669142074797456
pearson,2,9,0.5,0.5,0.5,0.1338332038332038,0.33555865501616
