distance,k,i,precision,recall,mrr,mae,rmse
cosine,2,0,0.6875,0.625,0.875,0.06779824753567062,0.17051903100159832
euclidean,2,0,0.375,0.5,0.5,0.07401263141374856,0.1758492327203752
pearson,2,0,0.5625,0.625,0.875,0.06618753269673795,0.16991990341865082
cosine,2,1,0.6875,0.5625,0.75,0.06731637125931689,0.18982525165347788
euclidean,2,1,0.4375,0.4375,0.5625,0.06581879877948707,0.1828143549896791
pearson,2,1,0.625,0.5,0.75,0.06607679078619141,0.19029463233199984
cosine,2,2,0.5,0.625,0.75,0.06766617211071789,0.1552922638772228
euclidean,2,2,0.5,0.5625,0.6875,0.06680080143461001,0.15101950196038144
pearson,2,2,0.5,0.625,0.75,0.06706107975286907,0.16538702375551442
cosine,2,3,0.5,0.6875,0.75,0.04850843799813302,0.08443667350957572
euclidean,2,3,0.3125,0.5625,0.5625,0.04987394200305522,0.08408708415785544
pearson,2,3,0.6875,0.75,0.875,0.044333144697551986,0.06195566774177722
cosine,2,4,0.4375,0.3125,0.5,0.08192702148756467,0.20285854099156145
euclidean,2,4,0.25,0.125,0.25,0.0750191556250186,0.19275747179948613
pearson,2,4,0.4375,0.375,0.5625,0.08691579999159871,0.2094988865782372
cosine,2,5,0.5625,0.6875,0.8125,0.06337277212651753,0.16843206563842833
euclidean,2,5,0.4375,0.5,0.5,0.07240193502230347,0.17604561000705787
pearson,2,5,0.5625,0.6875,0.6875,0.06549943648214519,0.17647582879861395
cosine,2,6,0.5625,0.5625,0.6875,0.05061183196009633,0.1264989396690461
euclidean,2,6,0.4375,0.5625,0.625,0.055382007421111344,0.12361233574907644
pearson,2,6,0.75,0.625,0.75,0.04409054849799172,0.11440084006132178
cosine,2,7,0.5,0.5,0.5625,0.06008764518160427,0.10752145789015477
euclidean,2,7,0.5625,0.4375,0.5625,0.05218499550114302,0.1000586548735434
pearson,2,7,0.5,0.4375,0.625,0.0660724357932951,0.11527588989256235
cosine,2,8,0.4375,0.5,0.625,0.0809680341916733,0.17302868764146978
euclidean,2,8,0.375,0.5,0.5,0.0556806882926164,0.08848773561521267
pearson,2,8,0.625,0.5625,0.6875,0.06478160367726035,0.13570364247795558
cosine,2,9,0.6875,0.5,0.6875,0.06589295926092492,0.16044505118034846
euclidean,2,9,0.5,0.25,0.5,0.07175324045268135,0.17572681547920066
pearson,2,9,0.6875,0.5,0.6875,0.06336115701656031,0.16117262184921152
