distance,k,i,precision,recall,mrr,mae,rmse
cosine,2,0,0.5833333333333334,0.75,0.8333333333333334,0.07055354829502927,0.14393429524235654
euclidean,2,0,0.4166666666666667,0.75,0.6666666666666666,0.07259447320221026,0.14321423025874333
pearson,2,0,0.5,0.75,0.8333333333333334,0.0469535970704404,0.0791885709506822
cosine,2,1,0.5833333333333334,0.8333333333333334,0.6666666666666666,0.12495707049066661,0.2968306206684851
euclidean,2,1,0.4166666666666667,0.8333333333333334,0.6666666666666666,0.11556174760984131,0.2619311674169578
pearson,2,1,0.9166666666666666,1.0,0.9166666666666666,0.05630299692966653,0.16308659923541038
cosine,2,2,0.4166666666666667,0.5833333333333334,0.5833333333333334,0.09556805148178035,0.22153689144324615
euclidean,2,2,0.4166666666666667,0.5833333333333334,0.5833333333333334,0.1015396879179426,0.21010356975860509
pearson,2,2,0.5,0.75,0.75,0.07964425689910243,0.2294018392675374
cosine,2,3,0.75,1.0,1.0,0.05335255601326345,0.0931042796231798
euclidean,2,3,0.4166666666666667,0.75,0.75,0.05707211448023542,0.10735464231443034
pearson,2,3,0.8333333333333334,1.0,0.9166666666666666,0.05389797789997218,0.1084810367660366
cosine,2,4,0.6666666666666666,0.8333333333333334,0.75,0.09422378913561817,0.2095293907072758
euclidean,2,4,0.4166666666666667,0.75,0.5833333333333334,0.0757457844696911,0.15260129963146882
pearson,2,4,0.6666666666666666,0.8333333333333334,0.8333333333333334,0.07033317568131549,0.13938602544332923
cosine,2,5,0.5,0.8333333333333334,0.8333333333333334,0.07858136486278922,0.16134755959555808
euclidean,2,5,0.4166666666666667,0.75,0.5833333333333334,0.08387531758190202,0.1685050433425425
pearson,2,5,0.9166666666666666,0.9166666666666666,1.0,0.029477139923585277,0.041952922478559314
cosine,2,6,0.75,0.8333333333333334,0.8333333333333334,0.045771379273150906,0.11632985627283975
euclidean,2,6,0.4166666666666667,0.75,0.6666666666666666,0.052449857963866794,0.10466806825461275
pearson,2,6,0.8333333333333334,0.9166666666666666,0.9166666666666666,0.041016762725614775,0.13200585576731258
cosine,2,7,0.6666666666666666,0.5833333333333334,0.6666666666666666,0.10836429280934406,0.23634438877226788
euclidean,2,7,0.4166666666666667,0.5,0.5,0.10089306840304241,0.22545577532172004
pearson,2,7,0.8333333333333334,0.75,0.8333333333333334,0.08155195085552681,0.20154597592473322
cosine,2,8,0.5,0.5833333333333334,0.5833333333333334,0.10330219358880952,0.24381967936190793
euclidean,2,8,0.5,0.5833333333333334,0.5833333333333334,0.10164462225191505,0.21969753284102436
pearson,2,8,0.5833333333333334,0.6666666666666666,0.75,0.07605478355334248,0.21525358871739064
cosine,2,9,0.4166666666666667,0.5833333333333334,0.5833333333333334,0.07885759559781332,0.22924640593367257
euclidean,2,9,0.5,0.5,0.5,0.08508574833082909,0.21342638585935833
pearson,2,9,0.5833333333333334,0.75,0.75,0.06213277325126049,0.21653728469827282
