distance,k,i,precision,recall,mrr,mae,rmse
cosine,2,0,0.8333333333333334,0.8333333333333334,0.8888888888888888,0.058309400122091425,0.08662272727234391
euclidean,2,0,0.8333333333333334,0.7777777777777778,0.8888888888888888,0.06562507347920518,0.09142156794562918
pearson,2,0,0.8333333333333334,0.7777777777777778,0.8888888888888888,0.06380369051023167,0.17233384865085674
cosine,2,1,0.8888888888888888,0.7777777777777778,0.8888888888888888,0.06557013234636977,0.13453399229742644
euclidean,2,1,0.8888888888888888,0.7777777777777778,0.8888888888888888,0.0771296349281409,0.1472280825257416
pearson,2,1,0.6111111111111112,0.5555555555555556,0.6111111111111112,0.08743986901632773,0.25014290643455134
cosine,2,2,0.8333333333333334,0.8333333333333334,0.8888888888888888,0.03376707353170256,0.054077601822757566
euclidean,2,2,0.8888888888888888,0.7777777777777778,0.8888888888888888,0.03371010525670843,0.050610178127353446
pearson,2,2,0.7777777777777778,0.7777777777777778,0.8333333333333334,0.06447378377693357,0.18926398212404302
cosine,2,3,0.8333333333333334,0.8333333333333334,0.8888888888888888,0.06777988795848176,0.12075570856036388
euclidean,2,3,0.8888888888888888,0.8333333333333334,0.8888888888888888,0.08218182260164034,0.14776812141229576
pearson,2,3,0.6111111111111112,0.5555555555555556,0.6666666666666666,0.09757654476640198,0.2774852279395928
cosine,2,4,0.8888888888888888,0.8333333333333334,0.8888888888888888,0.024182302103776938,0.04769469946782679
euclidean,2,4,0.8888888888888888,0.7777777777777778,0.8888888888888888,0.028381739589233835,0.04951012112615182
pearson,2,4,0.8333333333333334,0.7777777777777778,0.8333333333333334,0.03898788268515657,0.16154365414593755
cosine,2,5,0.8888888888888888,0.7777777777777778,0.8888888888888888,0.061125780199271625,0.13273319067647663
euclidean,2,5,0.8888888888888888,0.7777777777777778,0.8888888888888888,0.0692517664143751,0.14195778285578886
pearson,2,5,0.6666666666666666,0.6111111111111112,0.6666666666666666,0.08905412036980317,0.25316533021905585
cosine,2,6,0.8888888888888888,0.7777777777777778,0.8888888888888888,0.08023179601228292,0.15667826576908372
euclidean,2,6,0.8888888888888888,0.7777777777777778,0.8888888888888888,0.08927660369360788,0.17036503692616442
pearson,2,6,0.4444444444444444,0.3333333333333333,0.4444444444444444,0.13602432758365163,0.3293337807138355
cosine,2,7,0.8888888888888888,0.7777777777777778,0.8888888888888888,0.05659556044950798,0.11651131455730458
euclidean,2,7,0.8888888888888888,0.7777777777777778,0.8888888888888888,0.056267993577701805,0.11658686396797664
pearson,2,7,0.7777777777777778,0.6666666666666666,0.7777777777777778,0.060418140433749906,0.1887668351596763
cosine,2,8,0.1111111111111111,0.1111111111111111,0.1111111111111111,0.038196637278748884,0.054914110469362745
euclidean,2,8,0.1111111111111111,0.1111111111111111,0.1111111111111111,0.03708688786015741,0.05105125979825969
pearson,2,8,0.16666666666666666,0.16666666666666666,0.16666666666666666,0.0390231209500436,0.07109657930949174
cosine,2,9,0.8888888888888888,0.7777777777777778,0.8888888888888888,0.09358553760560435,0.1943625128872525
euclidean,2,9,0.8888888888888888,0.7777777777777778,0.8888888888888888,0.0931981618068105,0.19465009863156074
pearson,2,9,0.7777777777777778,0.7222222222222222,0.7777777777777778,0.0782414903062632,0.19880346446206357
