distance,k,i,precision,recall,mrr,mae,rmse
cosine,3,0,0.3888888888888889,0.2962962962962963,0.4444444444444444,0.07273475341676108,0.21709500342322688
euclidean,3,0,0.6666666666666666,0.48148148148148145,0.6666666666666666,0.07354364528159088,0.2078785752043788
pearson,3,0,0.3888888888888889,0.3333333333333333,0.4444444444444444,0.07474651220280801,0.23397709383559545
cosine,3,1,0.7777777777777778,0.5185185185185185,0.7777777777777778,0.060612548320786344,0.1782957091238331
euclidean,3,1,0.6666666666666666,0.48148148148148145,0.6666666666666666,0.06112182646984734,0.17470396273276267
pearson,3,1,0.7777777777777778,0.6111111111111112,0.7777777777777778,0.04865511969763404,0.16686404897227497
cosine,3,2,0.8148148148148148,0.7407407407407407,0.8888888888888888,0.04492698456482289,0.12096750249512114
euclidean,3,2,0.7037037037037037,0.7037037037037037,0.7592592592592592,0.04355239479927469,0.11461542902481296
pearson,3,2,0.9444444444444444,0.8148148148148148,1.0,0.02786377651393516,0.04600101163269611
cosine,3,3,0.8333333333333334,0.7037037037037037,0.8888888888888888,0.05055679210852236,0.13259759609341906
euclidean,3,3,0.7222222222222222,0.5925925925925926,0.7777777777777778,0.05199739754049621,0.1292147440517502
pearson,3,3,0.7222222222222222,0.7037037037037037,0.7777777777777778,0.05102731816190856,0.13730844892757277
cosine,3,4,0.7222222222222222,0.6481481481481481,0.8888888888888888,0.05288274024906574,0.13148004745668423
euclidean,3,4,0.4444444444444444,0.5925925925925926,0.7222222222222222,0.05258804859093652,0.10348352525747243
pearson,3,4,0.8888888888888888,0.6481481481481481,0.8888888888888888,0.03480693666229259,0.056402945088581985
cosine,3,5,0.8333333333333334,0.7777777777777778,1.0,0.04425703812519722,0.09268920975432071
euclidean,3,5,0.5555555555555555,0.7407407407407407,0.8888888888888888,0.051957243599271265,0.10280521757261363
pearson,3,5,1.0,0.7777777777777778,1.0,0.03532219581542075,0.07059186363808025
cosine,3,6,0.8333333333333334,0.6296296296296295,0.8888888888888888,0.05140325208408981,0.13559533799585535
euclidean,3,6,0.6666666666666666,0.5925925925925926,0.7777777777777778,0.050211232727142924,0.13133947155562145
pearson,3,6,0.8888888888888888,0.7222222222222222,0.8888888888888888,0.04369072131633673,0.12713993141043306
cosine,3,7,0.8333333333333334,0.6666666666666666,0.8333333333333334,0.06267077716798332,0.18173372534467636
euclidean,3,7,0.6666666666666666,0.5925925925925926,0.7222222222222222,0.06270549887640252,0.1751763689292584
pearson,3,7,0.6666666666666666,0.4444444444444444,0.6666666666666666,0.05809768973257013,0.20164483680382253
cosine,3,8,0.2222222222222222,0.2962962962962963,0.3333333333333333,0.04290187262274992,0.08422170236619668
euclidean,3,8,0.2222222222222222,0.25925925925925924,0.2777777777777778,0.04557282192602663,0.08364977853874521
pearson,3,8,0.2777777777777778,0.2962962962962963,0.3333333333333333,0.031574255675345636,0.06523383102835935
cosine,3,9,0.7962962962962963,0.8333333333333334,1.0,0.047706514268093164,0.0979319200998821
euclidean,3,9,0.4259259259259259,0.7407407407407407,0.8333333333333334,0.052927218208620556,0.11510717926329571
pearson,3,9,0.7777777777777778,0.5185185185185185,0.7777777777777778,0.05738652809985583,0.15002740247475344
