distance,k,i,precision,recall,mrr,mae,rmse
cosine,1,0,0.5555555555555556,0.5555555555555556,0.5555555555555556,0.055233514326875455,0.12476644703434167
euclidean,1,0,0.5555555555555556,0.5555555555555556,0.5555555555555556,0.054144363541901996,0.12214303146465666
pearson,1,0,0.5555555555555556,0.5555555555555556,0.5555555555555556,0.05825144206500945,0.1290430217075996
cosine,1,1,0.6666666666666666,0.6666666666666666,0.6666666666666666,0.05096822576653474,0.09056352777287228
euclidean,1,1,0.5555555555555556,0.5555555555555556,0.5555555555555556,0.06238227692767429,0.10497456561022928
pearson,1,1,0.6666666666666666,0.6666666666666666,0.6666666666666666,0.05502967766666822,0.11576192998007684
cosine,1,2,0.5555555555555556,0.5555555555555556,0.5555555555555556,0.06482320753946867,0.12846370163374782
euclidean,1,2,0.5555555555555556,0.5555555555555556,0.5555555555555556,0.059671390842878314,0.096656412778224
pearson,1,2,0.6666666666666666,0.6666666666666666,0.6666666666666666,0.04627115807731252,0.07985078757747416
cosine,1,3,0.5555555555555556,0.5555555555555556,0.5555555555555556,0.05088059816594339,0.09206187838678016
euclidean,1,3,0.6666666666666666,0.6666666666666666,0.6666666666666666,0.051207744883769786,0.09309590275308724
pearson,1,3,0.4444444444444444,0.4444444444444444,0.4444444444444444,0.04549506093993749,0.086392848289064
cosine,1,4,0.5555555555555556,0.5555555555555556,0.5555555555555556,0.05357750017316302,0.10249021656086296
euclidean,1,4,0.5555555555555556,0.5555555555555556,0.5555555555555556,0.059416603921192156,0.10734235461787321
pearson,1,4,0.5555555555555556,0.5555555555555556,0.5555555555555556,0.053611467041930656,0.10247340216090774
cosine,1,5,0.5555555555555556,0.5555555555555556,0.5555555555555556,0.08476194235927141,0.14534454875532704
euclidean,1,5,0.5555555555555556,0.5555555555555556,0.5555555555555556,0.0721411516158577,0.12633050400428444
pearson,1,5,0.6666666666666666,0.6666666666666666,0.6666666666666666,0.09319386632943355,0.1894899781720832
cosine,1,6,0.6666666666666666,0.6666666666666666,0.6666666666666666,0.05655936974875735,0.10365485129467834
euclidean,1,6,0.5555555555555556,0.5555555555555556,0.5555555555555556,0.05835659947088911,0.10630367244571823
pearson,1,6,0.6666666666666666,0.6666666666666666,0.6666666666666666,0.052132086917701936,0.10113506404843613
cosine,1,7,0.5555555555555556,0.5555555555555556,0.5555555555555556,0.052999089371801894,0.08629338557428769
euclidean,1,7,0.5555555555555556,0.5555555555555556,0.5555555555555556,0.051254307081165594,0.08071786339349812
pearson,1,7,0.4444444444444444,0.4444444444444444,0.4444444444444444,0.053548680402798914,0.09085811420392231
cosine,1,8,0.7777777777777778,0.7777777777777778,0.7777777777777778,0.04507896592885895,0.09808450782593536
euclidean,1,8,0.6666666666666666,0.6666666666666666,0.6666666666666666,0.046751683812926825,0.07261320808181683
pearson,1,8,0.6666666666666666,0.6666666666666666,0.6666666666666666,0.05901134222965577,0.11548095923205419
cosine,1,9,0.6666666666666666,0.6666666666666666,0.6666666666666666,0.06717294541770766,0.13422322251546115
euclidean,1,9,0.5555555555555556,0.5555555555555556,0.5555555555555556,0.06671818526899186,0.13383662406559865
pearson,1,9,0.5555555555555556,0.5555555555555556,0.5555555555555556,0.06874207015575257,0.16578703868909464
