distance,k,i,precision,recall,mrr,mae,rmse
cosine,1,0,0.8333333333333334,0.8333333333333334,0.8333333333333334,0.04769110532358913,0.14663359795404798
euclidean,1,0,0.5,0.5,0.5,0.05362600817515981,0.12193622498704952
pearson,1,0,1.0,1.0,1.0,0.03167586156105327,0.04437140906084127
cosine,1,1,0.8333333333333334,0.8333333333333334,0.8333333333333334,0.07998186062007405,0.17219350503927064
euclidean,1,1,0.3333333333333333,0.3333333333333333,0.3333333333333333,0.07759938825010275,0.1846349982907258
pearson,1,1,0.8333333333333334,0.8333333333333334,0.8333333333333334,0.05632364778623739,0.12698202083303037
cosine,1,2,1.0,1.0,1.0,0.06240753052775055,0.11864964889478388
euclidean,1,2,0.5,0.5,0.5,0.07780160186065846,0.14353106988738448
pearson,1,2,1.0,1.0,1.0,0.054645929117539675,0.1072302477517827
cosine,1,3,0.8333333333333334,0.8333333333333334,0.8333333333333334,0.054235125216567814,0.1329767843053647
euclidean,1,3,0.5,0.5,0.5,0.05981818749611825,0.13162684780070277
pearson,1,3,0.6666666666666666,0.6666666666666666,0.6666666666666666,0.060672383637022397,0.18132922952405384
cosine,1,4,0.8333333333333334,0.8333333333333334,0.8333333333333334,0.07993865241555952,0.19916226628081088
euclidean,1,4,0.8333333333333334,0.8333333333333334,0.8333333333333334,0.08179824745545243,0.18072603256163586
pearson,1,4,0.8333333333333334,0.8333333333333334,0.8333333333333334,0.05578968663504143,0.12245379485308751
cosine,1,5,0.5,0.5,0.5,0.09569256387250052,0.2131810793427927
euclidean,1,5,0.6666666666666666,0.6666666666666666,0.6666666666666666,0.10529622126944552,0.22763590748083415
pearson,1,5,0.3333333333333333,0.3333333333333333,0.3333333333333333,0.11147065769903834,0.24827353028346422
cosine,1,6,0.5,0.5,0.5,0.0930127303841117,0.23899710728554252
euclidean,1,6,0.5,0.5,0.5,0.09066926611181952,0.23049744017963006
pearson,1,6,0.5,0.5,0.5,0.09269013926567073,0.2551937906757355
cosine,1,7,0.6666666666666666,0.6666666666666666,0.6666666666666666,0.05413778558809277,0.09872690238556876
euclidean,1,7,0.5,0.5,0.5,0.07133740675682965,0.12785051821425542
pearson,1,7,0.6666666666666666,0.6666666666666666,0.6666666666666666,0.056645245332129744,0.1082901904505125
cosine,1,8,1.0,1.0,1.0,0.04493240892624641,0.12174740499703735
euclidean,1,8,0.5,0.5,0.5,0.05557190276194699,0.13246920903137516
pearson,1,8,1.0,1.0,1.0,0.0420200264993217,0.08974138333190528
cosine,1,9,0.16666666666666666,0.16666666666666666,0.16666666666666666,0.12642300033130363,0.27140227644798837
euclidean,1,9,0.3333333333333333,0.3333333333333333,0.3333333333333333,0.11005011962191347,0.2533044000968367
pearson,1,9,0.16666666666666666,0.16666666666666666,0.16666666666666666,0.11144181040627625,0.25790196012705385
