distance,k,i,precision,recall,mrr,mae,rmse
cosine,3,0,0.8888888888888888,0.8333333333333334,0.8888888888888888,0.06777967223300559,0.15017730901918325
euclidean,3,0,0.8888888888888888,0.8333333333333334,0.8888888888888888,0.07318177718006552,0.15037963662960296
pearson,3,0,0.7777777777777778,0.7222222222222222,0.7777777777777778,0.052565740823905804,0.16576057916549894
cosine,3,1,0.8888888888888888,0.8333333333333334,0.8888888888888888,0.046053319412404856,0.0861979162436843
euclidean,3,1,0.8888888888888888,0.8333333333333334,0.8888888888888888,0.05045187335166179,0.09367863627616355
pearson,3,1,0.5555555555555556,0.5,0.5555555555555556,0.08941596752599214,0.27136592163768114
cosine,3,2,0.8333333333333334,0.8333333333333334,0.8888888888888888,0.08741183648006216,0.15336967674355256
euclidean,3,2,0.8518518518518517,0.8333333333333334,0.8888888888888888,0.09609626681950893,0.15854646802400493
pearson,3,2,0.6111111111111112,0.6111111111111112,0.6666666666666666,0.1061991633001862,0.27622236135862027
cosine,3,3,0.8333333333333334,0.8333333333333334,0.8888888888888888,0.05194340775269584,0.10317188021958076
euclidean,3,3,0.8888888888888888,0.8333333333333334,0.8888888888888888,0.05189130728371859,0.09846989952758471
pearson,3,3,0.574074074074074,0.6111111111111112,0.6111111111111112,0.09358820421464424,0.2750507950736452
cosine,3,4,0.8333333333333334,0.8333333333333334,0.8888888888888888,0.05272252236778287,0.08053538275076806
euclidean,3,4,0.8888888888888888,0.8333333333333334,0.8888888888888888,0.06096212696918625,0.0844367330177988
pearson,3,4,0.574074074074074,0.6666666666666666,0.6111111111111112,0.08231597670850603,0.2522887688139324
cosine,3,5,0.8888888888888888,0.8333333333333334,0.8888888888888888,0.042042481780036736,0.06701876053999918
euclidean,3,5,0.8888888888888888,0.8333333333333334,0.8888888888888888,0.04374091951051716,0.0669709837857527
pearson,3,5,0.7407407407407407,0.7222222222222222,0.7222222222222222,0.07251560638389713,0.22561432311440294
cosine,3,6,0.8888888888888888,0.8333333333333334,0.8888888888888888,0.06997497837545533,0.10716568844214013
euclidean,3,6,0.8333333333333334,0.7777777777777778,0.8888888888888888,0.07058082259654244,0.10050514593092942
pearson,3,6,0.5925925925925926,0.5555555555555556,0.5925925925925926,0.11503792237237039,0.29037858717658516
cosine,3,7,0.8888888888888888,0.7777777777777778,0.8888888888888888,0.05655821725727132,0.11673233061123597
euclidean,3,7,0.8888888888888888,0.7777777777777778,0.8888888888888888,0.05756509473497094,0.11772162760025236
pearson,3,7,0.6111111111111112,0.5555555555555556,0.6111111111111112,0.0983373840001738,0.2703089893129929
cosine,3,8,0.8888888888888888,0.8333333333333334,0.8888888888888888,0.06134843387513941,0.09512565018476205
euclidean,3,8,0.8333333333333334,0.7777777777777778,0.8888888888888888,0.05757834039257101,0.08959892219638611
pearson,3,8,0.7777777777777778,0.6666666666666666,0.7777777777777778,0.08237778565241546,0.23101569416314452
cosine,3,9,0.8333333333333334,0.8333333333333334,0.8888888888888888,0.0686491139792197,0.1756912017558137
euclidean,3,9,0.8333333333333334,0.7777777777777778,0.8888888888888888,0.06894045091162733,0.17413499565495558
pearson,3,9,0.8888888888888888,0.7777777777777778,0.8888888888888888,0.0482368386103263,0.16311915598444698
