distance,k,i,precision,recall,mrr,mae,rmse
cosine,2,0,0.5,0.6111111111111112,0.6111111111111112,0.08809679531164909,0.21750694486051445
euclidean,2,0,0.4444444444444444,0.5555555555555556,0.5555555555555556,0.08980683140165524,0.2262284092752058
pearson,2,0,0.5555555555555556,0.6111111111111112,0.6666666666666666,0.06841372368451212,0.21252858081748077
cosine,2,1,0.6666666666666666,0.8888888888888888,0.8888888888888888,0.08258829930925363,0.1429990497530105
euclidean,2,1,0.5555555555555556,0.7777777777777778,0.6666666666666666,0.07844333749673212,0.12831388241698824
pearson,2,1,0.7777777777777778,0.8333333333333334,0.8888888888888888,0.0606617301261216,0.14056082197560776
cosine,2,2,0.5,0.4375,0.5,0.10830312721392546,0.2558464752556027
euclidean,2,2,0.375,0.25,0.375,0.11004299097066572,0.2579529792857342
pearson,2,2,0.5,0.4375,0.5,0.10096537976065172,0.2592437286395859
cosine,2,3,0.6111111111111112,0.7222222222222222,0.7222222222222222,0.10990889139245776,0.22217643365398734
euclidean,2,3,0.6111111111111112,0.7777777777777778,0.7222222222222222,0.10106201619002579,0.20203295906518529
pearson,2,3,0.6111111111111112,0.6666666666666666,0.6666666666666666,0.10055457761843059,0.24496514168152644
cosine,2,4,0.5555555555555556,0.7222222222222222,0.7222222222222222,0.10182734251311829,0.21133576349282915
euclidean,2,4,0.5555555555555556,0.6666666666666666,0.6111111111111112,0.10479631674828871,0.2150476317411708
pearson,2,4,0.6111111111111112,0.7222222222222222,0.7222222222222222,0.09062514806264446,0.22503159077832113
cosine,2,5,0.5555555555555556,0.7222222222222222,0.7777777777777778,0.08415019189710467,0.21572921930764793
euclidean,2,5,0.5,0.6666666666666666,0.6666666666666666,0.08424616103090223,0.20113492378600484
pearson,2,5,0.5555555555555556,0.7222222222222222,0.7777777777777778,0.06378448825348815,0.191552874169238
cosine,2,6,0.5555555555555556,0.5555555555555556,0.5555555555555556,0.07413993422326463,0.14814292895071043
euclidean,2,6,0.4444444444444444,0.5555555555555556,0.5,0.07336363344641054,0.12703934886257862
pearson,2,6,0.7777777777777778,0.7222222222222222,0.7777777777777778,0.061000573102261216,0.10189966507730215
cosine,2,7,0.5555555555555556,0.7222222222222222,0.7222222222222222,0.0924372476282646,0.18775221830342761
euclidean,2,7,0.4444444444444444,0.6666666666666666,0.6111111111111112,0.10157619640078196,0.18087065919595524
pearson,2,7,0.7777777777777778,0.8888888888888888,0.8888888888888888,0.05399611838107778,0.15420928975709625
cosine,2,8,0.6111111111111112,0.8333333333333334,0.8333333333333334,0.07133925565776188,0.1670912335607816
euclidean,2,8,0.5555555555555556,0.6666666666666666,0.6111111111111112,0.07299942388617008,0.15084409039534472
pearson,2,8,0.8333333333333334,1.0,0.8888888888888888,0.06848725325338002,0.13866935995276114
cosine,2,9,0.5555555555555556,0.7222222222222222,0.7777777777777778,0.10808677274968595,0.19098631233263863
euclidean,2,9,0.5,0.6666666666666666,0.6111111111111112,0.10932929685454791,0.18186138715047626
pearson,2,9,0.7222222222222222,0.7777777777777778,0.7777777777777778,0.06957056174275333,0.16791185177865187
