distance,k,i,precision,recall,mrr,mae,rmse
cosine,2,0,0.5555555555555556,0.6111111111111112,0.7222222222222222,0.08619355875636477,0.15653417274341222
euclidean,2,0,0.5555555555555556,0.6666666666666666,0.8888888888888888,0.07603100963522538,0.13067190909310528
pearson,2,0,0.7222222222222222,0.6111111111111112,0.7777777777777778,0.07893486890728751,0.1725521708268781
cosine,2,1,0.8888888888888888,0.6666666666666666,0.8888888888888888,0.06066073148886674,0.1352462911095944
euclidean,2,1,0.7777777777777778,0.5,0.7777777777777778,0.06490233971232946,0.13788304810528776
pearson,2,1,0.9444444444444444,0.6111111111111112,0.9444444444444444,0.06738499683250418,0.1551588932179157
cosine,2,2,0.8333333333333334,0.6666666666666666,0.8888888888888888,0.05221258895635076,0.11077512324656126
euclidean,2,2,0.8888888888888888,0.6111111111111112,0.8888888888888888,0.05308071290226818,0.10612824867094486
pearson,2,2,0.6111111111111112,0.5,0.6666666666666666,0.05176732912501296,0.12921472283931248
cosine,2,3,0.7222222222222222,0.7222222222222222,0.8333333333333334,0.06074990036721762,0.12257212537920276
euclidean,2,3,0.7777777777777778,0.6111111111111112,0.8333333333333334,0.06038013919304164,0.11846665290279208
pearson,2,3,0.7222222222222222,0.6666666666666666,0.8333333333333334,0.054729586274739686,0.14802421987019104
cosine,2,4,0.7222222222222222,0.7222222222222222,0.8333333333333334,0.04457829803689013,0.08803011822426332
euclidean,2,4,0.7222222222222222,0.5,0.7777777777777778,0.045344674812889216,0.07607113281305523
pearson,2,4,0.7222222222222222,0.6666666666666666,0.8333333333333334,0.041821610267008265,0.07457702655989881
cosine,2,5,0.7222222222222222,0.7222222222222222,0.8888888888888888,0.05109523613707805,0.09030900819789986
euclidean,2,5,0.6111111111111112,0.6666666666666666,0.8888888888888888,0.05161582392747922,0.08207287075609307
pearson,2,5,0.6666666666666666,0.6111111111111112,0.8888888888888888,0.044646119978433374,0.09069765389154484
cosine,2,6,0.5555555555555556,0.6666666666666666,0.8333333333333334,0.059575285717116566,0.11739371734566725
euclidean,2,6,0.6111111111111112,0.6666666666666666,0.8888888888888888,0.06209958527992964,0.12042690786222195
pearson,2,6,0.5,0.5555555555555556,0.7222222222222222,0.06019711342084077,0.14855545745164794
cosine,2,7,0.7222222222222222,0.7222222222222222,0.8333333333333334,0.06186574808988246,0.1115595631336578
euclidean,2,7,0.5555555555555556,0.6666666666666666,0.8888888888888888,0.05437486463262166,0.08759058080008482
pearson,2,7,0.7222222222222222,0.6666666666666666,0.8333333333333334,0.05346215272764979,0.09365577470896856
cosine,2,8,0.7777777777777778,0.7222222222222222,0.8333333333333334,0.07022275412948552,0.14257328757001983
euclidean,2,8,0.7222222222222222,0.6111111111111112,0.7777777777777778,0.07100522285281856,0.14143900834891207
pearson,2,8,0.7222222222222222,0.6111111111111112,0.7777777777777778,0.07915537447585361,0.17497843568433769
cosine,2,9,0.6111111111111112,0.6666666666666666,0.8333333333333334,0.05693811479327429,0.09778623993558852
euclidean,2,9,0.5,0.5555555555555556,0.7777777777777778,0.05883008876218733,0.09443712497306907
pearson,2,9,0.5555555555555556,0.6666666666666666,0.8333333333333334,0.06196145126863839,0.10614983261124607
