distance,k,i,precision,recall,mrr,mae,rmse
cosine,1,0,0.5,0.5,0.5,0.12346641527361849,0.23919721144402123
euclidean,1,0,0.5,0.5,0.5,0.09488613807123797,0.15452491553156897
pearson,1,0,0.75,0.75,0.75,0.06417450861895307,0.10553354279270408
cosine,1,1,0.5,0.5,0.5,0.1358719753119231,0.2748098859338107
euclidean,1,1,0.5,0.5,0.5,0.14085474637987475,0.28099379803169644
pearson,1,1,0.5,0.5,0.5,0.11013986013986016,0.25389679733749676
cosine,1,2,0.5,0.5,0.5,0.10994417453254103,0.2650908699494791
euclidean,1,2,0.5,0.5,0.5,0.11307535698062082,0.2654000606705986
pearson,1,2,0.75,0.75,0.75,0.08978675645342311,0.2410737921921455
cosine,1,3,0.5,0.5,0.5,0.14009760993028095,0.25628182490727586
euclidean,1,3,0.25,0.25,0.25,0.12158677167780223,0.2333543075096655
pearson,1,3,0.75,0.75,0.75,0.10261938915785068,0.25561874805873114
cosine,1,4,0.25,0.25,0.25,0.11983912626612635,0.21124103787633056
euclidean,1,4,0.25,0.25,0.25,0.11248357144192332,0.1822403441059769
pearson,1,4,0.5,0.5,0.5,0.08475351808685144,0.11834365490531085
cosine,1,5,0.5,0.5,0.5,0.09541818080201932,0.20631745949198693
euclidean,1,5,0.5,0.5,0.5,0.09977925345685541,0.2075168003636709
pearson,1,5,0.5,0.5,0.5,0.10617197617197617,0.2445901504097998
cosine,1,6,0.0,0.0,0.0,0.05794024001104468,0.08082220592159092
euclidean,1,6,0.0,0.0,0.0,0.0644765832535988,0.08657679358001269
pearson,1,6,0.0,0.0,0.0,0.08989143572476904,0.10745287262414303
cosine,1,7,0.75,0.75,0.75,0.10032736490325816,0.17803706651664736
euclidean,1,7,0.5,0.5,0.5,0.09654817430789266,0.1641351759022986
pearson,1,7,0.75,0.75,0.75,0.08191746525079857,0.14002328321927415
cosine,1,8,0.25,0.25,0.25,0.13062918815751484,0.3148649633010203
euclidean,1,8,0.5,0.5,0.5,0.1488652964437842,0.3120841629111897
pearson,1,8,0.5,0.5,0.5,0.13043253043253036,0.33539594904973397
cosine,1,9,0.0,0.0,0.0,0.05043393078489201,0.07363850822834359
euclidean,1,9,0.0,0.0,0.0,0.06583398238760192,0.0831835795615574
pearson,1,9,0.25,0.25,0.25,0.07331407545193908,0.08468358322966385
