distance,k,i,precision,recall,mrr,mae,rmse
cosine,3,0,0.6666666666666666,0.7222222222222222,0.7037037037037037,0.04418755823173787,0.13188400468297373
euclidean,3,0,0.2777777777777778,0.5555555555555556,0.5,0.04182178725293906,0.08017090314819027
pearson,3,0,0.8333333333333334,0.7222222222222222,0.8333333333333334,0.025565273229937523,0.04767002208269656
cosine,3,1,0.7777777777777778,0.6666666666666666,0.8888888888888888,0.04853297644669055,0.10971504145037958
euclidean,3,1,0.6111111111111112,0.4444444444444444,0.6666666666666666,0.04985106205321147,0.11717468934004799
pearson,3,1,0.6296296296296295,0.6481481481481481,0.7222222222222222,0.05283148504464898,0.13648652531243785
cosine,3,2,0.6666666666666666,0.7222222222222222,0.7037037037037037,0.045212425016643486,0.14533484282423614
euclidean,3,2,0.5,0.5555555555555556,0.5555555555555556,0.049351840164879555,0.14008440854196974
pearson,3,2,0.7592592592592592,0.8148148148148148,0.7777777777777778,0.03470064449211369,0.13000346830025433
cosine,3,3,0.574074074074074,0.6296296296296295,0.6111111111111112,0.05197261575557105,0.14395760579365297
euclidean,3,3,0.5,0.5555555555555556,0.5555555555555556,0.054141449099938406,0.14506538548181733
pearson,3,3,0.537037037037037,0.6111111111111112,0.5925925925925926,0.05087140407547025,0.15680653241201753
cosine,3,4,0.6296296296296295,0.7407407407407407,0.7777777777777778,0.06846716514722291,0.13608751332135818
euclidean,3,4,0.5,0.6666666666666666,0.6111111111111112,0.06519287322235301,0.13510556337638982
pearson,3,4,0.7777777777777778,0.6851851851851851,0.7777777777777778,0.04496658836549218,0.12798963465802934
cosine,3,5,0.6851851851851851,0.8148148148148148,0.7222222222222222,0.06435202553271792,0.19672681282803464
euclidean,3,5,0.5555555555555556,0.6666666666666666,0.6111111111111112,0.05247905911424057,0.11209234894497636
pearson,3,5,0.8333333333333334,0.8518518518518517,0.8888888888888888,0.030845094240323657,0.059536753521393246
cosine,3,6,0.6481481481481481,0.8148148148148148,0.8333333333333334,0.03948625675316884,0.09868560405492038
euclidean,3,6,0.5185185185185185,0.6666666666666666,0.6111111111111112,0.03848923050332461,0.08302652161675315
pearson,3,6,0.7777777777777778,0.8333333333333334,0.7777777777777778,0.04224196928521219,0.12051786179065493
cosine,3,7,0.574074074074074,0.6296296296296295,0.6111111111111112,0.041899217558983404,0.13149560289264164
euclidean,3,7,0.5,0.5555555555555556,0.5,0.04807725107149171,0.13343457480219847
pearson,3,7,0.6666666666666666,0.7037037037037037,0.7222222222222222,0.03624750151791372,0.12408700542917428
cosine,3,8,0.6666666666666666,0.48148148148148145,0.6666666666666666,0.05952427484665484,0.16147020613421287
euclidean,3,8,0.5,0.3888888888888889,0.5555555555555556,0.06342483705411005,0.16347748114466623
pearson,3,8,0.5555555555555556,0.5185185185185185,0.6111111111111112,0.061866414614856424,0.168683718894386
cosine,3,9,0.6111111111111112,0.6666666666666666,0.6481481481481481,0.04766328413016371,0.14887154610366338
euclidean,3,9,0.5,0.5555555555555556,0.5555555555555556,0.04393934711102734,0.10241932510084104
pearson,3,9,0.7592592592592592,0.7592592592592592,0.7777777777777778,0.03142114233774557,0.0785665141687624
