distance,k,i,precision,recall,mrr,mae,rmse
cosine,2,0,0.8125,0.6875,1.0,0.05657917405303236,0.09141239654868745
euclidean,2,0,0.5,0.5,0.6875,0.0642968540490543,0.10450127803235897
pearson,2,0,0.6875,0.625,0.875,0.0625000384151406,0.11222036590890608
cosine,2,1,0.625,0.625,0.8125,0.06290651926913207,0.12056407010816733
euclidean,2,1,0.4375,0.4375,0.5625,0.0695787458670214,0.12238209237094436
pearson,2,1,0.6875,0.6875,0.8125,0.06060664211657281,0.13013977749267192
cosine,2,2,0.6875,0.5625,1.0,0.06189909154969906,0.12478391501606684
euclidean,2,2,0.4375,0.4375,0.625,0.059947223122018924,0.11777684842206834
pearson,2,2,0.75,0.625,1.0,0.05291921751220947,0.09912351177083631
cosine,2,3,0.625,0.375,0.625,0.087147645418146,0.1776804811694001
euclidean,2,3,0.5,0.3125,0.5,0.08304024912723276,0.17137257335707712
pearson,2,3,0.625,0.375,0.625,0.08214286945879688,0.17811819349767483
cosine,2,4,0.5625,0.5625,0.875,0.08570610271200273,0.1400220577874434
euclidean,2,4,0.3125,0.375,0.4375,0.0874006345493243,0.13483761189684884
pearson,2,4,0.875,0.6875,0.875,0.0727715750273471,0.13540612382197129
cosine,2,5,0.5625,0.5625,0.9375,0.05534065686908715,0.09261805125379034
euclidean,2,5,0.375,0.375,0.5,0.05963948589015556,0.09378369686392078
pearson,2,5,0.6875,0.625,0.9375,0.049942785520582525,0.0812817963573147
cosine,2,6,0.875,0.6875,0.9375,0.06468997547552108,0.1253513468003864
euclidean,2,6,0.125,0.0625,0.125,0.06774084073977757,0.13170109983868067
pearson,2,6,0.9375,0.6875,1.0,0.06378844133278441,0.12669685375073375
cosine,2,7,0.4375,0.3125,0.4375,0.05863818264320862,0.126031948407972
euclidean,2,7,0.125,0.125,0.25,0.0659109577942098,0.13370511621197895
pearson,2,7,0.5,0.3125,0.5,0.05217060937418524,0.11872057666024044
cosine,2,8,0.75,0.875,0.875,0.06747658600873864,0.10555765175360751
euclidean,2,8,0.3125,0.3125,0.4375,0.06861662207113313,0.10000500557915874
pearson,2,8,0.6875,0.8125,0.9375,0.06001620033079719,0.10227218182430663
cosine,2,9,0.75,0.6875,1.0,0.048426348675043335,0.08396057577460567
euclidean,2,9,0.5,0.375,0.625,0.057250574539734464,0.09501806151316505
pearson,2,9,0.6875,0.625,0.875,0.060916130612691764,0.10833241201853412
