distance,k,i,precision,recall,mrr,mae,rmse
cosine,3,0,0.375,0.375,0.5,0.14656530244640817,0.2671372466289365
euclidean,3,0,0.25,0.375,0.375,0.13577929169377398,0.24767768244185073
pearson,3,0,0.75,0.5,0.75,0.13727301505079276,0.26008283377725355
cosine,3,1,0.0,0.0,0.0,0.06208798443021446,0.07814614112631778
euclidean,3,1,0.0,0.0,0.0,0.06454567834025497,0.07926694519697736
pearson,3,1,0.25,0.125,0.25,0.06664754998088333,0.0815006966749547
cosine,3,2,0.25,0.5,0.375,0.10739143066258244,0.18525046886809884
euclidean,3,2,0.25,0.25,0.25,0.10920795387175954,0.17955383632225064
pearson,3,2,0.625,0.625,0.75,0.07561512967336248,0.09546329766803821
cosine,3,3,0.5,0.625,0.5,0.17158421350649047,0.31348725482589496
euclidean,3,3,0.375,0.625,0.5,0.13424360155626885,0.25749552305079276
pearson,3,3,0.5,0.375,0.5,0.10076287349014618,0.2518301087233116
cosine,3,4,0.25,0.375,0.375,0.16217349200400333,0.30654847367863575
euclidean,3,4,0.25,0.375,0.375,0.15102841505997022,0.27028030300751166
pearson,3,4,0.75,0.625,0.75,0.12029637029637025,0.25432803693667166
cosine,3,5,0.5416666666666666,1.0,0.75,0.1381114281429293,0.29144390857094155
euclidean,3,5,0.375,0.75,0.625,0.13199134563702286,0.25262186389026564
pearson,3,5,1.0,1.0,1.0,0.05125327347549572,0.06274184560504874
cosine,3,6,0.29166666666666663,0.5,0.5,0.1351928249762583,0.246755195479232
euclidean,3,6,0.375,0.625,0.5,0.13123888264803454,0.2274476746372861
pearson,3,6,0.5,0.5,0.5,0.12918825002158332,0.2520726874520857
cosine,3,7,0.625,0.5,0.625,0.08823096455763503,0.18922270841501765
euclidean,3,7,0.5,0.375,0.5,0.09820026002842641,0.16903373131225127
pearson,3,7,0.75,0.625,0.75,0.09506015869652235,0.16348868603022035
cosine,3,8,0.375,0.75,0.5,0.2341747441646645,0.42304554641312625
euclidean,3,8,0.3333333333333333,0.75,0.5,0.24340956389504434,0.4218374024258024
pearson,3,8,0.625,0.75,0.75,0.07449926616593279,0.08332098462632183
cosine,3,9,0.25,0.125,0.25,0.1698840421196547,0.3540886710358398
euclidean,3,9,0.25,0.125,0.25,0.18072752234282405,0.3569829300469635
pearson,3,9,0.5,0.375,0.5,0.15564267382449193,0.3527596572810373
