distance,k,i,precision,recall,mrr,mae,rmse
cosine,2,0,0.5,0.5,0.6,0.0720023829176768,0.13727328186733348
euclidean,2,0,0.3,0.5,0.5,0.0729717129853456,0.12477905043392148
pearson,2,0,0.6,0.5,0.6,0.058829587891850804,0.09327050599807449
cosine,2,1,0.3,0.3,0.3,0.06844180300158015,0.10820598635871057
euclidean,2,1,0.2,0.2,0.2,0.06009601836446092,0.09519939581290326
pearson,2,1,0.4,0.3,0.4,0.0461501519423961,0.05791625427087751
cosine,2,2,0.4,0.3,0.4,0.08758569693930753,0.2242385274301892
euclidean,2,2,0.4,0.4,0.4,0.08686724773422458,0.21781668741824617
pearson,2,2,0.4,0.3,0.4,0.08538489092905366,0.23382794964985187
cosine,2,3,0.5,0.4,0.5,0.08099113046440956,0.1959936727350311
euclidean,2,3,0.4,0.3,0.4,0.08418139649484883,0.20355273803005317
pearson,2,3,0.8,0.5,0.8,0.05980560768059776,0.1647344196135451
cosine,2,4,0.5,0.6,0.6,0.0571571202616881,0.12722293556459402
euclidean,2,4,0.4,0.3,0.4,0.04701320021136713,0.08856281172206028
pearson,2,4,0.8,0.7,0.8,0.06170422205840596,0.11960304064136966
cosine,2,5,0.4,0.6,0.5,0.1434395758924884,0.326783370977436
euclidean,2,5,0.3,0.5,0.4,0.1420629228308739,0.32440933846563724
pearson,2,5,1.0,0.7,1.0,0.04454208990645439,0.07929604544845227
cosine,2,6,0.6,0.5,0.6,0.030381719143367264,0.05780666834708732
euclidean,2,6,0.2,0.2,0.2,0.03452268428027693,0.05732030126209972
pearson,2,6,0.6,0.5,0.6,0.029596596971022435,0.039191976802119007
cosine,2,7,0.6,0.4,0.6,0.09501921325058388,0.2186910624090101
euclidean,2,7,0.4,0.3,0.4,0.08853018109382141,0.19792084020991982
pearson,2,7,0.4,0.3,0.4,0.08515470729456276,0.20459825232256032
cosine,2,8,0.6,0.5,0.6,0.0840847996118276,0.20688545731332741
euclidean,2,8,0.3,0.5,0.5,0.09597459288882688,0.2154413799795375
pearson,2,8,0.4,0.3,0.4,0.07519846884136987,0.2265475075159116
cosine,2,9,0.2,0.2,0.2,0.05280997057952604,0.16637965816573205
euclidean,2,9,0.0,0.0,0.0,0.05273656330450818,0.16564776224728012
pearson,2,9,0.2,0.2,0.2,0.04883118352105513,0.1660465169187235
