distance,k,i,precision,recall,mrr,mae,rmse
cosine,2,0,0.5555555555555556,0.6111111111111112,0.6111111111111112,0.04647221365757872,0.14197217036677645
euclidean,2,0,0.5,0.5555555555555556,0.5555555555555556,0.04729570002440959,0.1411923699812805
pearson,2,0,0.6111111111111112,0.6666666666666666,0.6666666666666666,0.03777932127843805,0.13322461084283005
cosine,2,1,0.6666666666666666,0.7222222222222222,0.7777777777777778,0.05952310759667018,0.12375816001998256
euclidean,2,1,0.5,0.5555555555555556,0.5555555555555556,0.05652320344413766,0.11653855943054121
pearson,2,1,0.8333333333333334,0.7777777777777778,0.8888888888888888,0.0520198671034184,0.11948848484433869
cosine,2,2,0.7777777777777778,0.8333333333333334,0.8888888888888888,0.04100386115988968,0.0929396844575656
euclidean,2,2,0.4444444444444444,0.5555555555555556,0.6666666666666666,0.04840722753133547,0.11209325798273313
pearson,2,2,0.9444444444444444,1.0,1.0,0.03349665546999806,0.0723150505332374
cosine,2,3,0.4444444444444444,0.5,0.5555555555555556,0.05645139320054916,0.1505384872675489
euclidean,2,3,0.5555555555555556,0.6666666666666666,0.6111111111111112,0.05251961350853597,0.12355474651628227
pearson,2,3,0.7777777777777778,0.7222222222222222,0.7777777777777778,0.038649352589958295,0.12179763489217114
cosine,2,4,0.6111111111111112,0.7222222222222222,0.7222222222222222,0.061722285396662614,0.13367973140477407
euclidean,2,4,0.5,0.5,0.6111111111111112,0.057442654115717966,0.12008117333805132
pearson,2,4,0.5555555555555556,0.6666666666666666,0.7222222222222222,0.056946191261864246,0.13324642975819123
cosine,2,5,0.6111111111111112,0.7222222222222222,0.6111111111111112,0.06330522869248426,0.1487902146123837
euclidean,2,5,0.5,0.5555555555555556,0.5,0.060983791108459494,0.13977049451571188
pearson,2,5,0.6666666666666666,0.6666666666666666,0.7222222222222222,0.0430848783285256,0.12788045411650384
cosine,2,6,0.5555555555555556,0.5,0.6111111111111112,0.0708733416601096,0.16061079963973604
euclidean,2,6,0.3888888888888889,0.3333333333333333,0.5,0.07602620017525247,0.16790103088169858
pearson,2,6,0.5555555555555556,0.5555555555555556,0.6111111111111112,0.06951265067144154,0.16862960472711458
cosine,2,7,0.5555555555555556,0.6666666666666666,0.6666666666666666,0.06890939479923171,0.15669647284804591
euclidean,2,7,0.5555555555555556,0.6666666666666666,0.6111111111111112,0.061086607999179726,0.13071342564769925
pearson,2,7,0.7222222222222222,0.7222222222222222,0.7777777777777778,0.050067481656791764,0.12859770725693112
cosine,2,8,0.4444444444444444,0.4444444444444444,0.4444444444444444,0.056054552705472604,0.16697405567308474
euclidean,2,8,0.5555555555555556,0.5555555555555556,0.5555555555555556,0.056966946675447196,0.16415299404379247
pearson,2,8,0.3888888888888889,0.3888888888888889,0.3888888888888889,0.05825216965304766,0.18888597629706572
cosine,2,9,0.6111111111111112,0.7222222222222222,0.7222222222222222,0.06120092262731659,0.12761135033600973
euclidean,2,9,0.5555555555555556,0.6666666666666666,0.6111111111111112,0.06422549354279618,0.12480539945983853
pearson,2,9,0.7777777777777778,0.5555555555555556,0.7777777777777778,0.05542930275339711,0.15277846055856548
