distance,k,i,precision,recall,mrr,mae,rmse
cosine,2,0,0.5714285714285714,0.7142857142857143,0.7142857142857143,0.06952478511783758,0.17254264826865648
euclidean,2,0,0.35714285714285715,0.42857142857142855,0.42857142857142855,0.06742867992468578,0.17246683090059223
pearson,2,0,0.5,0.42857142857142855,0.5714285714285714,0.07233980706384759,0.18691539665301435
cosine,2,1,0.5,0.8571428571428571,0.7142857142857143,0.08315486660088477,0.23132269432627336
euclidean,2,1,0.42857142857142855,0.7857142857142857,0.6428571428571429,0.05068314767898995,0.11359557121672106
pearson,2,1,0.6428571428571429,0.7857142857142857,0.7857142857142857,0.04617468068794951,0.1241588903846612
cosine,2,2,0.5714285714285714,0.7857142857142857,0.8571428571428571,0.060820934544559474,0.1489615610431302
euclidean,2,2,0.42857142857142855,0.7142857142857143,0.6428571428571429,0.043208369663469866,0.08522292435024467
pearson,2,2,0.8571428571428571,0.8571428571428571,0.9285714285714286,0.05360445440437416,0.1274002202261522
cosine,2,3,0.5,0.42857142857142855,0.5,0.07972478423715576,0.2165744091122006
euclidean,2,3,0.42857142857142855,0.35714285714285715,0.42857142857142855,0.08564353923496146,0.22171218646355909
pearson,2,3,0.5,0.42857142857142855,0.5714285714285714,0.07446553332185851,0.21567802124665703
cosine,2,4,0.5,0.7857142857142857,0.8571428571428571,0.0739018945602781,0.16284330513164974
euclidean,2,4,0.35714285714285715,0.5714285714285714,0.5714285714285714,0.0622348055733159,0.1281612916826427
pearson,2,4,0.7142857142857143,0.8571428571428571,0.8571428571428571,0.06309344443411448,0.16971405081814642
cosine,2,5,0.5714285714285714,0.7857142857142857,0.9285714285714286,0.0594745221849079,0.10901610496684791
euclidean,2,5,0.2857142857142857,0.5,0.5,0.060191379448049406,0.11725045438192806
pearson,2,5,0.8571428571428571,0.7857142857142857,0.8571428571428571,0.050539256612681945,0.10364669459291627
cosine,2,6,0.5714285714285714,0.42857142857142855,0.5714285714285714,0.07028051294546839,0.17430417143833776
euclidean,2,6,0.42857142857142855,0.35714285714285715,0.42857142857142855,0.0578870747348192,0.12773081372873388
pearson,2,6,0.42857142857142855,0.35714285714285715,0.42857142857142855,0.07032966824090629,0.17818436383054123
cosine,2,7,0.5714285714285714,0.6428571428571429,0.7142857142857143,0.07330357442779203,0.17463143087251642
euclidean,2,7,0.35714285714285715,0.5714285714285714,0.5714285714285714,0.07534415553389491,0.17545900704692777
pearson,2,7,0.8571428571428571,0.6428571428571429,0.8571428571428571,0.058993899994790586,0.15871592237949497
cosine,2,8,0.5714285714285714,0.6428571428571429,0.6428571428571429,0.0828598632980425,0.2065647369934441
euclidean,2,8,0.2857142857142857,0.5,0.5714285714285714,0.06325863389082916,0.1577033895320978
pearson,2,8,0.8571428571428571,0.7142857142857143,0.8571428571428571,0.05206210024780053,0.15280229611326265
cosine,2,9,0.42857142857142855,0.6428571428571429,0.7142857142857143,0.059938910168471006,0.15956676031928577
euclidean,2,9,0.35714285714285715,0.5714285714285714,0.7142857142857143,0.061594514540599964,0.16131167820436856
pearson,2,9,0.7857142857142857,0.7857142857142857,0.8571428571428571,0.04104647462457625,0.13685582184769388
