distance,k,i,precision,recall,mrr,mae,rmse
cosine,3,0,0.5925925925925926,0.7037037037037037,0.8333333333333334,0.10034858213074598,0.2102030849065695
euclidean,3,0,0.5925925925925926,0.5925925925925926,0.7222222222222222,0.09349171657842892,0.19583183689101827
pearson,3,0,0.7222222222222222,0.7407407407407407,0.8888888888888888,0.08706222069363888,0.18864138743545678
cosine,3,1,0.6666666666666666,0.7037037037037037,0.8888888888888888,0.0793168558654282,0.17096142713187526
euclidean,3,1,0.4444444444444444,0.6481481481481481,0.7777777777777778,0.08418125317635403,0.17490153860328336
pearson,3,1,0.8888888888888888,0.6481481481481481,0.8888888888888888,0.07297655937331028,0.17452128303418574
cosine,3,2,0.7407407407407407,0.7962962962962963,1.0,0.07055506323293285,0.11443784102148273
euclidean,3,2,0.4444444444444444,0.7407407407407407,0.8333333333333334,0.07888298803022052,0.13543248556268334
pearson,3,2,0.8333333333333334,0.7222222222222222,0.8888888888888888,0.05472572388058304,0.10125876429235267
cosine,3,3,0.7777777777777778,0.5925925925925926,0.7777777777777778,0.11049167456137877,0.2575116807596463
euclidean,3,3,0.7222222222222222,0.7037037037037037,0.7777777777777778,0.11614183886994142,0.2551882990231905
pearson,3,3,0.5555555555555556,0.4259259259259259,0.5555555555555556,0.1154434789321677,0.28283313228217777
cosine,3,4,0.8333333333333334,0.6851851851851851,0.8333333333333334,0.10047866901806113,0.24006587680486796
euclidean,3,4,0.7222222222222222,0.6296296296296295,0.7777777777777778,0.0902500589416897,0.2047675742299604
pearson,3,4,0.7777777777777778,0.574074074074074,0.7777777777777778,0.08376300856155675,0.21907039265827688
cosine,3,5,0.7222222222222222,0.6296296296296295,0.8888888888888888,0.10404143163052244,0.1934698273353238
euclidean,3,5,0.4444444444444444,0.5740740740740741,0.7222222222222222,0.10628563235926296,0.1991869564878527
pearson,3,5,0.7777777777777778,0.5185185185185185,0.7777777777777778,0.099509241199475,0.22933892045968854
cosine,3,6,0.6851851851851851,0.8148148148148148,0.8333333333333334,0.13170517145221047,0.2559331578207663
euclidean,3,6,0.6296296296296295,0.7592592592592592,0.8333333333333334,0.12680344184345738,0.22902321594669572
pearson,3,6,0.8703703703703703,0.9074074074074073,1.0,0.06982457590704695,0.12297312859038592
cosine,3,7,0.7407407407407407,0.7037037037037037,0.8333333333333334,0.10324467649869934,0.2210595927922036
euclidean,3,7,0.6666666666666666,0.5925925925925926,0.7222222222222222,0.1021920086701456,0.2041898191125654
pearson,3,7,0.7777777777777778,0.5925925925925926,0.7777777777777778,0.09527124122961231,0.22812437422334572
cosine,3,8,0.8333333333333334,0.6296296296296295,0.8888888888888888,0.091449531682626,0.1648154287289767
euclidean,3,8,0.6666666666666666,0.574074074074074,0.7222222222222222,0.0856314815724966,0.15108610884629872
pearson,3,8,0.6666666666666666,0.4629629629629629,0.6666666666666666,0.09599750090473741,0.19747772088481966
cosine,3,9,0.2777777777777778,0.3333333333333333,0.3333333333333333,0.05690770927990031,0.09487562696487684
euclidean,3,9,0.16666666666666666,0.2777777777777778,0.2777777777777778,0.06928425614789968,0.11360173130714098
pearson,3,9,0.2777777777777778,0.3333333333333333,0.3333333333333333,0.03827626678545855,0.05867480190252892
