distance,k,i,precision,recall,mrr,mae,rmse
cosine,2,0,0.7777777777777778,0.8333333333333334,1.0,0.04829620086958518,0.10224231611724748
euclidean,2,0,0.6666666666666666,0.7777777777777778,0.8333333333333334,0.03167544564912007,0.05539906903007587
pearson,2,0,0.9444444444444444,0.7777777777777778,1.0,0.037932238958604085,0.06520513229372508
cosine,2,1,0.8333333333333334,0.7777777777777778,0.8888888888888888,0.03957913317817273,0.12195332075072135
euclidean,2,1,0.7222222222222222,0.6666666666666666,0.8888888888888888,0.045516918378572226,0.12427031457221657
pearson,2,1,0.7777777777777778,0.7222222222222222,0.8888888888888888,0.039344059226680286,0.12279408291976875
cosine,2,2,0.7777777777777778,0.5555555555555556,0.7777777777777778,0.06097245561317092,0.17867263254734345
euclidean,2,2,0.6666666666666666,0.5,0.6666666666666666,0.06219863933415239,0.17847527981353298
pearson,2,2,0.7777777777777778,0.6111111111111112,0.7777777777777778,0.04704692918511684,0.1658463930695214
cosine,2,3,0.7777777777777778,0.6666666666666666,0.8333333333333334,0.07371335244617162,0.17812374124829472
euclidean,2,3,0.7222222222222222,0.6111111111111112,0.7222222222222222,0.07082966442686929,0.17326004147417695
pearson,2,3,0.4444444444444444,0.5,0.6666666666666666,0.06718611746896004,0.20205486035296066
cosine,2,4,0.8888888888888888,0.7777777777777778,1.0,0.04459296160115812,0.0965176489684575
euclidean,2,4,0.6111111111111112,0.7222222222222222,0.7777777777777778,0.046443146023097404,0.09525434217172088
pearson,2,4,0.8333333333333334,0.7222222222222222,0.8888888888888888,0.04204481539488956,0.12814371433303676
cosine,2,5,0.5555555555555556,0.7222222222222222,0.8888888888888888,0.07689739596476239,0.18995233081442567
euclidean,2,5,0.4444444444444444,0.6666666666666666,0.7777777777777778,0.06844490681784188,0.16701928536519142
pearson,2,5,0.8333333333333334,0.8333333333333334,0.8888888888888888,0.045175491661301734,0.13432951986401653
cosine,2,6,0.5,0.6111111111111112,0.7777777777777778,0.07674006712650447,0.18775600636228298
euclidean,2,6,0.3888888888888889,0.6111111111111112,0.7222222222222222,0.07386995078964012,0.17372950281101102
pearson,2,6,0.8333333333333334,0.6666666666666666,0.8888888888888888,0.04195681698658392,0.12193499344737307
cosine,2,7,0.7777777777777778,0.7777777777777778,1.0,0.045634281482462805,0.09545188368577583
euclidean,2,7,0.6666666666666666,0.7777777777777778,0.8333333333333334,0.04869015833181545,0.09054421793295685
pearson,2,7,0.8888888888888888,0.8333333333333334,1.0,0.03395241137569947,0.06867777185284302
cosine,2,8,0.7222222222222222,0.9444444444444444,1.0,0.05296190033891039,0.10826213495181448
euclidean,2,8,0.5555555555555556,0.6111111111111112,0.7222222222222222,0.05332187627785931,0.10554075808758447
pearson,2,8,0.6666666666666666,0.8333333333333334,0.8888888888888888,0.04847811274845028,0.13542734066422668
cosine,2,9,0.7777777777777778,0.7777777777777778,0.9444444444444444,0.053696512799024355,0.10167160427615476
euclidean,2,9,0.6111111111111112,0.7222222222222222,0.7777777777777778,0.04926499904934084,0.10603982830056079
pearson,2,9,0.8333333333333334,0.7222222222222222,0.8888888888888888,0.045805507546685435,0.12729310710936242
