distance,k,i,precision,recall,mrr,mae,rmse
cosine,3,0,0.8148148148148148,0.537037037037037,0.8888888888888888,0.049244404842758036,0.10053034454654362
euclidean,3,0,0.5555555555555556,0.48148148148148145,0.7222222222222222,0.05671670958918456,0.1060855417100254
pearson,3,0,0.8333333333333334,0.537037037037037,0.8888888888888888,0.0434451219759679,0.10071194891275277
cosine,3,1,0.6296296296296295,0.5925925925925926,0.7777777777777778,0.08963793515088932,0.18742186557885038
euclidean,3,1,0.4629629629629629,0.5925925925925926,0.7592592592592592,0.07009543943607942,0.11013680804274219
pearson,3,1,0.7222222222222222,0.574074074074074,0.7777777777777778,0.08387093772765607,0.19370459849415783
cosine,3,2,0.7777777777777778,0.48148148148148145,0.7777777777777778,0.05886532819743708,0.13473902817567437
euclidean,3,2,0.7222222222222222,0.4259259259259259,0.7222222222222222,0.06052131717460135,0.1243895057924913
pearson,3,2,0.8333333333333334,0.537037037037037,0.8888888888888888,0.06118445966233623,0.1423387624462146
cosine,3,3,0.8888888888888888,0.7407407407407407,0.9444444444444444,0.05522944276377335,0.11696334821065615
euclidean,3,3,0.6666666666666666,0.37037037037037035,0.6666666666666666,0.06483260964716049,0.13296501643797193
pearson,3,3,0.8333333333333334,0.574074074074074,0.8888888888888888,0.06162909664103083,0.1411735640809639
cosine,3,4,0.8333333333333334,0.5925925925925926,0.8888888888888888,0.06533112848507541,0.12399113495371403
euclidean,3,4,0.7777777777777778,0.537037037037037,0.7777777777777778,0.06665961446026532,0.11966071564777513
pearson,3,4,0.8888888888888888,0.7037037037037037,0.8888888888888888,0.06074934297533258,0.13184043642864485
cosine,3,5,0.9444444444444444,0.7037037037037037,1.0,0.03872957438262456,0.07241603151303971
euclidean,3,5,0.8148148148148148,0.537037037037037,0.8888888888888888,0.04245823722405972,0.059365305530209064
pearson,3,5,0.9444444444444444,0.7037037037037037,1.0,0.04084853892966977,0.07980284702104898
cosine,3,6,0.7962962962962963,0.7777777777777778,0.9444444444444444,0.04226887864552694,0.0777124356460964
euclidean,3,6,0.7037037037037037,0.6666666666666666,0.8888888888888888,0.04588612574753493,0.0845342370986119
pearson,3,6,0.9074074074074073,0.7777777777777778,0.9444444444444444,0.045032007603814636,0.07907216168482686
cosine,3,7,0.8518518518518517,0.7222222222222222,1.0,0.052342258195929865,0.10131843445365712
euclidean,3,7,0.6111111111111112,0.5555555555555556,0.7222222222222222,0.05413021253985404,0.08925372865021755
pearson,3,7,0.9629629629629629,0.7222222222222222,1.0,0.04681381763145425,0.08482091707270403
cosine,3,8,0.7777777777777778,0.6481481481481481,0.8888888888888888,0.05919491004301609,0.10249195679666073
euclidean,3,8,0.7777777777777778,0.537037037037037,0.8333333333333334,0.057254963790247304,0.09922253891704945
pearson,3,8,0.7222222222222222,0.6481481481481481,0.8888888888888888,0.0535913899098108,0.10262633421063187
cosine,3,9,0.574074074074074,0.5925925925925926,0.6666666666666666,0.04198259232134263,0.08188258389473342
euclidean,3,9,0.6666666666666666,0.537037037037037,0.7222222222222222,0.042521402375346906,0.06549153984504377
pearson,3,9,0.6666666666666666,0.5925925925925926,0.6666666666666666,0.04174775925127927,0.08108266614238248
