distance,k,i,precision,recall,mrr,mae,rmse
cosine,1,0,0.375,0.375,0.375,0.06797056742981425,0.1557994813715741
euclidean,1,0,0.375,0.375,0.375,0.066334755861712,0.14243444437856373
pearson,1,0,0.375,0.375,0.375,0.06851337290288363,0.15638560403894916
cosine,1,1,0.5,0.5,0.5,0.07243790732137242,0.1942521360972937
euclidean,1,1,0.375,0.375,0.375,0.06993676435840684,0.18435084648478264
pearson,1,1,0.375,0.375,0.375,0.06799045869667866,0.19449994024567469
cosine,1,2,0.75,0.75,0.75,0.05954218568849228,0.11449621859526149
euclidean,1,2,0.25,0.25,0.25,0.05972749532243539,0.10048821383495664
pearson,1,2,0.625,0.625,0.625,0.051682381601475764,0.12788173664016372
cosine,1,3,0.625,0.625,0.625,0.05516403609158234,0.1001709149747047
euclidean,1,3,0.375,0.375,0.375,0.056900360549474956,0.09325168704212453
pearson,1,3,0.75,0.75,0.75,0.04628072822072775,0.06675617615546027
cosine,1,4,0.5,0.5,0.5,0.06097732974984386,0.12554038268096876
euclidean,1,4,0.375,0.375,0.375,0.05887320328475708,0.11914714524850739
pearson,1,4,0.5,0.5,0.5,0.06349374943754,0.1271216080120936
cosine,1,5,0.75,0.75,0.75,0.0729914451868432,0.13890225387182156
euclidean,1,5,0.25,0.25,0.25,0.06325606387842538,0.11867575497726682
pearson,1,5,0.75,0.75,0.75,0.07126888257293694,0.1332843916162815
cosine,1,6,0.75,0.75,0.75,0.0605704455315908,0.13026700288840304
euclidean,1,6,0.5,0.5,0.5,0.052456885108444616,0.10845109407028362
pearson,1,6,0.75,0.75,0.75,0.06022840960202094,0.12609711328214807
cosine,1,7,0.375,0.375,0.375,0.07803486750022522,0.14922352915842949
euclidean,1,7,0.25,0.25,0.25,0.07432268309083646,0.13753885452586445
pearson,1,7,0.625,0.625,0.625,0.05673817435069462,0.11904739254485522
cosine,1,8,0.625,0.625,0.625,0.05696519329140587,0.13552107854074943
euclidean,1,8,0.375,0.375,0.375,0.05518970951743697,0.11420735459033518
pearson,1,8,0.625,0.625,0.625,0.05479451169720174,0.12757615203949718
cosine,1,9,0.625,0.625,0.625,0.05846039050640002,0.16347299964693338
euclidean,1,9,0.375,0.375,0.375,0.06099996630047175,0.1655754112951804
pearson,1,9,0.625,0.625,0.625,0.05451631393174654,0.1628553229997819
