distance,k,i,precision,recall,mrr,mae,rmse
cosine,2,0,0.4444444444444444,0.5555555555555556,0.6111111111111112,0.0646741117739764,0.11571074808536397
euclidean,2,0,0.2777777777777778,0.3888888888888889,0.3333333333333333,0.06666360042270228,0.11604686520032949
pearson,2,0,0.5,0.6111111111111112,0.7222222222222222,0.05638713665007069,0.09548877691157377
cosine,2,1,0.6111111111111112,0.5555555555555556,0.7222222222222222,0.06435934106074981,0.16524753951474477
euclidean,2,1,0.5555555555555556,0.5555555555555556,0.7222222222222222,0.06640000357688604,0.168272168677936
pearson,2,1,0.6666666666666666,0.5555555555555556,0.7222222222222222,0.06519291395326855,0.17300659950087713
cosine,2,2,0.4444444444444444,0.3888888888888889,0.5,0.06033044878346455,0.14977870098783877
euclidean,2,2,0.5555555555555556,0.4444444444444444,0.5555555555555556,0.06559937651592122,0.14929423975928788
pearson,2,2,0.3333333333333333,0.2777777777777778,0.3888888888888889,0.06353668522728358,0.15691948432672867
cosine,2,3,0.5555555555555556,0.7222222222222222,0.8333333333333334,0.056392897860727105,0.10516021058297004
euclidean,2,3,0.4444444444444444,0.4444444444444444,0.6111111111111112,0.06947916391380875,0.11302932438485679
pearson,2,3,0.8333333333333334,0.7777777777777778,0.8888888888888888,0.05213677479843385,0.10658620836966005
cosine,2,4,0.4444444444444444,0.5,0.6666666666666666,0.06493675942146593,0.13155361964925025
euclidean,2,4,0.4444444444444444,0.5555555555555556,0.6666666666666666,0.0682389950074821,0.12767570822010565
pearson,2,4,0.4444444444444444,0.5555555555555556,0.6111111111111112,0.0591164965394929,0.126483826807986
cosine,2,5,0.6666666666666666,0.6666666666666666,0.8333333333333334,0.053273966498621074,0.11660286135358763
euclidean,2,5,0.5555555555555556,0.5,0.6111111111111112,0.06193193272684301,0.1383834518650811
pearson,2,5,0.7777777777777778,0.6111111111111112,0.8333333333333334,0.050902039130597945,0.10630192299354699
cosine,2,6,0.2222222222222222,0.2777777777777778,0.2777777777777778,0.11238790706332409,0.21848165708948605
euclidean,2,6,0.16666666666666666,0.2222222222222222,0.2222222222222222,0.10793555837831524,0.2046820690482573
pearson,2,6,0.3888888888888889,0.4444444444444444,0.5555555555555556,0.08860930990155555,0.1846691775773282
cosine,2,7,0.7222222222222222,0.7222222222222222,0.8888888888888888,0.06192845462401944,0.12075254560341653
euclidean,2,7,0.6111111111111112,0.5555555555555556,0.7222222222222222,0.060813898657618846,0.10577838738830542
pearson,2,7,0.7777777777777778,0.7777777777777778,0.9444444444444444,0.0554984221512915,0.09777327969497851
cosine,2,8,0.5,0.6666666666666666,0.8888888888888888,0.07034555592624234,0.14408268700527183
euclidean,2,8,0.4444444444444444,0.5555555555555556,0.6111111111111112,0.06285595421085634,0.10144687903849763
pearson,2,8,0.8333333333333334,0.7777777777777778,0.9444444444444444,0.05778519845309809,0.10444345490171346
cosine,2,9,0.4444444444444444,0.5555555555555556,0.6111111111111112,0.08347913071245971,0.14178978372191023
euclidean,2,9,0.2222222222222222,0.3333333333333333,0.2777777777777778,0.08347405380858948,0.12479679000299124
pearson,2,9,0.6111111111111112,0.6111111111111112,0.7222222222222222,0.07570912477540878,0.11775655642786692
