distance,k,i,precision,recall,mrr,mae,rmse
cosine,1,0,0.3333333333333333,0.3333333333333333,0.3333333333333333,0.12248141585682591,0.2267610958856994
euclidean,1,0,0.3333333333333333,0.3333333333333333,0.3333333333333333,0.12276624070365995,0.21051391555890256
pearson,1,0,0.5555555555555556,0.5555555555555556,0.5555555555555556,0.09263461032876165,0.2322267259840733
cosine,1,1,0.5555555555555556,0.5555555555555556,0.5555555555555556,0.08511645885336402,0.19193405402606867
euclidean,1,1,0.4444444444444444,0.4444444444444444,0.4444444444444444,0.08766101156732442,0.20121105645097986
pearson,1,1,0.6666666666666666,0.6666666666666666,0.6666666666666666,0.09076348511560847,0.21354457706054
cosine,1,2,0.4444444444444444,0.4444444444444444,0.4444444444444444,0.0853197307468589,0.20635768703622723
euclidean,1,2,0.5555555555555556,0.5555555555555556,0.5555555555555556,0.10005367207660433,0.20723388668371429
pearson,1,2,0.7777777777777778,0.7777777777777778,0.7777777777777778,0.07633262117055754,0.2137925520470895
cosine,1,3,0.5555555555555556,0.5555555555555556,0.5555555555555556,0.06268917614413319,0.13109256888792295
euclidean,1,3,0.6666666666666666,0.6666666666666666,0.6666666666666666,0.0669476037624068,0.1178717281425822
pearson,1,3,0.7777777777777778,0.7777777777777778,0.7777777777777778,0.058821845409260276,0.10147910381888002
cosine,1,4,0.7777777777777778,0.7777777777777778,0.7777777777777778,0.08104885631822126,0.20506740795701986
euclidean,1,4,0.5555555555555556,0.5555555555555556,0.5555555555555556,0.07113181250984628,0.1424758777668609
pearson,1,4,1.0,1.0,1.0,0.03858048303833864,0.05383422434914377
cosine,1,5,0.4444444444444444,0.4444444444444444,0.4444444444444444,0.11025569183043349,0.22191501789363655
euclidean,1,5,0.6666666666666666,0.6666666666666666,0.6666666666666666,0.0963004183818176,0.15749020685641044
pearson,1,5,0.6666666666666666,0.6666666666666666,0.6666666666666666,0.07940790032253266,0.15287100091677228
cosine,1,6,0.5,0.5,0.5,0.09458867380943349,0.21593430918689074
euclidean,1,6,0.5,0.5,0.5,0.10174825437573728,0.21804504200433814
pearson,1,6,0.375,0.375,0.375,0.07735563271625467,0.21782735182096988
cosine,1,7,0.4444444444444444,0.4444444444444444,0.4444444444444444,0.09370407806513913,0.2094262687648062
euclidean,1,7,0.5555555555555556,0.5555555555555556,0.5555555555555556,0.09374393425627912,0.19919212069984185
pearson,1,7,0.5555555555555556,0.5555555555555556,0.5555555555555556,0.0989540274477853,0.2362587870975331
cosine,1,8,0.2222222222222222,0.2222222222222222,0.2222222222222222,0.12015690481537492,0.25850280515820445
euclidean,1,8,0.6666666666666666,0.6666666666666666,0.6666666666666666,0.10231006842263123,0.18317263554360383
pearson,1,8,0.3333333333333333,0.3333333333333333,0.3333333333333333,0.08331374564779508,0.1657238065181358
cosine,1,9,0.5555555555555556,0.5555555555555556,0.5555555555555556,0.09192026591349767,0.18587842405052088
euclidean,1,9,0.3333333333333333,0.3333333333333333,0.3333333333333333,0.08398195676061383,0.1649705627971336
pearson,1,9,0.5555555555555556,0.5555555555555556,0.5555555555555556,0.05995716614844324,0.16013408714592572
