distance,k,i,precision,recall,mrr,mae,rmse
cosine,3,0,0.7380952380952381,0.8809523809523808,0.7857142857142857,0.08761798510354629,0.194252367587277
euclidean,3,0,0.4523809523809524,0.5714285714285714,0.5476190476190477,0.0873616054191822,0.1795163512996788
pearson,3,0,0.619047619047619,0.7142857142857143,0.6428571428571429,0.0703603857896091,0.1660783862729011
cosine,3,1,0.8571428571428571,0.6904761904761905,0.8571428571428571,0.05596473677177269,0.15437115307847596
euclidean,3,1,0.5714285714285714,0.5714285714285714,0.7142857142857143,0.060695070161629026,0.15933437430027603
pearson,3,1,0.6904761904761905,0.6904761904761905,0.7857142857142857,0.05152612137480748,0.15009565455483087
cosine,3,2,0.619047619047619,0.6904761904761905,0.7142857142857143,0.07043081529130842,0.181706692481448
euclidean,3,2,0.35714285714285715,0.6428571428571429,0.5,0.07291608493405188,0.18432644282163904
pearson,3,2,0.619047619047619,0.5476190476190476,0.7142857142857143,0.07159972502757773,0.1776154253335444
cosine,3,3,0.5238095238095238,0.7857142857142857,0.8333333333333333,0.09146949935199027,0.19655196388321153
euclidean,3,3,0.35714285714285715,0.7142857142857143,0.7857142857142857,0.07050316305221743,0.1273454913942513
pearson,3,3,0.7142857142857143,0.7142857142857143,0.7857142857142857,0.06437464139267922,0.15085897989884367
cosine,3,4,0.42857142857142855,0.35714285714285715,0.42857142857142855,0.07968885292775893,0.21376490251342325
euclidean,3,4,0.5714285714285714,0.5,0.5714285714285714,0.07511319717793072,0.20147731256074103
pearson,3,4,0.5714285714285714,0.4523809523809524,0.5714285714285714,0.07168531460452446,0.2130360276544286
cosine,3,5,0.5952380952380951,0.619047619047619,0.6904761904761906,0.08217389761017552,0.20130634012675674
euclidean,3,5,0.2857142857142857,0.5,0.5714285714285714,0.07076364577370842,0.16066334021962617
pearson,3,5,0.7142857142857143,0.738095238095238,0.7857142857142857,0.061445605882036465,0.184157446489491
cosine,3,6,0.5,0.619047619047619,0.6428571428571429,0.08220730633800741,0.19202159823586
euclidean,3,6,0.35714285714285715,0.5714285714285714,0.5,0.07084463026265281,0.15935294671030031
pearson,3,6,0.619047619047619,0.619047619047619,0.8571428571428571,0.04740233598325018,0.09690275766671727
cosine,3,7,0.6666666666666666,0.6666666666666666,0.7142857142857143,0.047109480496371155,0.09979113134300713
euclidean,3,7,0.42857142857142855,0.42857142857142855,0.42857142857142855,0.054577239386363476,0.11844760905160881
pearson,3,7,0.7142857142857143,0.6666666666666666,0.7142857142857143,0.043717955600891936,0.09098149808096946
cosine,3,8,0.6428571428571429,0.619047619047619,0.7142857142857143,0.08110484362119434,0.20189713468495277
euclidean,3,8,0.42857142857142855,0.5,0.5,0.08195035578000645,0.1990470399337242
pearson,3,8,0.6428571428571429,0.619047619047619,0.7142857142857143,0.06858329855217894,0.19297089390039748
cosine,3,9,0.4523809523809524,0.4047619047619047,0.42857142857142855,0.09916493943258808,0.23754636074334254
euclidean,3,9,0.14285714285714285,0.14285714285714285,0.14285714285714285,0.09158850894920473,0.22213839092171517
pearson,3,9,0.5,0.4523809523809524,0.5714285714285714,0.08361853372023725,0.2274531390860823
