distance,k,i,precision,recall,mrr,mae,rmse
cosine,1,0,0.4444444444444444,0.4444444444444444,0.4444444444444444,0.04735662287469257,0.1276376336217659
euclidean,1,0,0.2222222222222222,0.2222222222222222,0.2222222222222222,0.05232070529905882,0.12036262340467774
pearson,1,0,0.5555555555555556,0.5555555555555556,0.5555555555555556,0.03291298228621055,0.07435569829073296
cosine,1,1,0.3333333333333333,0.3333333333333333,0.3333333333333333,0.04443986444349649,0.140462762640395
euclidean,1,1,0.3333333333333333,0.3333333333333333,0.3333333333333333,0.043840261821672645,0.13789315088806853
pearson,1,1,0.3333333333333333,0.3333333333333333,0.3333333333333333,0.04722200370558684,0.1479806122963429
cosine,1,2,0.4444444444444444,0.4444444444444444,0.4444444444444444,0.06267367556484121,0.13839641453926324
euclidean,1,2,0.2222222222222222,0.2222222222222222,0.2222222222222222,0.06058507286748917,0.1341430001028935
pearson,1,2,0.3333333333333333,0.3333333333333333,0.3333333333333333,0.06224557555463434,0.17098224827013242
cosine,1,3,0.3333333333333333,0.3333333333333333,0.3333333333333333,0.05870313115943282,0.16524035686987057
euclidean,1,3,0.2222222222222222,0.2222222222222222,0.2222222222222222,0.05786698087020025,0.15422752670587306
pearson,1,3,0.4444444444444444,0.4444444444444444,0.4444444444444444,0.046225811596989595,0.14173598866265766
cosine,1,4,0.3333333333333333,0.3333333333333333,0.3333333333333333,0.04888646446972725,0.11525392949411413
euclidean,1,4,0.2222222222222222,0.2222222222222222,0.2222222222222222,0.052854797797966944,0.11736317214812936
pearson,1,4,0.4444444444444444,0.4444444444444444,0.4444444444444444,0.04115357165547575,0.09647741946390088
cosine,1,5,0.4444444444444444,0.4444444444444444,0.4444444444444444,0.06961009163102203,0.17879135348579644
euclidean,1,5,0.3333333333333333,0.3333333333333333,0.3333333333333333,0.06968944602856483,0.17968344124389038
pearson,1,5,0.3333333333333333,0.3333333333333333,0.3333333333333333,0.06669743823594758,0.1948201000891782
cosine,1,6,0.3333333333333333,0.3333333333333333,0.3333333333333333,0.0564530442312805,0.12623432931266707
euclidean,1,6,0.2222222222222222,0.2222222222222222,0.2222222222222222,0.05484737661428569,0.10859765927610306
pearson,1,6,0.4444444444444444,0.4444444444444444,0.4444444444444444,0.05128022655712263,0.13044834437064773
cosine,1,7,0.4444444444444444,0.4444444444444444,0.4444444444444444,0.036828592050026455,0.09585935621981598
euclidean,1,7,0.4444444444444444,0.4444444444444444,0.4444444444444444,0.045632189027418044,0.1003968774807102
pearson,1,7,0.5555555555555556,0.5555555555555556,0.5555555555555556,0.033477376349387876,0.08879115249405621
cosine,1,8,0.4444444444444444,0.4444444444444444,0.4444444444444444,0.046828729574758664,0.13536108438831518
euclidean,1,8,0.2222222222222222,0.2222222222222222,0.2222222222222222,0.05290762348162683,0.134884151403894
pearson,1,8,0.4444444444444444,0.4444444444444444,0.4444444444444444,0.04228730465968687,0.13085236057339458
cosine,1,9,0.3333333333333333,0.3333333333333333,0.3333333333333333,0.0542826883386635,0.13473888489205652
euclidean,1,9,0.3333333333333333,0.3333333333333333,0.3333333333333333,0.05376032913229532,0.11719641243784176
pearson,1,9,0.5555555555555556,0.5555555555555556,0.5555555555555556,0.04071897208384539,0.11112836380242029
