distance,k,i,precision,recall,mrr,mae,rmse
cosine,3,0,0.48148148148148145,0.6111111111111112,0.537037037037037,0.07766475100570247,0.15196128662896896
euclidean,3,0,0.2037037037037037,0.31481481481481477,0.31481481481481477,0.07638135635476861,0.14573310691458785
pearson,3,0,0.5555555555555556,0.6111111111111112,0.6666666666666666,0.061198363225870474,0.15147069172796948
cosine,3,1,0.6666666666666666,0.6296296296296295,0.8333333333333334,0.04744018893950616,0.08669864133920442
euclidean,3,1,0.4444444444444444,0.4444444444444444,0.5,0.05638044696200478,0.09155278297327599
pearson,3,1,0.7222222222222222,0.5925925925925926,0.8333333333333334,0.048987192743545564,0.09316815242723793
cosine,3,2,0.48148148148148145,0.537037037037037,0.6481481481481481,0.07506372793986388,0.14089348603136378
euclidean,3,2,0.3148148148148148,0.3703703703703704,0.4444444444444444,0.0720487097243587,0.12502807386136586
pearson,3,2,0.5555555555555556,0.6111111111111112,0.8333333333333334,0.07772735000848503,0.1515815764377009
cosine,3,3,0.5555555555555555,0.7222222222222222,0.8333333333333334,0.0883387736781534,0.16895134075062254
euclidean,3,3,0.48148148148148145,0.6481481481481481,0.7222222222222222,0.0893748679050304,0.16808282099974117
pearson,3,3,0.5185185185185185,0.6111111111111112,0.7777777777777778,0.08493867955586681,0.18243306398643921
cosine,3,4,0.6851851851851851,0.6851851851851851,0.8333333333333334,0.057450614948546294,0.12019098392792169
euclidean,3,4,0.3888888888888889,0.35185185185185186,0.5555555555555556,0.04910764274172809,0.08114014080542592
pearson,3,4,0.8148148148148148,0.8148148148148148,0.8888888888888888,0.061327097957645536,0.1335155609136451
cosine,3,5,0.6481481481481481,0.37037037037037035,0.7777777777777778,0.07525420539006171,0.15733760510076727
euclidean,3,5,0.5555555555555556,0.4074074074074074,0.6666666666666666,0.0781894572705812,0.15430793447787813
pearson,3,5,0.7037037037037037,0.4074074074074074,0.7777777777777778,0.07043599815421045,0.16359449847264118
cosine,3,6,0.7777777777777778,0.4444444444444444,0.7777777777777778,0.0666544998669263,0.15159462678300725
euclidean,3,6,0.4444444444444444,0.48148148148148145,0.5925925925925926,0.06964666884478403,0.15483785479763573
pearson,3,6,0.7777777777777778,0.4444444444444444,0.7777777777777778,0.06499336042738448,0.16286928290330102
cosine,3,7,0.6296296296296295,0.5925925925925926,0.7777777777777778,0.06039684747100145,0.09866076422451055
euclidean,3,7,0.4629629629629629,0.5925925925925926,0.6666666666666666,0.05983745973441256,0.09197709672212338
pearson,3,7,0.4629629629629629,0.4444444444444444,0.6666666666666666,0.062424488836250486,0.1124691536733061
cosine,3,8,0.7037037037037037,0.7962962962962963,0.8888888888888888,0.050704338722045744,0.08386955443833613
euclidean,3,8,0.5,0.6481481481481481,0.8148148148148148,0.0572078255815507,0.09899915323362249
pearson,3,8,0.6666666666666666,0.7962962962962963,0.9444444444444444,0.05242523353111554,0.0851430797669441
cosine,3,9,0.574074074074074,0.7592592592592592,0.8703703703703703,0.05362126641540397,0.0920627412554879
euclidean,3,9,0.4074074074074074,0.5555555555555556,0.6851851851851851,0.06526516630269162,0.09921160970308057
pearson,3,9,0.6851851851851851,0.8148148148148148,0.9444444444444444,0.0459009112730536,0.07901654044232931
