distance,k,i,precision,recall,mrr,mae,rmse
cosine,1,0,0.2222222222222222,0.2222222222222222,0.2222222222222222,0.04700161074134776,0.13011536719154376
euclidean,1,0,0.1111111111111111,0.1111111111111111,0.1111111111111111,0.04636698733264021,0.12842295145962992
pearson,1,0,0.2222222222222222,0.2222222222222222,0.2222222222222222,0.038842839427919086,0.12335804056070047
cosine,1,1,0.7777777777777778,0.7777777777777778,0.7777777777777778,0.04636539855520927,0.12690446470512481
euclidean,1,1,0.6666666666666666,0.6666666666666666,0.6666666666666666,0.042061163339321125,0.09542859342685137
pearson,1,1,0.7777777777777778,0.7777777777777778,0.7777777777777778,0.04242849089174538,0.12348948888186166
cosine,1,2,0.8888888888888888,0.8888888888888888,0.8888888888888888,0.052460795093144455,0.09545098189286365
euclidean,1,2,0.6666666666666666,0.6666666666666666,0.6666666666666666,0.060267136140193946,0.11374370198462543
pearson,1,2,0.8888888888888888,0.8888888888888888,0.8888888888888888,0.03213380807376775,0.059097420730468156
cosine,1,3,0.7777777777777778,0.7777777777777778,0.7777777777777778,0.06794063003711344,0.13431220746959147
euclidean,1,3,0.6666666666666666,0.6666666666666666,0.6666666666666666,0.06587790250640113,0.12774192671711448
pearson,1,3,0.7777777777777778,0.7777777777777778,0.7777777777777778,0.053114422161016105,0.13640213225582223
cosine,1,4,0.8888888888888888,0.8888888888888888,0.8888888888888888,0.05634864889767673,0.11789837111318092
euclidean,1,4,0.7777777777777778,0.7777777777777778,0.7777777777777778,0.053909741327780605,0.10766639769633374
pearson,1,4,0.7777777777777778,0.7777777777777778,0.7777777777777778,0.042773938126938464,0.1241377071225715
cosine,1,5,0.6666666666666666,0.6666666666666666,0.6666666666666666,0.06063499416795321,0.17831661709710994
euclidean,1,5,0.6666666666666666,0.6666666666666666,0.6666666666666666,0.06344353395191617,0.1787708177009
pearson,1,5,0.6666666666666666,0.6666666666666666,0.6666666666666666,0.05460438899244898,0.1687684510820681
cosine,1,6,0.0,0.0,0.0,0.051817919283839366,0.17194965006129695
euclidean,1,6,0.0,0.0,0.0,0.052677474775570415,0.17231188940381645
pearson,1,6,0.0,0.0,0.0,0.050988003973968694,0.17169299467563118
cosine,1,7,0.7777777777777778,0.7777777777777778,0.7777777777777778,0.07038019909444229,0.16483018343302847
euclidean,1,7,0.6666666666666666,0.6666666666666666,0.6666666666666666,0.07095536738176322,0.17435472933746085
pearson,1,7,0.4444444444444444,0.4444444444444444,0.4444444444444444,0.07322287244980574,0.2092523015144228
cosine,1,8,0.7777777777777778,0.7777777777777778,0.7777777777777778,0.06511796305819334,0.16724424775831095
euclidean,1,8,0.6666666666666666,0.6666666666666666,0.6666666666666666,0.05646732745459737,0.15367864950306498
pearson,1,8,0.6666666666666666,0.6666666666666666,0.6666666666666666,0.05272307189244324,0.16984741105060486
cosine,1,9,0.7777777777777778,0.7777777777777778,0.7777777777777778,0.052947635021235916,0.1345098265759606
euclidean,1,9,0.6666666666666666,0.6666666666666666,0.6666666666666666,0.055335286088226285,0.13447745448137766
pearson,1,9,0.7777777777777778,0.7777777777777778,0.7777777777777778,0.05454863838686706,0.1411732743182183
