distance,k,i,precision,recall,mrr,mae,rmse
cosine,1,0,0.8,0.8,0.8,0.07631488589418539,0.15719520206201984
euclidean,1,0,0.4,0.4,0.4,0.07843903363223509,0.15774339281420113
pearson,1,0,0.6,0.6,0.6,0.0706466545129777,0.17200482191789362
cosine,1,1,0.2,0.2,0.2,0.05383380550293506,0.14006181984931834
euclidean,1,1,0.2,0.2,0.2,0.04737655807951583,0.09910447947295906
pearson,1,1,0.2,0.2,0.2,0.036935327855086464,0.06312513011646612
cosine,1,2,0.4,0.4,0.4,0.07798801832132965,0.19619461249448902
euclidean,1,2,0.4,0.4,0.4,0.07910978476927569,0.1962813529445418
pearson,1,2,0.4,0.4,0.4,0.07203628576857311,0.19557497494135562
cosine,1,3,0.4,0.4,0.4,0.053409192551129026,0.10437235058183396
euclidean,1,3,0.2,0.2,0.2,0.043480099634542926,0.08658846351722807
pearson,1,3,0.4,0.4,0.4,0.04856602991050823,0.08352081747826978
cosine,1,4,0.6,0.6,0.6,0.07341435671505864,0.18211164702548394
euclidean,1,4,0.4,0.4,0.4,0.057569678623596715,0.11381406740095681
pearson,1,4,0.8,0.8,0.8,0.045774058992961275,0.06121020622791944
cosine,1,5,0.2,0.2,0.2,0.07910445896151308,0.203391248722596
euclidean,1,5,0.2,0.2,0.2,0.08015305892851486,0.20538783814219191
pearson,1,5,0.2,0.2,0.2,0.08198418896427342,0.20591461336555236
cosine,1,6,0.4,0.4,0.4,0.06681141057846346,0.15360032651258837
euclidean,1,6,0.2,0.2,0.2,0.05240630776225223,0.08585667774687201
pearson,1,6,0.6,0.6,0.6,0.05272206385519439,0.08074526718656252
cosine,1,7,0.2,0.2,0.2,0.08374885654817044,0.22087563588220824
euclidean,1,7,0.4,0.4,0.4,0.08182524971187383,0.21102988687004942
pearson,1,7,0.2,0.2,0.2,0.08528311563040254,0.2300943386922319
cosine,1,8,0.4,0.4,0.4,0.0692452122686153,0.17235573034820578
euclidean,1,8,0.4,0.4,0.4,0.06610772923061677,0.13506231476954708
pearson,1,8,0.8,0.8,0.8,0.056764006880092005,0.08269404964625249
cosine,1,9,0.6,0.6,0.6,0.06705239638393738,0.19625399532825796
euclidean,1,9,0.4,0.4,0.4,0.07551381895628828,0.20477509997090454
pearson,1,9,0.6,0.6,0.6,0.0740541451511173,0.22478865235944037
