distance,k,i,precision,recall,mrr,mae,rmse
cosine,2,0,0.7222222222222222,0.7222222222222222,0.8333333333333334,0.11104475006710347,0.23330473841544988
euclidean,2,0,0.6666666666666666,0.6111111111111112,0.7222222222222222,0.10711438020136635,0.22372985810234775
pearson,2,0,0.7222222222222222,0.6111111111111112,0.7777777777777778,0.09570465884155373,0.23417539288461997
cosine,2,1,0.6111111111111112,0.7222222222222222,0.8333333333333334,0.07106630898845316,0.12831707366689848
euclidean,2,1,0.4444444444444444,0.6111111111111112,0.7222222222222222,0.07250815449839021,0.13647687949731713
pearson,2,1,0.7777777777777778,0.6111111111111112,0.7777777777777778,0.06130981947699546,0.15763882931680331
cosine,2,2,0.6666666666666666,0.5555555555555556,0.7222222222222222,0.09616547386031296,0.23632384939708995
euclidean,2,2,0.5,0.5,0.6666666666666666,0.09710641265029421,0.2326255596260445
pearson,2,2,0.7222222222222222,0.5555555555555556,0.7222222222222222,0.08835279868810202,0.23197335232650818
cosine,2,3,0.6666666666666666,0.7222222222222222,0.8333333333333334,0.13563892415653522,0.22660547752997276
euclidean,2,3,0.6666666666666666,0.6111111111111112,0.7222222222222222,0.12895906437059373,0.22295603785510856
pearson,2,3,0.6111111111111112,0.6111111111111112,0.7777777777777778,0.11192837779498331,0.23959854033217723
cosine,2,4,0.7777777777777778,0.6111111111111112,0.7777777777777778,0.09833556337594036,0.24220807322147275
euclidean,2,4,0.6111111111111112,0.5,0.6666666666666666,0.10324617700236402,0.2476494848076865
pearson,2,4,0.7777777777777778,0.6111111111111112,0.7777777777777778,0.06585063468716588,0.2118066476283224
cosine,2,5,0.7777777777777778,0.8333333333333334,0.9444444444444444,0.08124219091407801,0.13768572714427663
euclidean,2,5,0.6111111111111112,0.7777777777777778,0.8333333333333334,0.08425798830940132,0.13405051199209297
pearson,2,5,1.0,0.7777777777777778,1.0,0.07822374879997986,0.1233973693528276
cosine,2,6,0.7777777777777778,0.6666666666666666,0.8888888888888888,0.10666052244419247,0.24169056044972187
euclidean,2,6,0.7222222222222222,0.6111111111111112,0.7222222222222222,0.0973065555529706,0.22414733079406182
pearson,2,6,0.6666666666666666,0.4444444444444444,0.6666666666666666,0.10402856747978548,0.26890289702557263
cosine,2,7,0.6111111111111112,0.5,0.6666666666666666,0.10275563275996902,0.2539888711615429
euclidean,2,7,0.4444444444444444,0.3333333333333333,0.5555555555555556,0.10477525584823875,0.2544745919573973
pearson,2,7,0.5,0.5555555555555556,0.6666666666666666,0.10318801521809362,0.269763702332088
cosine,2,8,0.8333333333333334,0.7222222222222222,0.8888888888888888,0.08719460641610018,0.1929131298982628
euclidean,2,8,0.7777777777777778,0.6666666666666666,0.8333333333333334,0.08307623958934199,0.1917259484136447
pearson,2,8,0.7777777777777778,0.6111111111111112,0.7777777777777778,0.08273105474458414,0.22041890601389832
cosine,2,9,0.7222222222222222,0.6666666666666666,0.8888888888888888,0.08223777904859306,0.20685902691149252
euclidean,2,9,0.7222222222222222,0.6666666666666666,0.8333333333333334,0.08307106574970133,0.20511195924538192
pearson,2,9,0.7222222222222222,0.5555555555555556,0.7777777777777778,0.08372317987480504,0.23182046992932925
