distance,k,i,precision,recall,mrr,mae,rmse
cosine,1,0,0.7777777777777778,0.7777777777777778,0.7777777777777778,0.06888280905931436,0.16566228778736844
euclidean,1,0,0.7777777777777778,0.7777777777777778,0.7777777777777778,0.07070795658699333,0.16859733724674866
pearson,1,0,0.6666666666666666,0.6666666666666666,0.6666666666666666,0.0802299751184965,0.24302889752728057
cosine,1,1,0.7777777777777778,0.7777777777777778,0.7777777777777778,0.06732383439154775,0.10164721352798639
euclidean,1,1,0.7777777777777778,0.7777777777777778,0.7777777777777778,0.07218332381451516,0.10533671893539755
pearson,1,1,0.5555555555555556,0.5555555555555556,0.5555555555555556,0.09228099357313395,0.2325036092655883
cosine,1,2,0.7777777777777778,0.7777777777777778,0.7777777777777778,0.06330961426803432,0.11992929469701519
euclidean,1,2,0.7777777777777778,0.7777777777777778,0.7777777777777778,0.06499745175643137,0.12050475206866448
pearson,1,2,0.6666666666666666,0.6666666666666666,0.6666666666666666,0.07611428036335062,0.19253198038116665
cosine,1,3,0.7777777777777778,0.7777777777777778,0.7777777777777778,0.05749027531055964,0.09528373203200574
euclidean,1,3,0.7777777777777778,0.7777777777777778,0.7777777777777778,0.05655279397348007,0.0844927538861797
pearson,1,3,0.5555555555555556,0.5555555555555556,0.5555555555555556,0.07747219308351067,0.22988341542253493
cosine,1,4,0.7777777777777778,0.7777777777777778,0.7777777777777778,0.04534051367475576,0.07791225810430014
euclidean,1,4,0.7777777777777778,0.7777777777777778,0.7777777777777778,0.04238343490395995,0.06803648354845374
pearson,1,4,0.5555555555555556,0.5555555555555556,0.5555555555555556,0.07470814710969659,0.24990166970108874
cosine,1,5,0.7777777777777778,0.7777777777777778,0.7777777777777778,0.044247147474312964,0.0704144105968627
euclidean,1,5,0.7777777777777778,0.7777777777777778,0.7777777777777778,0.04538186021846188,0.06859777029980602
pearson,1,5,0.5555555555555556,0.5555555555555556,0.5555555555555556,0.07106590413307888,0.22404465719585823
cosine,1,6,0.8888888888888888,0.8888888888888888,0.8888888888888888,0.06032866396668303,0.1411996388214135
euclidean,1,6,0.8888888888888888,0.8888888888888888,0.8888888888888888,0.07013734445362663,0.14667212675603428
pearson,1,6,0.8888888888888888,0.8888888888888888,0.8888888888888888,0.048671413127998726,0.15723407107176884
cosine,1,7,0.7777777777777778,0.7777777777777778,0.7777777777777778,0.07906117728635971,0.17110622064683498
euclidean,1,7,0.7777777777777778,0.7777777777777778,0.7777777777777778,0.09015312635640657,0.17416766320465982
pearson,1,7,0.7777777777777778,0.7777777777777778,0.7777777777777778,0.07921134863480675,0.22972897054197092
cosine,1,8,0.7777777777777778,0.7777777777777778,0.7777777777777778,0.08093218822754703,0.12433839569880147
euclidean,1,8,0.7777777777777778,0.7777777777777778,0.7777777777777778,0.08790590969904503,0.14011871105203286
pearson,1,8,0.4444444444444444,0.4444444444444444,0.4444444444444444,0.1346629159873432,0.31914838192266065
cosine,1,9,0.7777777777777778,0.7777777777777778,0.7777777777777778,0.08825399235350172,0.1960778555097047
euclidean,1,9,0.7777777777777778,0.7777777777777778,0.7777777777777778,0.09263467420826633,0.19187786326264547
pearson,1,9,0.6666666666666666,0.6666666666666666,0.6666666666666666,0.0857112527517928,0.24760869158849225
