distance,k,i,precision,recall,mrr,mae,rmse
cosine,3,0,0.8888888888888888,0.7962962962962963,0.8888888888888888,0.047894108796525246,0.10271560465183865
euclidean,3,0,0.6666666666666666,0.6111111111111112,0.8888888888888888,0.05226136207843835,0.09605553381273658
pearson,3,0,1.0,0.8703703703703703,1.0,0.04032322300376627,0.08444183821435859
cosine,3,1,0.7407407407407407,0.7962962962962963,0.9444444444444444,0.06057595163189068,0.1189985206045011
euclidean,3,1,0.7777777777777778,0.7407407407407407,0.9444444444444444,0.06077595657805912,0.11029806649411798
pearson,3,1,0.7777777777777778,0.7407407407407407,0.9444444444444444,0.06270428366994414,0.13789359384776628
cosine,3,2,0.8888888888888888,0.6296296296296295,0.8888888888888888,0.06147890118295129,0.12500151007857885
euclidean,3,2,0.8888888888888888,0.574074074074074,0.8888888888888888,0.05910314729594764,0.1205599311441674
pearson,3,2,0.8888888888888888,0.6296296296296295,0.8888888888888888,0.06325893136948063,0.12727415583089174
cosine,3,3,0.7962962962962963,0.8518518518518517,0.9444444444444444,0.040997352029911095,0.07059120636160694
euclidean,3,3,0.6666666666666666,0.6851851851851851,0.9444444444444444,0.042935885513851774,0.07445743268956179
pearson,3,3,0.8333333333333334,0.7962962962962963,0.9444444444444444,0.04332774112415694,0.09912844361113678
cosine,3,4,0.8888888888888888,0.6296296296296295,0.8888888888888888,0.08408308941978275,0.17410310976427334
euclidean,3,4,0.8888888888888888,0.574074074074074,0.8888888888888888,0.08056430535089612,0.17090180696734844
pearson,3,4,0.6666666666666666,0.3518518518518518,0.6666666666666666,0.09136063425356172,0.1968878228801015
cosine,3,5,0.7962962962962963,0.6296296296296295,0.8888888888888888,0.06665525401710302,0.13182322526519208
euclidean,3,5,0.8888888888888888,0.5185185185185185,0.8888888888888888,0.05782609491232481,0.10545121229261062
pearson,3,5,0.8888888888888888,0.6111111111111112,0.8888888888888888,0.05921387264620297,0.12592359425916017
cosine,3,6,0.8518518518518517,0.7962962962962963,0.9444444444444444,0.06500557335521563,0.12998273986963452
euclidean,3,6,0.8333333333333334,0.5185185185185185,0.8888888888888888,0.0638664680597866,0.12219345021255437
pearson,3,6,0.7777777777777778,0.6111111111111112,0.8333333333333334,0.06834606102281592,0.16933665779398127
cosine,3,7,0.8888888888888888,0.6481481481481481,0.8888888888888888,0.04934380163102913,0.10795847786601347
euclidean,3,7,0.8888888888888888,0.5185185185185185,0.8888888888888888,0.05028183136761823,0.10165163727195564
pearson,3,7,0.8888888888888888,0.5925925925925926,0.8888888888888888,0.05018076626957241,0.10313410560413996
cosine,3,8,0.7037037037037037,0.7777777777777778,0.8888888888888888,0.06582388236731164,0.13802363186979089
euclidean,3,8,0.6851851851851851,0.7222222222222222,0.8888888888888888,0.06375765962871098,0.12671809447936475
pearson,3,8,0.5925925925925926,0.6666666666666666,0.7777777777777778,0.0702346479920028,0.16487861305927679
cosine,3,9,0.9444444444444444,0.7592592592592592,1.0,0.03632482716850255,0.06390688577259573
euclidean,3,9,1.0,0.6481481481481481,1.0,0.03678777313714136,0.06437584368870901
pearson,3,9,0.9444444444444444,0.7592592592592592,1.0,0.038504639794594314,0.07101254939412815
