distance,k,i,precision,recall,mrr,mae,rmse
cosine,1,0,0.7777777777777778,0.7777777777777778,0.7777777777777778,0.03330940179431406,0.06353281110528572
euclidean,1,0,0.7777777777777778,0.7777777777777778,0.7777777777777778,0.03711012008742579,0.06645829417567833
pearson,1,0,0.4444444444444444,0.4444444444444444,0.4444444444444444,0.0576613823808009,0.18540842075342875
cosine,1,1,0.7777777777777778,0.7777777777777778,0.7777777777777778,0.06711790119036838,0.18324180320268113
euclidean,1,1,0.7777777777777778,0.7777777777777778,0.7777777777777778,0.07030215258319046,0.17631416227541102
pearson,1,1,0.2222222222222222,0.2222222222222222,0.2222222222222222,0.09591431535828816,0.2768219088719042
cosine,1,2,0.7777777777777778,0.7777777777777778,0.7777777777777778,0.02395063077660848,0.04361961963348051
euclidean,1,2,0.7777777777777778,0.7777777777777778,0.7777777777777778,0.026765712041811784,0.04717561204589702
pearson,1,2,0.6666666666666666,0.6666666666666666,0.6666666666666666,0.025910330998915345,0.09901087203039936
cosine,1,3,0.7777777777777778,0.7777777777777778,0.7777777777777778,0.04094797510825622,0.13160005639048306
euclidean,1,3,0.7777777777777778,0.7777777777777778,0.7777777777777778,0.04478774916314433,0.13503336643488512
pearson,1,3,0.8888888888888888,0.8888888888888888,0.8888888888888888,0.034116736471780276,0.12538983762810962
cosine,1,4,0.7777777777777778,0.7777777777777778,0.7777777777777778,0.03322755702676511,0.07420671115406219
euclidean,1,4,0.7777777777777778,0.7777777777777778,0.7777777777777778,0.03953436072031311,0.09227084266301572
pearson,1,4,0.4444444444444444,0.4444444444444444,0.4444444444444444,0.055098992768311685,0.2027612247985335
cosine,1,5,0.7777777777777778,0.7777777777777778,0.7777777777777778,0.026177786619032056,0.06158684124642041
euclidean,1,5,0.7777777777777778,0.7777777777777778,0.7777777777777778,0.027270180796986194,0.05937447432707058
pearson,1,5,0.5555555555555556,0.5555555555555556,0.5555555555555556,0.04587162098504632,0.17131728838167062
cosine,1,6,0.7777777777777778,0.7777777777777778,0.7777777777777778,0.021938055366556363,0.09856016081942844
euclidean,1,6,0.7777777777777778,0.7777777777777778,0.7777777777777778,0.024113843879150137,0.0943289370985575
pearson,1,6,0.8888888888888888,0.8888888888888888,0.8888888888888888,0.012641281322924108,0.02227081354911781
cosine,1,7,0.7777777777777778,0.7777777777777778,0.7777777777777778,0.02227475795626488,0.05194665197250499
euclidean,1,7,0.7777777777777778,0.7777777777777778,0.7777777777777778,0.02318688414290303,0.05085040038762125
pearson,1,7,0.5555555555555556,0.5555555555555556,0.5555555555555556,0.0390819089832811,0.16495974860778717
cosine,1,8,0.7777777777777778,0.7777777777777778,0.7777777777777778,0.03459404256511831,0.10159151029706932
euclidean,1,8,0.7777777777777778,0.7777777777777778,0.7777777777777778,0.03940973182430343,0.10523190313567292
pearson,1,8,0.6666666666666666,0.6666666666666666,0.6666666666666666,0.03731265759150417,0.14049790350604013
cosine,1,9,0.7777777777777778,0.7777777777777778,0.7777777777777778,0.035033008179074884,0.07906724543211666
euclidean,1,9,0.7777777777777778,0.7777777777777778,0.7777777777777778,0.03775554852539083,0.08707110478280004
pearson,1,9,0.3333333333333333,0.3333333333333333,0.3333333333333333,0.06750094497595774,0.20886606035456506
