distance,k,i,precision,recall,mrr,mae,rmse
cosine,3,0,0.4166666666666667,0.5,0.5,0.10775659362363077,0.23233614391547663
euclidean,3,0,0.38888888888888884,0.8333333333333334,0.5833333333333334,0.0771141480234659,0.1689783192331889
pearson,3,0,0.5833333333333334,0.6666666666666666,0.6666666666666666,0.07965170783287878,0.19771484269294987
cosine,3,1,0.5,0.5,0.5,0.08867263985842166,0.21550110149745377
euclidean,3,1,0.5,0.5,0.5,0.09285997298622145,0.21822735630693743
pearson,3,1,0.5,0.5,0.5,0.07380001635284264,0.20304105125587646
cosine,3,2,0.611111111111111,0.75,0.8333333333333334,0.08500217627992736,0.19185592218393382
euclidean,3,2,0.38888888888888884,0.6666666666666666,0.6388888888888888,0.09440666898350777,0.1985267678399334
pearson,3,2,0.7222222222222223,0.75,0.8333333333333334,0.07191743052841684,0.20804006556982588
cosine,3,3,0.4166666666666667,0.5,0.5,0.03192451987293493,0.0746675530609963
euclidean,3,3,0.25,0.25,0.3333333333333333,0.04153440505542921,0.06996512179416974
pearson,3,3,0.4166666666666667,0.5,0.5,0.0435883295770078,0.09654968305821225
cosine,3,4,0.5,0.75,0.6666666666666666,0.08011102134547579,0.21328863379210783
euclidean,3,4,0.4166666666666667,0.75,0.6666666666666666,0.07135252554959634,0.17691920420110047
pearson,3,4,0.5833333333333334,0.75,0.6666666666666666,0.0755699722108663,0.2009971027926281
cosine,3,5,0.4166666666666667,0.5,0.5,0.07828884637914113,0.23786289842602165
euclidean,3,5,0.3333333333333333,0.3333333333333333,0.3333333333333333,0.06426685311995015,0.1427166790772129
pearson,3,5,0.4166666666666667,0.5,0.5,0.020862779924135117,0.0318093135467955
cosine,3,6,0.6666666666666666,0.9166666666666666,0.9166666666666666,0.04734517691311285,0.13552797596330718
euclidean,3,6,0.4166666666666667,0.75,0.6666666666666666,0.05170415138287794,0.12881179727255954
pearson,3,6,0.8333333333333334,0.9166666666666666,1.0,0.047052231410109564,0.11050001812226695
cosine,3,7,0.6666666666666666,0.6666666666666666,0.6666666666666666,0.050357636901639434,0.1573111504997705
euclidean,3,7,0.5,0.5,0.5,0.06888449640404326,0.17799864434374207
pearson,3,7,0.8333333333333334,0.8333333333333334,0.8333333333333334,0.05289067938620571,0.16660118262156756
cosine,3,8,0.5,0.5,0.5,0.08959584965867813,0.21551230525535026
euclidean,3,8,0.5,0.5,0.5,0.09201901928928392,0.219875049564762
pearson,3,8,0.5,0.5,0.5,0.07157994302708941,0.20105099518428846
cosine,3,9,0.6388888888888888,0.8333333333333334,0.8333333333333334,0.08234935933012842,0.18620038018399135
euclidean,3,9,0.4166666666666667,0.5833333333333334,0.5833333333333334,0.08549113761170285,0.1952450731384888
pearson,3,9,0.5,0.5,0.5,0.07645456064007973,0.23031893290195815
