distance,k,i,precision,recall,mrr,mae,rmse
cosine,1,0,0.42857142857142855,0.42857142857142855,0.42857142857142855,0.08045572994587474,0.19529814168860954
euclidean,1,0,0.42857142857142855,0.42857142857142855,0.42857142857142855,0.0776294081206976,0.18390565460204622
pearson,1,0,0.5714285714285714,0.5714285714285714,0.5714285714285714,0.05914810917709167,0.1658427410826093
cosine,1,1,0.42857142857142855,0.42857142857142855,0.42857142857142855,0.0953313876228983,0.25075410595415853
euclidean,1,1,0.0,0.0,0.0,0.09125641746033032,0.24248613078423906
pearson,1,1,0.2857142857142857,0.2857142857142857,0.2857142857142857,0.09628912943977501,0.2597566669418974
cosine,1,2,0.2857142857142857,0.2857142857142857,0.2857142857142857,0.10785063267135975,0.23723904389122677
euclidean,1,2,0.2857142857142857,0.2857142857142857,0.2857142857142857,0.08982444242391167,0.1889485066017874
pearson,1,2,0.5714285714285714,0.5714285714285714,0.5714285714285714,0.08672638121828054,0.21955592214663922
cosine,1,3,0.8571428571428571,0.8571428571428571,0.8571428571428571,0.0567405155881412,0.16504763496727512
euclidean,1,3,0.42857142857142855,0.42857142857142855,0.42857142857142855,0.05542161435957219,0.16915513187490436
pearson,1,3,0.8571428571428571,0.8571428571428571,0.8571428571428571,0.05102676229968127,0.15991115840892045
cosine,1,4,0.42857142857142855,0.42857142857142855,0.42857142857142855,0.08930924995888405,0.21568820896956883
euclidean,1,4,0.14285714285714285,0.14285714285714285,0.14285714285714285,0.08968289957940327,0.2205025975784841
pearson,1,4,0.5714285714285714,0.5714285714285714,0.5714285714285714,0.08801600037963365,0.22920115023162388
cosine,1,5,0.7142857142857143,0.7142857142857143,0.7142857142857143,0.08071627226318821,0.20711816543934153
euclidean,1,5,0.42857142857142855,0.42857142857142855,0.42857142857142855,0.07387517350382576,0.18541700874043493
pearson,1,5,0.5714285714285714,0.5714285714285714,0.5714285714285714,0.06985358120835705,0.19922127009543097
cosine,1,6,0.5714285714285714,0.5714285714285714,0.5714285714285714,0.05090511101763503,0.1383168379171961
euclidean,1,6,0.14285714285714285,0.14285714285714285,0.14285714285714285,0.04910548086913907,0.1261978307655605
pearson,1,6,0.5714285714285714,0.5714285714285714,0.5714285714285714,0.04151982170561152,0.13611064050824298
cosine,1,7,0.5714285714285714,0.5714285714285714,0.5714285714285714,0.08444430116754495,0.21347354079829262
euclidean,1,7,0.14285714285714285,0.14285714285714285,0.14285714285714285,0.0814691136745867,0.21432608910599493
pearson,1,7,0.5714285714285714,0.5714285714285714,0.5714285714285714,0.08421289158505958,0.2293232249083807
cosine,1,8,0.42857142857142855,0.42857142857142855,0.42857142857142855,0.08184932916555945,0.19408651706405028
euclidean,1,8,0.42857142857142855,0.42857142857142855,0.42857142857142855,0.07786332533868069,0.1831200213967933
pearson,1,8,0.42857142857142855,0.42857142857142855,0.42857142857142855,0.07101677708894218,0.19102576369089652
cosine,1,9,0.5714285714285714,0.5714285714285714,0.5714285714285714,0.06509802621712901,0.17380404270926253
euclidean,1,9,0.5714285714285714,0.5714285714285714,0.5714285714285714,0.062173993042412605,0.16717808899165948
pearson,1,9,0.7142857142857143,0.7142857142857143,0.7142857142857143,0.05864756169763669,0.17797137835515597
