distance,k,i,precision,recall,mrr,mae,rmse
cosine,2,0,0.8888888888888888,0.8888888888888888,1.0,0.05063580895165136,0.0995380373543305
euclidean,2,0,0.6111111111111112,0.5555555555555556,0.8333333333333334,0.053319391396728866,0.08341726084765035
pearson,2,0,0.7777777777777778,0.8888888888888888,1.0,0.05401269302721664,0.11201927089467675
cosine,2,1,0.7222222222222222,0.6666666666666666,0.9444444444444444,0.05633675251858398,0.1159238489245775
euclidean,2,1,0.6666666666666666,0.6111111111111112,0.7777777777777778,0.05973837744384801,0.10653214409790202
pearson,2,1,0.7777777777777778,0.6666666666666666,0.9444444444444444,0.05546821263272858,0.11105032985205825
cosine,2,2,0.7777777777777778,0.6111111111111112,0.8888888888888888,0.0443819812741594,0.08252668617323308
euclidean,2,2,0.7777777777777778,0.6111111111111112,0.8888888888888888,0.042876886488859504,0.06749843503809119
pearson,2,2,0.7222222222222222,0.6111111111111112,0.8888888888888888,0.04844791919258428,0.0877811044416516
cosine,2,3,0.6111111111111112,0.4444444444444444,0.6111111111111112,0.07570024685497817,0.16504615331094344
euclidean,2,3,0.7222222222222222,0.5,0.7222222222222222,0.07865899845380919,0.15618282075258658
pearson,2,3,0.5555555555555556,0.4444444444444444,0.6111111111111112,0.07582776510450173,0.16898573980527345
cosine,2,4,0.5555555555555556,0.6111111111111112,0.6666666666666666,0.08370303267294643,0.16879064803355787
euclidean,2,4,0.16666666666666666,0.16666666666666666,0.2222222222222222,0.07810993731414423,0.13500090692213348
pearson,2,4,0.6111111111111112,0.7222222222222222,0.7777777777777778,0.07252654640760763,0.14772364880260533
cosine,2,5,0.8333333333333334,0.7777777777777778,1.0,0.05352616648604656,0.10839762763713462
euclidean,2,5,0.5,0.3888888888888889,0.6666666666666666,0.05586118482779693,0.09833213440447533
pearson,2,5,0.8888888888888888,0.8333333333333334,1.0,0.05477257465158017,0.10657552396704952
cosine,2,6,0.7222222222222222,0.7222222222222222,0.8888888888888888,0.05748036757901856,0.11298657097887202
euclidean,2,6,0.7777777777777778,0.5555555555555556,0.8888888888888888,0.05423984638732627,0.0907395153901224
pearson,2,6,0.7222222222222222,0.7222222222222222,0.8888888888888888,0.05218979402177229,0.09179320611878597
cosine,2,7,0.6111111111111112,0.6111111111111112,0.8888888888888888,0.05991405299554547,0.11928392906300601
euclidean,2,7,0.4444444444444444,0.5555555555555556,0.8888888888888888,0.06272264052721246,0.10932005488897488
pearson,2,7,0.8333333333333334,0.7222222222222222,0.9444444444444444,0.053753114190821634,0.11532668702881044
cosine,2,8,0.8888888888888888,0.6111111111111112,0.8888888888888888,0.06025656747483558,0.12144359410846996
euclidean,2,8,0.6666666666666666,0.3888888888888889,0.6666666666666666,0.0631681636376476,0.12977208314224678
pearson,2,8,0.8888888888888888,0.5555555555555556,0.8888888888888888,0.05965270492565538,0.13149082659985253
cosine,2,9,0.8333333333333334,0.7777777777777778,0.9444444444444444,0.05799884724753765,0.10759091002061336
euclidean,2,9,0.6666666666666666,0.6111111111111112,0.7777777777777778,0.05667554162178132,0.09548591791967688
pearson,2,9,0.7222222222222222,0.6666666666666666,0.8888888888888888,0.05953967014486827,0.1250572564810299
