distance,k,i,precision,recall,mrr,mae,rmse
cosine,1,0,0.6666666666666666,0.6666666666666666,0.6666666666666666,0.09316180137875583,0.19748821103158343
euclidean,1,0,0.6666666666666666,0.6666666666666666,0.6666666666666666,0.10166554414882951,0.20824124301016098
pearson,1,0,0.7777777777777778,0.7777777777777778,0.7777777777777778,0.08985358885868477,0.19911345129459984
cosine,1,1,0.8888888888888888,0.8888888888888888,0.8888888888888888,0.1184077095823865,0.19759797286880004
euclidean,1,1,0.6666666666666666,0.6666666666666666,0.6666666666666666,0.1066148127831878,0.16979648579738582
pearson,1,1,0.7777777777777778,0.7777777777777778,0.7777777777777778,0.09236176797197876,0.18850614364498625
cosine,1,2,0.7777777777777778,0.7777777777777778,0.7777777777777778,0.09746278055058923,0.21128014064898074
euclidean,1,2,0.6666666666666666,0.6666666666666666,0.6666666666666666,0.09056821897253285,0.16632873378855142
pearson,1,2,0.8888888888888888,0.8888888888888888,0.8888888888888888,0.07130415956720272,0.13266575268933425
cosine,1,3,0.3333333333333333,0.3333333333333333,0.3333333333333333,0.07248362160448417,0.12378202349340749
euclidean,1,3,0.2222222222222222,0.2222222222222222,0.2222222222222222,0.08071098356134736,0.13795758438341751
pearson,1,3,0.3333333333333333,0.3333333333333333,0.3333333333333333,0.04527103477426698,0.0864359080756526
cosine,1,4,0.8888888888888888,0.8888888888888888,0.8888888888888888,0.10223564727508049,0.18285853820089953
euclidean,1,4,0.6666666666666666,0.6666666666666666,0.6666666666666666,0.09777722856730887,0.16670485577700175
pearson,1,4,0.7777777777777778,0.7777777777777778,0.7777777777777778,0.09615576496814239,0.1984291709752797
cosine,1,5,0.8888888888888888,0.8888888888888888,0.8888888888888888,0.09512621951584188,0.18451553277838303
euclidean,1,5,0.8888888888888888,0.8888888888888888,0.8888888888888888,0.08900027852358791,0.1547682001659383
pearson,1,5,0.8888888888888888,0.8888888888888888,0.8888888888888888,0.0631427231460632,0.16782151966837336
cosine,1,6,0.8888888888888888,0.8888888888888888,0.8888888888888888,0.10921988246966673,0.17654036321762895
euclidean,1,6,0.6666666666666666,0.6666666666666666,0.6666666666666666,0.10257982261193348,0.163650853426388
pearson,1,6,0.5555555555555556,0.5555555555555556,0.5555555555555556,0.09994478220669131,0.20764325254143454
cosine,1,7,0.6666666666666666,0.6666666666666666,0.6666666666666666,0.12104739447427523,0.2533084948872127
euclidean,1,7,0.6666666666666666,0.6666666666666666,0.6666666666666666,0.12470922127859829,0.2529920718630432
pearson,1,7,0.4444444444444444,0.4444444444444444,0.4444444444444444,0.13016127068132105,0.2865455176606569
cosine,1,8,0.8888888888888888,0.8888888888888888,0.8888888888888888,0.1215203117987045,0.2204035088174232
euclidean,1,8,0.6666666666666666,0.6666666666666666,0.6666666666666666,0.12040642650344195,0.21048408242148153
pearson,1,8,0.8888888888888888,0.8888888888888888,0.8888888888888888,0.06678565494044175,0.17863661601243114
cosine,1,9,0.7777777777777778,0.7777777777777778,0.7777777777777778,0.08045897480783268,0.17597240929693284
euclidean,1,9,0.8888888888888888,0.8888888888888888,0.8888888888888888,0.07362790988670623,0.1717795428676811
pearson,1,9,0.7777777777777778,0.7777777777777778,0.7777777777777778,0.09198604028735322,0.18819788830866122
