distance,k,i,precision,recall,mrr,mae,rmse
cosine,3,0,0.8888888888888888,0.7592592592592592,0.8888888888888888,0.03542288223610344,0.10483318314982226
euclidean,3,0,0.8888888888888888,0.7592592592592592,0.8888888888888888,0.036888750815710636,0.10061032756612523
pearson,3,0,0.6666666666666666,0.6111111111111112,0.6666666666666666,0.03673562949689741,0.12881745312982554
cosine,3,1,0.8888888888888888,0.7962962962962963,0.8888888888888888,0.03809439527291859,0.10350889253530732
euclidean,3,1,0.8888888888888888,0.7037037037037037,0.8888888888888888,0.039019737326757016,0.09115256612308682
pearson,3,1,0.7777777777777778,0.6296296296296295,0.7777777777777778,0.05521427851683583,0.20117979301593775
cosine,3,2,0.8888888888888888,0.7037037037037037,0.8888888888888888,0.03914413096453394,0.08470518534774028
euclidean,3,2,0.8888888888888888,0.7037037037037037,0.8888888888888888,0.04067608511617011,0.09243784067614855
pearson,3,2,0.6666666666666666,0.574074074074074,0.6666666666666666,0.04973526060612,0.17138520545600217
cosine,3,3,0.8888888888888888,0.7037037037037037,0.8888888888888888,0.0247860386550086,0.05583292542033068
euclidean,3,3,0.8888888888888888,0.7037037037037037,0.8888888888888888,0.026315630793217786,0.056900625296685804
pearson,3,3,0.7777777777777778,0.6481481481481481,0.7777777777777778,0.026831500954043956,0.09009423952855883
cosine,3,4,0.8888888888888888,0.7037037037037037,0.8888888888888888,0.029740056794168357,0.10051142358452875
euclidean,3,4,0.8888888888888888,0.7037037037037037,0.8888888888888888,0.02969470431903574,0.09187918645204654
pearson,3,4,0.7777777777777778,0.5925925925925926,0.7777777777777778,0.03808211824077726,0.164372057714682
cosine,3,5,0.8888888888888888,0.7222222222222222,0.8888888888888888,0.020886672901327598,0.04495988982947384
euclidean,3,5,0.8888888888888888,0.7222222222222222,0.8888888888888888,0.025270957858207804,0.05126134653165375
pearson,3,5,0.6666666666666666,0.5,0.6666666666666666,0.03611935195038527,0.163420307530854
cosine,3,6,0.8888888888888888,0.7037037037037037,0.8888888888888888,0.04128471643876509,0.09606756227283446
euclidean,3,6,0.8888888888888888,0.7037037037037037,0.8888888888888888,0.04871043997934547,0.10168101424136876
pearson,3,6,0.6111111111111112,0.48148148148148145,0.6666666666666666,0.05080635089769431,0.17295784395858568
cosine,3,7,0.8888888888888888,0.7592592592592592,0.8888888888888888,0.029408395430781893,0.06528652556241431
euclidean,3,7,0.8888888888888888,0.7037037037037037,0.8888888888888888,0.03082351614220257,0.06474420345129771
pearson,3,7,0.6666666666666666,0.48148148148148145,0.6666666666666666,0.05229113110870326,0.1845924888385105
cosine,3,8,0.8888888888888888,0.7037037037037037,0.8888888888888888,0.035131007736545344,0.09273596143357057
euclidean,3,8,0.8888888888888888,0.7037037037037037,0.8888888888888888,0.03641340504283758,0.07768041027326703
pearson,3,8,0.6666666666666666,0.574074074074074,0.6666666666666666,0.041441995349820744,0.1519395874246641
cosine,3,9,0.8888888888888888,0.7037037037037037,0.8888888888888888,0.03621590466325025,0.07731579341850615
euclidean,3,9,0.8888888888888888,0.7037037037037037,0.8888888888888888,0.040156403041991105,0.08418169775378449
pearson,3,9,0.5555555555555556,0.4259259259259259,0.5555555555555556,0.05940682583782541,0.19108385689981808
