distance,k,i,precision,recall,mrr,mae,rmse
cosine,3,0,0.6666666666666666,0.7777777777777778,0.6666666666666666,0.11971720019692629,0.23937191466212046
euclidean,3,0,0.5,0.6666666666666666,0.5555555555555556,0.11816487582186137,0.23172501618248004
pearson,3,0,0.5,0.5555555555555556,0.5,0.11152404851384444,0.27272983540179757
cosine,3,1,0.5,0.5925925925925926,0.6111111111111112,0.07489165718766796,0.16000620007442493
euclidean,3,1,0.3333333333333333,0.5555555555555556,0.5,0.07135365477939272,0.13344295609720808
pearson,3,1,0.7777777777777778,0.7037037037037037,0.7777777777777778,0.04695941294575461,0.10327484005020596
cosine,3,2,0.6296296296296295,0.7407407407407407,0.7222222222222222,0.09374350092355634,0.19821805704986173
euclidean,3,2,0.537037037037037,0.7777777777777778,0.7222222222222222,0.09828081072545311,0.19074296544198382
pearson,3,2,0.7222222222222222,0.6851851851851851,0.7222222222222222,0.0868437729931616,0.22233883919959027
cosine,3,3,0.574074074074074,0.6296296296296295,0.6111111111111112,0.07615955056046704,0.1554023784365079
euclidean,3,3,0.3333333333333333,0.5555555555555556,0.5,0.08033515333422528,0.14267180065600613
pearson,3,3,0.6666666666666666,0.6296296296296295,0.6666666666666666,0.061563723478335046,0.16404901201477057
cosine,3,4,0.6111111111111112,0.8518518518518517,0.7777777777777778,0.08965021315264689,0.20305701824634892
euclidean,3,4,0.537037037037037,0.7777777777777778,0.6666666666666666,0.09069453013922563,0.20449436498743936
pearson,3,4,0.6111111111111112,0.6296296296296295,0.6666666666666666,0.07139973089764588,0.20080525831644766
cosine,3,5,0.6111111111111112,0.8518518518518517,0.8148148148148148,0.10329121160379429,0.1974875461505974
euclidean,3,5,0.5,0.7777777777777778,0.6666666666666666,0.10742759230937113,0.19892861440567006
pearson,3,5,0.6666666666666666,0.7407407407407407,0.7777777777777778,0.086894978847224,0.1937053351319092
cosine,3,6,0.5555555555555556,0.6666666666666666,0.6666666666666666,0.11555446628033551,0.2258942865182894
euclidean,3,6,0.48148148148148145,0.6111111111111112,0.6111111111111112,0.11276892193275975,0.216954007907754
pearson,3,6,0.7777777777777778,0.5555555555555556,0.7777777777777778,0.09750963011799399,0.23124694869130447
cosine,3,7,0.5555555555555555,0.8888888888888888,0.8333333333333334,0.10782674001393487,0.210245460841843
euclidean,3,7,0.40740740740740733,0.7777777777777778,0.7037037037037037,0.09295244426808748,0.1793890913800051
pearson,3,7,0.7777777777777778,0.8888888888888888,0.8333333333333334,0.06807163503022716,0.1715901317602705
cosine,3,8,0.5555555555555556,0.5925925925925926,0.6111111111111112,0.11610697445783683,0.25381683019168044
euclidean,3,8,0.5,0.5555555555555556,0.5,0.12121056853934327,0.2596288674545909
pearson,3,8,0.6111111111111112,0.5925925925925926,0.6111111111111112,0.10754411907047269,0.2801244144239612
cosine,3,9,0.6111111111111112,0.7222222222222222,0.7222222222222222,0.10133042655205457,0.2272087978495562
euclidean,3,9,0.574074074074074,0.7777777777777778,0.7222222222222222,0.08488028011082208,0.1665775493889675
pearson,3,9,0.7222222222222222,0.7777777777777778,0.8333333333333334,0.07439257431216284,0.16925040637599356
