distance,k,i,precision,recall,mrr,mae,rmse
cosine,3,0,0.5,0.4375,0.5,0.06629501364197755,0.16161963378348226
euclidean,3,0,0.375,0.3125,0.375,0.06845442199307573,0.1677643344743977
pearson,3,0,0.5,0.3958333333333333,0.5,0.06281659568848685,0.1738244180643382
cosine,3,1,0.5208333333333333,0.7083333333333333,1.0,0.04767563296075032,0.08083143411043671
euclidean,3,1,0.375,0.7083333333333333,0.8333333333333333,0.0501075520699388,0.08360810448088757
pearson,3,1,0.8541666666666666,0.875,1.0,0.038998255261436424,0.07142000385844616
cosine,3,2,0.5625,0.7083333333333333,0.6875,0.06768553440345966,0.1447593786358233
euclidean,3,2,0.31249999999999994,0.6041666666666666,0.6041666666666666,0.0596873160359019,0.10379921812261682
pearson,3,2,0.6875,0.8125,0.875,0.044581694075926666,0.08321633423833048
cosine,3,3,0.625,0.8333333333333333,0.9166666666666666,0.05283635914110108,0.0962648322000041
euclidean,3,3,0.3333333333333333,0.7083333333333333,0.7083333333333333,0.05293595275115204,0.08719382337648461
pearson,3,3,0.7291666666666666,0.8333333333333333,0.9375,0.03965340906009503,0.08400287663367835
cosine,3,4,0.75,0.6875,0.8125,0.06329886999537637,0.14866751975300307
euclidean,3,4,0.5,0.375,0.5,0.0672781874003612,0.15335762453097884
pearson,3,4,0.75,0.7291666666666666,0.8125,0.05527650822093972,0.1468719755747384
cosine,3,5,0.5416666666666666,0.7291666666666666,0.8125,0.05061470283632591,0.12065575987250014
euclidean,3,5,0.4375,0.6041666666666666,0.6875,0.05195966116817901,0.11671840376207791
pearson,3,5,0.6875,0.6875,0.875,0.05155482608240927,0.12137621420191949
cosine,3,6,0.5416666666666666,0.5833333333333333,0.75,0.058461343844810526,0.14385018752791298
euclidean,3,6,0.43749999999999994,0.6458333333333333,0.5833333333333333,0.05867460633000842,0.14708709000032844
pearson,3,6,0.47916666666666663,0.5625,0.75,0.060981483745386623,0.15622512495342084
cosine,3,7,0.47916666666666663,0.7708333333333333,0.9375,0.06169733234680902,0.1256545349804971
euclidean,3,7,0.29166666666666663,0.625,0.5625,0.06351872095508014,0.12981801708969332
pearson,3,7,0.7291666666666666,0.8333333333333333,0.9375,0.05147189293555931,0.12817066871386365
cosine,3,8,0.4375,0.6666666666666666,0.8125,0.06223499959777361,0.13210832499999245
euclidean,3,8,0.35416666666666663,0.5833333333333333,0.5625,0.06394818694741068,0.13595905177523257
pearson,3,8,0.7083333333333333,0.7291666666666666,0.8125,0.047526429535824144,0.11345431309966882
cosine,3,9,0.5833333333333333,0.7708333333333333,0.875,0.05462491602051643,0.0999260898757787
euclidean,3,9,0.41666666666666663,0.6666666666666666,0.6666666666666666,0.05224033799154365,0.08414465546247679
pearson,3,9,0.75,0.7708333333333333,0.8125,0.05592171981223707,0.13033342747073648
