distance,k,i,precision,recall,mrr,mae,rmse
cosine,3,0,0.6875,0.7708333333333333,0.9375,0.04862269614766028,0.09561606424366255
euclidean,3,0,0.49999999999999994,0.6041666666666666,0.75,0.05813257146047787,0.09464154892004827
pearson,3,0,0.7708333333333333,0.8333333333333333,0.9375,0.04511265239266172,0.09081593014566111
cosine,3,1,0.875,0.6666666666666666,1.0,0.05430161293539344,0.11434184185767846
euclidean,3,1,0.6875,0.5416666666666666,0.875,0.05188515109291584,0.11140951248200559
pearson,3,1,0.7916666666666666,0.7291666666666666,0.875,0.05310425297995085,0.11351781278596576
cosine,3,2,0.6458333333333333,0.6666666666666666,1.0,0.0622981025046554,0.09495683664854793
euclidean,3,2,0.5208333333333333,0.6041666666666666,0.7916666666666666,0.06278926695510804,0.09500609438174701
pearson,3,2,0.875,0.6041666666666666,0.9375,0.05637638526215574,0.0912288519483097
cosine,3,3,0.625,0.6041666666666666,0.8125,0.04012281109583202,0.08058842418154752
euclidean,3,3,0.4375,0.47916666666666663,0.6875,0.052189914811397904,0.09443957062746325
pearson,3,3,0.75,0.6041666666666666,0.8125,0.04268616819522488,0.07917157563232544
cosine,3,4,0.7291666666666666,0.7916666666666666,0.9375,0.06318503521500361,0.12087143894252121
euclidean,3,4,0.45833333333333326,0.5416666666666666,0.625,0.07024308602936634,0.12903254904220057
pearson,3,4,0.7291666666666666,0.7916666666666666,0.9375,0.059823287363659466,0.11797798211617226
cosine,3,5,0.5208333333333333,0.7291666666666666,0.875,0.0749997772766061,0.14207285441955697
euclidean,3,5,0.5416666666666666,0.6666666666666666,0.875,0.06316095553367987,0.09672163339647766
pearson,3,5,0.6666666666666666,0.7916666666666666,0.9375,0.067713043870598,0.10409361753986163
cosine,3,6,0.6041666666666666,0.41666666666666663,0.875,0.08297687105993692,0.15692221696146583
euclidean,3,6,0.5208333333333333,0.47916666666666663,0.625,0.07688650938705052,0.14494256909144296
pearson,3,6,0.7708333333333333,0.47916666666666663,0.875,0.06456772715211763,0.13735690863475936
cosine,3,7,0.375,0.25,0.375,0.057960991860278595,0.13139107699983676
euclidean,3,7,0.25,0.1875,0.25,0.0630666715716598,0.13219360125872037
pearson,3,7,0.5833333333333333,0.5625,0.625,0.056252302273933734,0.13167110786979414
cosine,3,8,0.75,0.6041666666666666,0.875,0.05728794442532482,0.11632093614881626
euclidean,3,8,0.5,0.47916666666666663,0.6875,0.060169703178921376,0.11438429696019807
pearson,3,8,0.7291666666666666,0.6666666666666666,0.875,0.057563175575739194,0.12237649057298915
cosine,3,9,0.6875,0.6458333333333333,0.875,0.0627873965546372,0.10288853440965676
euclidean,3,9,0.3333333333333333,0.41666666666666663,0.5625,0.06366720251684722,0.10329361790023767
pearson,3,9,0.7291666666666666,0.7083333333333333,0.9375,0.07068646337291863,0.12209816501397606
