distance,k,i,precision,recall,mrr,mae,rmse
cosine,1,0,0.8888888888888888,0.8888888888888888,0.8888888888888888,0.06179335730306896,0.11073811379317379
euclidean,1,0,0.8888888888888888,0.8888888888888888,0.8888888888888888,0.05797710443563167,0.09082591525695688
pearson,1,0,0.8888888888888888,0.8888888888888888,0.8888888888888888,0.05646598499191036,0.10729855728462229
cosine,1,1,0.7777777777777778,0.7777777777777778,0.7777777777777778,0.050727316374034215,0.10059056167223407
euclidean,1,1,0.7777777777777778,0.7777777777777778,0.7777777777777778,0.05956199328553364,0.10928885644648777
pearson,1,1,0.8888888888888888,0.8888888888888888,0.8888888888888888,0.0520825333549152,0.10389879734606415
cosine,1,2,0.5555555555555556,0.5555555555555556,0.5555555555555556,0.08891615562356935,0.17459555976055888
euclidean,1,2,0.2222222222222222,0.2222222222222222,0.2222222222222222,0.08875749145628824,0.16105248287255597
pearson,1,2,0.4444444444444444,0.4444444444444444,0.4444444444444444,0.09673512035032579,0.20168121249390975
cosine,1,3,0.7777777777777778,0.7777777777777778,0.7777777777777778,0.05950405741854477,0.11686357166074995
euclidean,1,3,0.6666666666666666,0.6666666666666666,0.6666666666666666,0.06599830929419617,0.11561224612330555
pearson,1,3,0.7777777777777778,0.7777777777777778,0.7777777777777778,0.06264153220010316,0.1344631643502314
cosine,1,4,0.6666666666666666,0.6666666666666666,0.6666666666666666,0.06528823553710045,0.13981910541866754
euclidean,1,4,0.6666666666666666,0.6666666666666666,0.6666666666666666,0.06981244230429634,0.14014463095837731
pearson,1,4,0.6666666666666666,0.6666666666666666,0.6666666666666666,0.06442656070914708,0.13670027734450366
cosine,1,5,0.6666666666666666,0.6666666666666666,0.6666666666666666,0.05031228300083769,0.11872482233717127
euclidean,1,5,0.6666666666666666,0.6666666666666666,0.6666666666666666,0.05904514438914744,0.11596716690525537
pearson,1,5,0.7777777777777778,0.7777777777777778,0.7777777777777778,0.05030643083571781,0.12042826566870944
cosine,1,6,0.8888888888888888,0.8888888888888888,0.8888888888888888,0.05030108342667228,0.09600770515395193
euclidean,1,6,0.8888888888888888,0.8888888888888888,0.8888888888888888,0.0542105044573909,0.10193600765557094
pearson,1,6,0.8888888888888888,0.8888888888888888,0.8888888888888888,0.05303910277589341,0.10315042380087037
cosine,1,7,0.8888888888888888,0.8888888888888888,0.8888888888888888,0.05725165866015073,0.11557714493204396
euclidean,1,7,0.6666666666666666,0.6666666666666666,0.6666666666666666,0.05577025432253895,0.10523894731669028
pearson,1,7,0.7777777777777778,0.7777777777777778,0.7777777777777778,0.06013242568320412,0.12315353454145686
cosine,1,8,1.0,1.0,1.0,0.06915412509626927,0.11409766194101552
euclidean,1,8,0.6666666666666666,0.6666666666666666,0.6666666666666666,0.07287138723145284,0.11636775765550872
pearson,1,8,0.7777777777777778,0.7777777777777778,0.7777777777777778,0.057811063989465276,0.10465134582021872
cosine,1,9,0.7777777777777778,0.7777777777777778,0.7777777777777778,0.05811701643389359,0.12274099133589077
euclidean,1,9,0.6666666666666666,0.6666666666666666,0.6666666666666666,0.05881509195320426,0.11288989250574508
pearson,1,9,0.7777777777777778,0.7777777777777778,0.7777777777777778,0.05636250892710292,0.12338104602812752
