distance,k,i,precision,recall,mrr,mae,rmse
cosine,2,0,0.7777777777777778,0.6666666666666666,0.7777777777777778,0.019028733881017213,0.03271943737566535
euclidean,2,0,0.7777777777777778,0.6666666666666666,0.7777777777777778,0.020948283382694763,0.03140346763452621
pearson,2,0,0.6666666666666666,0.5555555555555556,0.6666666666666666,0.028154408072567937,0.11781294616581482
cosine,2,1,0.7777777777777778,0.6666666666666666,0.7777777777777778,0.028934182085756547,0.09600326708314336
euclidean,2,1,0.7777777777777778,0.6666666666666666,0.7777777777777778,0.0324289859167078,0.08315176885336252
pearson,2,1,0.7777777777777778,0.6111111111111112,0.7777777777777778,0.028961063570198103,0.12374527197797251
cosine,2,2,0.7777777777777778,0.6666666666666666,0.7777777777777778,0.035366939766631376,0.10475835831335525
euclidean,2,2,0.7777777777777778,0.6666666666666666,0.7777777777777778,0.03747407378589802,0.10462675061000379
pearson,2,2,0.6666666666666666,0.5555555555555556,0.6666666666666666,0.04590822372221014,0.1723020190229737
cosine,2,3,0.7777777777777778,0.7222222222222222,0.7777777777777778,0.031686720835917524,0.09769336822963322
euclidean,2,3,0.7777777777777778,0.6666666666666666,0.7777777777777778,0.0359975833266871,0.09948375353444404
pearson,2,3,0.7777777777777778,0.6666666666666666,0.7777777777777778,0.039960307530834814,0.14165615503071646
cosine,2,4,0.7777777777777778,0.6666666666666666,0.7777777777777778,0.019636069483733122,0.05186919444947791
euclidean,2,4,0.7777777777777778,0.6666666666666666,0.7777777777777778,0.023704659933233285,0.05369744092125092
pearson,2,4,0.7777777777777778,0.6666666666666666,0.7777777777777778,0.0331910949774014,0.1217813227244628
cosine,2,5,0.6666666666666666,0.7222222222222222,0.7777777777777778,0.0383154164180023,0.09217570450976446
euclidean,2,5,0.7777777777777778,0.6666666666666666,0.7777777777777778,0.03780665754540419,0.09384112524367279
pearson,2,5,0.5,0.6666666666666666,0.7777777777777778,0.04425794326381979,0.1338601498276659
cosine,2,6,0.7777777777777778,0.6666666666666666,0.7777777777777778,0.04334481179197266,0.10837723333875969
euclidean,2,6,0.7777777777777778,0.6666666666666666,0.7777777777777778,0.04594707692639787,0.10678909403322558
pearson,2,6,0.6111111111111112,0.5,0.6111111111111112,0.05857513657809664,0.2068305359912537
cosine,2,7,0.7777777777777778,0.6666666666666666,0.7777777777777778,0.03152253755536252,0.0792750131623414
euclidean,2,7,0.7777777777777778,0.6666666666666666,0.7777777777777778,0.036829250773430175,0.08899147543580045
pearson,2,7,0.5,0.3888888888888889,0.5,0.05168835195577426,0.20331012678916555
cosine,2,8,0.8888888888888888,0.7222222222222222,0.8888888888888888,0.022459926901569824,0.04656861368806155
euclidean,2,8,0.8888888888888888,0.7222222222222222,0.8888888888888888,0.02422674978130904,0.04611538400946398
pearson,2,8,0.7777777777777778,0.6111111111111112,0.7777777777777778,0.03593637321049801,0.14040000840754327
cosine,2,9,0.7777777777777778,0.6666666666666666,0.7777777777777778,0.01967305140972691,0.04363660839411834
euclidean,2,9,0.7777777777777778,0.6666666666666666,0.7777777777777778,0.01814925976743442,0.04100530492628257
pearson,2,9,0.7777777777777778,0.6666666666666666,0.7777777777777778,0.02714414164916848,0.09873519307401316
