distance,k,i,precision,recall,mrr,mae,rmse
cosine,1,0,0.5555555555555556,0.5555555555555556,0.5555555555555556,0.13036873700871066,0.21997519189448472
euclidean,1,0,0.5555555555555556,0.5555555555555556,0.5555555555555556,0.147249660308455,0.23572955627336645
pearson,1,0,0.6666666666666666,0.6666666666666666,0.6666666666666666,0.14315741414451882,0.24723355326265384
cosine,1,1,0.3333333333333333,0.3333333333333333,0.3333333333333333,0.13544108897096796,0.21534927301951745
euclidean,1,1,0.3333333333333333,0.3333333333333333,0.3333333333333333,0.1454698616050495,0.2283005270791234
pearson,1,1,0.3333333333333333,0.3333333333333333,0.3333333333333333,0.13716182930836318,0.21625144513480082
cosine,1,2,0.4444444444444444,0.4444444444444444,0.4444444444444444,0.15967676152324248,0.25435936881098375
euclidean,1,2,0.4444444444444444,0.4444444444444444,0.4444444444444444,0.15497045503553333,0.2524870951951461
pearson,1,2,0.4444444444444444,0.4444444444444444,0.4444444444444444,0.16369526124054015,0.25913474721210944
cosine,1,3,0.4444444444444444,0.4444444444444444,0.4444444444444444,0.12673645379239576,0.21971618215038655
euclidean,1,3,0.3333333333333333,0.3333333333333333,0.3333333333333333,0.13238435123787182,0.2265847325337543
pearson,1,3,0.4444444444444444,0.4444444444444444,0.4444444444444444,0.1280645425488143,0.22288053526939403
cosine,1,4,0.2222222222222222,0.2222222222222222,0.2222222222222222,0.15188966739560944,0.2723774404575392
euclidean,1,4,0.2222222222222222,0.2222222222222222,0.2222222222222222,0.14018452338071663,0.24728602399273059
pearson,1,4,0.2222222222222222,0.2222222222222222,0.2222222222222222,0.1448435729122276,0.25918193613267276
cosine,1,5,0.3333333333333333,0.3333333333333333,0.3333333333333333,0.13785696584100846,0.23766381916852086
euclidean,1,5,0.3333333333333333,0.3333333333333333,0.3333333333333333,0.15313415980279296,0.24890502859499317
pearson,1,5,0.3333333333333333,0.3333333333333333,0.3333333333333333,0.13432473557961908,0.2366221306256436
cosine,1,6,0.3333333333333333,0.3333333333333333,0.3333333333333333,0.13712238267574053,0.2228884263867119
euclidean,1,6,0.2222222222222222,0.2222222222222222,0.2222222222222222,0.13693085914371075,0.21542828322028693
pearson,1,6,0.4444444444444444,0.4444444444444444,0.4444444444444444,0.13683559879721988,0.23536053665731216
cosine,1,7,0.5555555555555556,0.5555555555555556,0.5555555555555556,0.11669406744035041,0.22657008802036593
euclidean,1,7,0.4444444444444444,0.4444444444444444,0.4444444444444444,0.11922401676617424,0.22713261426482
pearson,1,7,0.4444444444444444,0.4444444444444444,0.4444444444444444,0.11774447819184629,0.22693729138464497
cosine,1,8,0.3333333333333333,0.3333333333333333,0.3333333333333333,0.13233467039035476,0.25093098199482505
euclidean,1,8,0.3333333333333333,0.3333333333333333,0.3333333333333333,0.14092378618751986,0.25729584244784487
pearson,1,8,0.3333333333333333,0.3333333333333333,0.3333333333333333,0.12453868486357515,0.2416557177394851
cosine,1,9,0.3333333333333333,0.3333333333333333,0.3333333333333333,0.1424321743695213,0.23581109517273888
euclidean,1,9,0.3333333333333333,0.3333333333333333,0.3333333333333333,0.14908794189477054,0.24437959719379077
pearson,1,9,0.3333333333333333,0.3333333333333333,0.3333333333333333,0.13648939949759933,0.23446677053689507
cosine,1,10,0.4444444444444444,0.4444444444444444,0.4444444444444444,0.1793937066397594,0.2927110323286012
euclidean,1,10,0.4444444444444444,0.4444444444444444,0.4444444444444444,0.17838092066621117,0.283113950190667
pearson,1,10,0.4444444444444444,0.4444444444444444,0.4444444444444444,0.18183737411602746,0.30039322992011935
cosine,1,11,0.5555555555555556,0.5555555555555556,0.5555555555555556,0.1369065264656308,0.26220889524890656
euclidean,1,11,0.5555555555555556,0.5555555555555556,0.5555555555555556,0.1409428582389269,0.24686127914110162
pearson,1,11,0.5555555555555556,0.5555555555555556,0.5555555555555556,0.12906892200194867,0.2473704690535788
cosine,1,12,0.3333333333333333,0.3333333333333333,0.3333333333333333,0.15820658151755035,0.24666932639608338
euclidean,1,12,0.3333333333333333,0.3333333333333333,0.3333333333333333,0.17483002125287558,0.2520921166470839
pearson,1,12,0.3333333333333333,0.3333333333333333,0.3333333333333333,0.16045029033125602,0.25745299939926364
cosine,1,13,0.3333333333333333,0.3333333333333333,0.3333333333333333,0.10927041277621337,0.19695370381622204
euclidean,1,13,0.3333333333333333,0.3333333333333333,0.3333333333333333,0.11948507215881271,0.2079039884068041
pearson,1,13,0.3333333333333333,0.3333333333333333,0.3333333333333333,0.10006472579983354,0.18829825462923783
cosine,1,14,0.3333333333333333,0.3333333333333333,0.3333333333333333,0.1453860068631736,0.25679740701506093
euclidean,1,14,0.3333333333333333,0.3333333333333333,0.3333333333333333,0.15512443891451963,0.2641292123436545
pearson,1,14,0.3333333333333333,0.3333333333333333,0.3333333333333333,0.13761860605749887,0.254229770435218
cosine,1,15,0.2222222222222222,0.2222222222222222,0.2222222222222222,0.1546943676074282,0.2645577212433439
euclidean,1,15,0.2222222222222222,0.2222222222222222,0.2222222222222222,0.16026834299156825,0.26277958272468543
pearson,1,15,0.2222222222222222,0.2222222222222222,0.2222222222222222,0.15575085282306303,0.26517596959677286
cosine,1,16,0.3333333333333333,0.3333333333333333,0.3333333333333333,0.1509781608450779,0.26614289259779433
euclidean,1,16,0.3333333333333333,0.3333333333333333,0.3333333333333333,0.14945537590370234,0.2631164990570438
pearson,1,16,0.3333333333333333,0.3333333333333333,0.3333333333333333,0.15271316847026734,0.26727238945697923
cosine,1,17,0.4444444444444444,0.4444444444444444,0.4444444444444444,0.10242462890550068,0.18829804003407166
euclidean,1,17,0.4444444444444444,0.4444444444444444,0.4444444444444444,0.1191329804799183,0.20308652652120143
pearson,1,17,0.4444444444444444,0.4444444444444444,0.4444444444444444,0.09966714598027253,0.18283580890713094
cosine,1,18,0.3333333333333333,0.3333333333333333,0.3333333333333333,0.15295894625496614,0.2680045966408439
euclidean,1,18,0.3333333333333333,0.3333333333333333,0.3333333333333333,0.157799705662154,0.2685789497166335
pearson,1,18,0.3333333333333333,0.3333333333333333,0.3333333333333333,0.15450345873063948,0.2671996674961448
cosine,1,19,0.3333333333333333,0.3333333333333333,0.3333333333333333,0.12417586635659837,0.23317870975971694
euclidean,1,19,0.3333333333333333,0.3333333333333333,0.3333333333333333,0.13854725213977193,0.22634753648247974
pearson,1,19,0.4444444444444444,0.4444444444444444,0.4444444444444444,0.1388542286806707,0.25525433358604804
