distance,k,i,precision,recall,mrr,mae,rmse
cosine,2,0,0.6111111111111112,0.6111111111111112,0.5555555555555556,0.10848776927788892,0.24409202446501513
euclidean,2,0,0.6111111111111112,0.6111111111111112,0.5555555555555556,0.11376617145735148,0.24828124791060902
pearson,2,0,0.7222222222222222,0.7222222222222222,0.5555555555555556,0.11061197477349985,0.24424939924092862
cosine,2,1,0.6111111111111112,0.6111111111111112,0.3888888888888889,0.12408077343191797,0.23426839248256248
euclidean,2,1,0.3888888888888889,0.3888888888888889,0.2777777777777778,0.1317172223803206,0.22983096502317396
pearson,2,1,0.6111111111111112,0.6111111111111112,0.3888888888888889,0.12919748787797333,0.24735961436931106
cosine,2,2,0.4444444444444444,0.4444444444444444,0.2777777777777778,0.14940359865011965,0.2633407999108767
euclidean,2,2,0.5,0.5,0.2777777777777778,0.1570076421594877,0.2689899080277256
pearson,2,2,0.5,0.5,0.3333333333333333,0.14605796947486296,0.26236633848981944
cosine,2,3,0.6666666666666666,0.6666666666666666,0.5,0.1499442346562395,0.25591204719330557
euclidean,2,3,0.6111111111111112,0.6111111111111112,0.4444444444444444,0.16182786402639573,0.26813897301003653
pearson,2,3,0.6666666666666666,0.6666666666666666,0.5,0.1442513304026269,0.2511948787442832
cosine,2,4,0.6666666666666666,0.6666666666666666,0.5555555555555556,0.12255873006250902,0.21920212606156392
euclidean,2,4,0.6666666666666666,0.6666666666666666,0.5555555555555556,0.12504428432602052,0.221900581861098
pearson,2,4,0.6666666666666666,0.6666666666666666,0.5555555555555556,0.11585636086499794,0.21472127067481395
cosine,2,5,0.4444444444444444,0.4444444444444444,0.3333333333333333,0.17223646460659925,0.30313076766821695
euclidean,2,5,0.5,0.5,0.3888888888888889,0.1747781236400103,0.2939898785111587
pearson,2,5,0.5,0.5,0.3888888888888889,0.17635574388449166,0.3173623506635909
cosine,2,6,0.5,0.5,0.4444444444444444,0.16878462994564425,0.28964154251688523
euclidean,2,6,0.5555555555555556,0.5555555555555556,0.4444444444444444,0.16819817459754371,0.28372503257264137
pearson,2,6,0.5,0.5,0.4444444444444444,0.17299290884906277,0.2955507011100588
cosine,2,7,0.4444444444444444,0.4444444444444444,0.3333333333333333,0.12906543285660027,0.2429875147524902
euclidean,2,7,0.4444444444444444,0.4444444444444444,0.3333333333333333,0.1398310668426211,0.24804397445857662
pearson,2,7,0.5,0.5,0.3333333333333333,0.14006825817485233,0.28459490455948744
cosine,2,8,0.6111111111111112,0.6111111111111112,0.5,0.12401261379976461,0.221354595499271
euclidean,2,8,0.6111111111111112,0.6111111111111112,0.5555555555555556,0.11571573998211634,0.19154514596057862
pearson,2,8,0.5555555555555556,0.5555555555555556,0.5,0.1329922083758934,0.24412378485411634
cosine,2,9,0.6111111111111112,0.6111111111111112,0.4444444444444444,0.15109525393290765,0.25618718477924735
euclidean,2,9,0.5,0.5,0.3888888888888889,0.14783681197781026,0.24740624573611636
pearson,2,9,0.5555555555555556,0.5555555555555556,0.4444444444444444,0.1548273161114591,0.2610074867672549
cosine,2,10,0.5555555555555556,0.5555555555555556,0.5,0.15057196282502988,0.2737990377537437
euclidean,2,10,0.5,0.5,0.4444444444444444,0.14844777119308536,0.2627059853839788
pearson,2,10,0.5555555555555556,0.5555555555555556,0.5555555555555556,0.15265483623841683,0.2772253154239166
cosine,2,11,0.5,0.5,0.4444444444444444,0.15967450576738412,0.2881474356876423
euclidean,2,11,0.4444444444444444,0.4444444444444444,0.4444444444444444,0.16060045855998742,0.27258632205880445
pearson,2,11,0.5555555555555556,0.5555555555555556,0.4444444444444444,0.1494876087723352,0.26978348116266754
cosine,2,12,0.6666666666666666,0.6666666666666666,0.5,0.13721673436353865,0.2239522436667763
euclidean,2,12,0.4444444444444444,0.4444444444444444,0.4444444444444444,0.14523820329362885,0.2331623635678592
pearson,2,12,0.6666666666666666,0.6666666666666666,0.4444444444444444,0.13607710066244333,0.223371804554876
cosine,2,13,0.6666666666666666,0.6666666666666666,0.6111111111111112,0.15294898430710474,0.27281532325981983
euclidean,2,13,0.4444444444444444,0.4444444444444444,0.5,0.13304518294675174,0.21932608957608773
pearson,2,13,0.6666666666666666,0.6666666666666666,0.6111111111111112,0.1548896334776988,0.27797062997132854
cosine,2,14,0.6111111111111112,0.6111111111111112,0.5555555555555556,0.12882068781791672,0.23398849436562444
euclidean,2,14,0.5,0.5,0.3888888888888889,0.14242905223029026,0.24015273978476923
pearson,2,14,0.6111111111111112,0.6111111111111112,0.5555555555555556,0.1248629924227815,0.23887973373453725
cosine,2,15,0.6111111111111112,0.6111111111111112,0.5,0.1681613076791913,0.2800748463593374
euclidean,2,15,0.5,0.5,0.3888888888888889,0.180552044032574,0.28394786342883005
pearson,2,15,0.6666666666666666,0.6666666666666666,0.5555555555555556,0.1651969315672404,0.28645543678009844
cosine,2,16,0.6111111111111112,0.6111111111111112,0.5555555555555556,0.12978244029069372,0.2270091522847471
euclidean,2,16,0.5555555555555556,0.5555555555555556,0.5555555555555556,0.1368432629316643,0.22982047394237778
pearson,2,16,0.5,0.5,0.4444444444444444,0.12151734082711332,0.22462619411071444
cosine,2,17,0.6111111111111112,0.6111111111111112,0.3888888888888889,0.15596029214938434,0.24784858737314427
euclidean,2,17,0.5,0.5,0.3333333333333333,0.16717938239848582,0.2532822759945048
pearson,2,17,0.5555555555555556,0.5555555555555556,0.3888888888888889,0.15263963213280388,0.24294505182831871
cosine,2,18,0.6111111111111112,0.6111111111111112,0.5,0.15708707940237954,0.2731925070294696
euclidean,2,18,0.5,0.5,0.3888888888888889,0.1559127990327239,0.2596754455554986
pearson,2,18,0.5555555555555556,0.5555555555555556,0.5,0.15672994509345617,0.2912057555437444
cosine,2,19,0.5555555555555556,0.5555555555555556,0.3888888888888889,0.14328744582397748,0.25510665459478216
euclidean,2,19,0.5555555555555556,0.5555555555555556,0.3888888888888889,0.1604791801877405,0.265457098329655
pearson,2,19,0.5555555555555556,0.5555555555555556,0.3888888888888889,0.14313449799820863,0.2541719087310132
