distance,k,i,precision,recall,mrr,mae,rmse
cosine,3,0,0.6666666666666666,0.6666666666666666,0.4629629629629629,0.12292410492698423,0.22303706511435442
euclidean,3,0,0.48148148148148145,0.48148148148148145,0.3888888888888889,0.143426173908753,0.2353609508452424
pearson,3,0,0.6296296296296295,0.6296296296296295,0.4629629629629629,0.13445361510242773,0.25504324025353803
cosine,3,1,0.7407407407407407,0.7407407407407407,0.7777777777777778,0.13713253673070194,0.24087104118535077
euclidean,3,1,0.6296296296296295,0.6296296296296295,0.5555555555555556,0.16082253950169587,0.25231638236545384
pearson,3,1,0.6666666666666666,0.6666666666666666,0.7777777777777778,0.1400953730358556,0.26553914972525183
cosine,3,2,0.5925925925925926,0.5925925925925926,0.537037037037037,0.1317034410670561,0.21521772850313134
euclidean,3,2,0.4074074074074074,0.4074074074074074,0.37037037037037035,0.13742486811389212,0.2229469518836094
pearson,3,2,0.7037037037037037,0.7037037037037037,0.6481481481481481,0.1289129827543446,0.2145612887722724
cosine,3,3,0.6666666666666666,0.6666666666666666,0.5,0.12132403194838359,0.20880805343860814
euclidean,3,3,0.5555555555555555,0.5555555555555555,0.48148148148148145,0.12746309846541257,0.2122122824229508
pearson,3,3,0.7037037037037037,0.7037037037037037,0.537037037037037,0.1212804460155348,0.21052120333206878
cosine,3,4,0.6666666666666666,0.6666666666666666,0.48148148148148145,0.1486031562625434,0.23633617137374446
euclidean,3,4,0.5185185185185185,0.5185185185185185,0.4444444444444444,0.15040384949998256,0.24024177943746705
pearson,3,4,0.6666666666666666,0.6666666666666666,0.5,0.15765722842884486,0.25193089004680214
cosine,3,5,0.6296296296296297,0.6296296296296297,0.5555555555555556,0.14178599202571665,0.2320961323584886
euclidean,3,5,0.48148148148148145,0.48148148148148145,0.3888888888888889,0.14424785772024623,0.2386470780934365
pearson,3,5,0.7037037037037037,0.7037037037037037,0.5925925925925926,0.15018475015572383,0.24839234770598329
cosine,3,6,0.5925925925925926,0.5925925925925926,0.7777777777777778,0.2014746067346359,0.3340136048717486
euclidean,3,6,0.48148148148148145,0.48148148148148145,0.6111111111111112,0.1633708964505019,0.25976813540648813
pearson,3,6,0.5185185185185186,0.5185185185185186,0.8148148148148148,0.21533979845070386,0.36315065750223063
cosine,3,7,0.6666666666666666,0.6666666666666666,0.48148148148148145,0.13740095946848999,0.23863059722944652
euclidean,3,7,0.6296296296296297,0.6296296296296297,0.48148148148148145,0.14239777274733093,0.24011146686415888
pearson,3,7,0.6296296296296295,0.6296296296296295,0.48148148148148145,0.14361448933102022,0.24715826482510792
cosine,3,8,0.7037037037037037,0.7037037037037037,0.48148148148148145,0.12041592512910619,0.20925031327337293
euclidean,3,8,0.5185185185185185,0.5185185185185185,0.4259259259259259,0.14027600936144696,0.230946238577985
pearson,3,8,0.7407407407407408,0.7407407407407408,0.5555555555555556,0.13397300616303728,0.24418023698690455
cosine,3,9,0.7037037037037037,0.7037037037037037,0.5555555555555556,0.1559339581374801,0.2777974882528144
euclidean,3,9,0.4444444444444444,0.4444444444444444,0.4259259259259259,0.16106788080782747,0.26647097003589215
pearson,3,9,0.6666666666666665,0.6666666666666665,0.4629629629629629,0.14669849043976732,0.27917685635428985
cosine,3,10,0.6666666666666665,0.6666666666666665,0.5,0.12286820560146074,0.23046801921130305
euclidean,3,10,0.5555555555555555,0.5555555555555555,0.4444444444444444,0.1346630688651688,0.2412258011607801
pearson,3,10,0.6296296296296295,0.6296296296296295,0.5,0.11902888557599357,0.2466011500327481
cosine,3,11,0.5555555555555555,0.5555555555555555,0.5740740740740741,0.1323949284974964,0.22945431446793726
euclidean,3,11,0.5555555555555555,0.5555555555555555,0.5740740740740741,0.14950618963591047,0.2419654931829151
pearson,3,11,0.5925925925925926,0.5925925925925926,0.6666666666666666,0.12154475219545251,0.22064147567658882
cosine,3,12,0.7037037037037037,0.7037037037037037,0.4074074074074074,0.14802588817586343,0.2623152375256851
euclidean,3,12,0.5925925925925926,0.5925925925925926,0.3703703703703704,0.14995007924770853,0.25633216449425766
pearson,3,12,0.6666666666666665,0.6666666666666665,0.4074074074074074,0.1429531303072864,0.26410904268884267
cosine,3,13,0.5555555555555555,0.5555555555555555,0.4444444444444444,0.14059749152785586,0.24920118096063348
euclidean,3,13,0.5185185185185185,0.5185185185185185,0.3703703703703704,0.1519269020076979,0.24650213795322498
pearson,3,13,0.5925925925925926,0.5925925925925926,0.462962962962963,0.1327646988445684,0.23988782019922658
cosine,3,14,0.7037037037037037,0.7037037037037037,0.5555555555555556,0.1324275826553402,0.23863050137184688
euclidean,3,14,0.5555555555555555,0.5555555555555555,0.4444444444444444,0.14126305016173962,0.2508418681339934
pearson,3,14,0.7407407407407408,0.7407407407407408,0.6111111111111112,0.1419972140802559,0.2515758063637042
cosine,3,15,0.5555555555555556,0.5555555555555556,0.5,0.1451910355811523,0.24628355442442973
euclidean,3,15,0.48148148148148145,0.48148148148148145,0.3888888888888889,0.15573420216426398,0.23285825060657625
pearson,3,15,0.5925925925925926,0.5925925925925926,0.5,0.12657137238939756,0.21922142598848585
cosine,3,16,0.5555555555555556,0.5555555555555556,0.3333333333333333,0.1519730177426139,0.23935577896027863
euclidean,3,16,0.4444444444444444,0.4444444444444444,0.3148148148148148,0.15740648938595364,0.24084237708515252
pearson,3,16,0.5925925925925926,0.5925925925925926,0.37037037037037035,0.15408918551229678,0.25844746355000625
cosine,3,17,0.6666666666666666,0.6666666666666666,0.6111111111111112,0.13269614324363058,0.2217883861448122
euclidean,3,17,0.5925925925925926,0.5925925925925926,0.48148148148148145,0.1559297543493852,0.24197242254862764
pearson,3,17,0.6666666666666666,0.6666666666666666,0.6666666666666666,0.13152084064619451,0.22518986396602408
cosine,3,19,0.7407407407407407,0.7407407407407407,0.4629629629629629,0.14644380382132485,0.2408255197261131
euclidean,3,19,0.5185185185185185,0.5185185185185185,0.4259259259259259,0.17083694890907303,0.25860198003560075
pearson,3,19,0.7037037037037037,0.7037037037037037,0.48148148148148145,0.1361962710703313,0.2458840999058434
