distance,k,i,precision,recall,mrr,mae,rmse
cosine,1,0,0.7777777777777778,0.7777777777777778,0.7777777777777778,0.1781330346576917,0.2916101313902212
euclidean,1,0,0.7777777777777778,0.7777777777777778,0.7777777777777778,0.1794207656058113,0.2869240971322835
pearson,1,0,0.8888888888888888,0.8888888888888888,0.8888888888888888,0.17313140743397956,0.2870888685153842
cosine,1,1,0.7777777777777778,0.7777777777777778,0.7777777777777778,0.1484675092947843,0.26117307743631374
euclidean,1,1,0.7777777777777778,0.7777777777777778,0.7777777777777778,0.15153761098525206,0.2561004241278523
pearson,1,1,0.7777777777777778,0.7777777777777778,0.7777777777777778,0.14828073704945638,0.26150040203823566
cosine,1,2,0.7777777777777778,0.7777777777777778,0.7777777777777778,0.12360655996809579,0.21399572688661353
euclidean,1,2,0.7777777777777778,0.7777777777777778,0.7777777777777778,0.12418651580024323,0.20358091514525437
pearson,1,2,0.7777777777777778,0.7777777777777778,0.7777777777777778,0.1275473303696759,0.22065759378491603
cosine,1,3,0.6666666666666666,0.6666666666666666,0.6666666666666666,0.13403657310431571,0.23119853488936956
euclidean,1,3,0.7777777777777778,0.7777777777777778,0.7777777777777778,0.14350214732965047,0.22507076200053577
pearson,1,3,0.6666666666666666,0.6666666666666666,0.6666666666666666,0.12256513204555737,0.2150277368479923
cosine,1,4,0.6666666666666666,0.6666666666666666,0.6666666666666666,0.14738145024387747,0.260402063147165
euclidean,1,4,0.7777777777777778,0.7777777777777778,0.7777777777777778,0.15947834316715828,0.2507887757216147
pearson,1,4,0.6666666666666666,0.6666666666666666,0.6666666666666666,0.13932942308629997,0.25256988667425045
cosine,1,5,0.6666666666666666,0.6666666666666666,0.6666666666666666,0.1169163608198229,0.17436346959834956
euclidean,1,5,0.7777777777777778,0.7777777777777778,0.7777777777777778,0.132987358078207,0.18259814695376586
pearson,1,5,0.6666666666666666,0.6666666666666666,0.6666666666666666,0.12519441277723214,0.1954799402629961
cosine,1,6,0.8888888888888888,0.8888888888888888,0.8888888888888888,0.13087250431039402,0.2545731911151701
euclidean,1,6,0.7777777777777778,0.7777777777777778,0.7777777777777778,0.13306398123846486,0.2520950614949175
pearson,1,6,0.8888888888888888,0.8888888888888888,0.8888888888888888,0.13065548873745964,0.2541683297641641
cosine,1,7,0.7777777777777778,0.7777777777777778,0.7777777777777778,0.13841333537533232,0.24806418465540303
euclidean,1,7,0.7777777777777778,0.7777777777777778,0.7777777777777778,0.14030023626343852,0.24757858300680802
pearson,1,7,0.7777777777777778,0.7777777777777778,0.7777777777777778,0.144176560909344,0.2710773572460887
cosine,1,8,0.7777777777777778,0.7777777777777778,0.7777777777777778,0.11890902304562599,0.22214272149840533
euclidean,1,8,0.7777777777777778,0.7777777777777778,0.7777777777777778,0.12983057630943423,0.23881192005622096
pearson,1,8,0.8888888888888888,0.8888888888888888,0.8888888888888888,0.12229448665156173,0.22835638121186327
cosine,1,9,0.7777777777777778,0.7777777777777778,0.7777777777777778,0.13774754251519833,0.2353932646437643
euclidean,1,9,0.7777777777777778,0.7777777777777778,0.7777777777777778,0.13615696171871344,0.22718539602896443
pearson,1,9,0.7777777777777778,0.7777777777777778,0.7777777777777778,0.13381403524320207,0.2283524971235875
cosine,1,10,0.6666666666666666,0.6666666666666666,0.6666666666666666,0.15998990734938745,0.26619523534546946
euclidean,1,10,0.7777777777777778,0.7777777777777778,0.7777777777777778,0.1679674352410138,0.2565230060335872
pearson,1,10,0.6666666666666666,0.6666666666666666,0.6666666666666666,0.16794591811952972,0.2743577340564578
cosine,1,11,0.7777777777777778,0.7777777777777778,0.7777777777777778,0.11268134287876924,0.18269994981376228
euclidean,1,11,0.7777777777777778,0.7777777777777778,0.7777777777777778,0.1283375730379829,0.18261546081770552
pearson,1,11,0.7777777777777778,0.7777777777777778,0.7777777777777778,0.11888141913785472,0.1871888299729001
cosine,1,12,0.7777777777777778,0.7777777777777778,0.7777777777777778,0.15930121126130223,0.28013958271316247
euclidean,1,12,0.7777777777777778,0.7777777777777778,0.7777777777777778,0.16546900176140458,0.28365811173238403
pearson,1,12,0.7777777777777778,0.7777777777777778,0.7777777777777778,0.15548612158565964,0.28800908797424035
cosine,1,13,0.7777777777777778,0.7777777777777778,0.7777777777777778,0.15418310264804394,0.25786649582132154
euclidean,1,13,0.7777777777777778,0.7777777777777778,0.7777777777777778,0.15482172592684673,0.25763625051279226
pearson,1,13,0.7777777777777778,0.7777777777777778,0.7777777777777778,0.1527318875774416,0.25964174387284694
cosine,1,14,0.6666666666666666,0.6666666666666666,0.6666666666666666,0.14835296860044017,0.25357664292924015
euclidean,1,14,0.7777777777777778,0.7777777777777778,0.7777777777777778,0.15382366663500605,0.24625971008992165
pearson,1,14,0.5555555555555556,0.5555555555555556,0.5555555555555556,0.14940560003300463,0.25304070601418355
cosine,1,15,0.7777777777777778,0.7777777777777778,0.7777777777777778,0.13765448079665166,0.24286001522077016
euclidean,1,15,0.7777777777777778,0.7777777777777778,0.7777777777777778,0.13433460375010337,0.23833273566683416
pearson,1,15,0.7777777777777778,0.7777777777777778,0.7777777777777778,0.1377891296504102,0.24334528283571905
cosine,1,16,0.6666666666666666,0.6666666666666666,0.6666666666666666,0.15972926630108006,0.2563127320310953
euclidean,1,16,0.7777777777777778,0.7777777777777778,0.7777777777777778,0.14936390383520146,0.22660493370079451
pearson,1,16,0.6666666666666666,0.6666666666666666,0.6666666666666666,0.16460845222697823,0.27194933610295213
cosine,1,17,0.6666666666666666,0.6666666666666666,0.6666666666666666,0.1627955778281505,0.2804123714389065
euclidean,1,17,0.7777777777777778,0.7777777777777778,0.7777777777777778,0.15979784059513558,0.2683147399654411
pearson,1,17,0.6666666666666666,0.6666666666666666,0.6666666666666666,0.16588055674131844,0.30293340598206236
cosine,1,18,0.7777777777777778,0.7777777777777778,0.7777777777777778,0.1408820573649725,0.23964238651554737
euclidean,1,18,0.7777777777777778,0.7777777777777778,0.7777777777777778,0.14722781812569238,0.23569410542567115
pearson,1,18,0.7777777777777778,0.7777777777777778,0.7777777777777778,0.14234988162386666,0.25039340477962674
cosine,1,19,0.5555555555555556,0.5555555555555556,0.5555555555555556,0.15380029724081248,0.27394457336130823
euclidean,1,19,0.7777777777777778,0.7777777777777778,0.7777777777777778,0.1633607747202686,0.2634983489906346
pearson,1,19,0.5555555555555556,0.5555555555555556,0.5555555555555556,0.15660667353324828,0.28265164941902904
