distance,k,i,precision,recall,mrr,mae,rmse
cosine,2,0,0.6666666666666666,0.6666666666666666,0.8888888888888888,0.1406573541786404,0.23047824874882078
euclidean,2,0,0.5555555555555556,0.5555555555555556,0.8888888888888888,0.1561304769703675,0.24422291316080438
pearson,2,0,0.6666666666666666,0.6666666666666666,0.8333333333333334,0.1510869420103465,0.25739207281108506
cosine,2,1,0.5,0.5,0.8888888888888888,0.14312005628610658,0.26535952725983436
euclidean,2,1,0.5,0.5,0.8888888888888888,0.14663710959904422,0.2676879564637578
pearson,2,1,0.5555555555555556,0.5555555555555556,0.8888888888888888,0.14230317036591886,0.2661613936097317
cosine,2,2,0.6111111111111112,0.6111111111111112,0.9444444444444444,0.16750269407186938,0.2688942081480273
euclidean,2,2,0.5,0.5,0.8888888888888888,0.17206635888141084,0.27104881899281147
pearson,2,2,0.6666666666666666,0.6666666666666666,0.9444444444444444,0.16894084664958306,0.27726436586838377
cosine,2,3,0.6111111111111112,0.6111111111111112,0.8888888888888888,0.14928866551277561,0.25749364960660825
euclidean,2,3,0.5555555555555556,0.5555555555555556,0.8888888888888888,0.15160479149840944,0.260756921763122
pearson,2,3,0.6111111111111112,0.6111111111111112,0.8888888888888888,0.14891293555389903,0.2581205190912661
cosine,2,4,0.6111111111111112,0.6111111111111112,0.9444444444444444,0.16880322823017063,0.28426113815145043
euclidean,2,4,0.5555555555555556,0.5555555555555556,0.9444444444444444,0.17863177328827753,0.2945515209153167
pearson,2,4,0.6111111111111112,0.6111111111111112,0.9444444444444444,0.15824409487951574,0.27275346857045996
cosine,2,5,0.6111111111111112,0.6111111111111112,0.8333333333333334,0.1340190443023085,0.23012295662762453
euclidean,2,5,0.6111111111111112,0.6111111111111112,0.9444444444444444,0.126272053898302,0.20290057442006057
pearson,2,5,0.6111111111111112,0.6111111111111112,0.8888888888888888,0.14022000062816153,0.23802266100552597
cosine,2,6,0.5555555555555556,0.5555555555555556,0.8888888888888888,0.15035578204715722,0.2534656966778855
euclidean,2,6,0.5,0.5,0.8888888888888888,0.15743605300363545,0.25660652456543454
pearson,2,6,0.5555555555555556,0.5555555555555556,0.8888888888888888,0.1521189972019669,0.25913528305150674
cosine,2,7,0.5555555555555556,0.5555555555555556,0.8888888888888888,0.15168994064176267,0.26826586723524043
euclidean,2,7,0.5555555555555556,0.5555555555555556,0.8888888888888888,0.15944803018314382,0.2649126610240531
pearson,2,7,0.6666666666666666,0.6666666666666666,1.0,0.14693735779326159,0.27641133843144683
cosine,2,8,0.6666666666666666,0.6666666666666666,0.9444444444444444,0.11678917595199097,0.19507538541452019
euclidean,2,8,0.6111111111111112,0.6111111111111112,0.9444444444444444,0.12667988955623607,0.19815117504151464
pearson,2,8,0.7222222222222222,0.7222222222222222,1.0,0.11675672478516928,0.19674977320118878
cosine,2,9,0.6111111111111112,0.6111111111111112,0.9444444444444444,0.16593552830180158,0.29850554467219503
euclidean,2,9,0.5,0.5,0.8888888888888888,0.16972656686098211,0.2798457660220542
pearson,2,9,0.5555555555555556,0.5555555555555556,0.8333333333333334,0.15348066462401497,0.2726135259380319
cosine,2,10,0.5,0.5,0.8333333333333334,0.15473068069820947,0.2575524230576745
euclidean,2,10,0.5555555555555556,0.5555555555555556,0.8888888888888888,0.15301202186299492,0.24476329305585537
pearson,2,10,0.5,0.5,0.8333333333333334,0.14986898579967295,0.2647271017071347
cosine,2,11,0.6666666666666666,0.6666666666666666,0.9444444444444444,0.12529721000539776,0.20641917207789934
euclidean,2,11,0.5555555555555556,0.5555555555555556,0.8888888888888888,0.12957509609589737,0.2094144957432441
pearson,2,11,0.6666666666666666,0.6666666666666666,0.9444444444444444,0.12049362850082013,0.20193557421055666
cosine,2,12,0.5555555555555556,0.5555555555555556,0.8333333333333334,0.13839668347999326,0.2422616731869997
euclidean,2,12,0.5555555555555556,0.5555555555555556,0.8888888888888888,0.14471582378276293,0.24770514134400223
pearson,2,12,0.5,0.5,0.7777777777777778,0.14522065167464676,0.25608891820339685
cosine,2,13,0.6666666666666666,0.6666666666666666,0.8888888888888888,0.12272926946428268,0.20621901288004058
euclidean,2,13,0.6111111111111112,0.6111111111111112,0.9444444444444444,0.12884237678508115,0.21111664156237156
pearson,2,13,0.6111111111111112,0.6111111111111112,0.8333333333333334,0.12537760982590312,0.22537245796642266
cosine,2,14,0.6111111111111112,0.6111111111111112,0.9444444444444444,0.1388713460271585,0.24197513308006838
euclidean,2,14,0.5,0.5,0.9444444444444444,0.14313259263033168,0.2484184489771198
pearson,2,14,0.6111111111111112,0.6111111111111112,0.9444444444444444,0.14354459109797352,0.24941090050210218
cosine,2,15,0.6111111111111112,0.6111111111111112,0.9444444444444444,0.14450441717529386,0.2654402368045025
euclidean,2,15,0.6111111111111112,0.6111111111111112,0.9444444444444444,0.1508698561154219,0.25423167295362703
pearson,2,15,0.5555555555555556,0.5555555555555556,0.8888888888888888,0.16290846306572473,0.3054876956291068
cosine,2,16,0.6111111111111112,0.6111111111111112,0.9444444444444444,0.1434424080164524,0.2657344387696248
euclidean,2,16,0.5555555555555556,0.5555555555555556,0.9444444444444444,0.15738747201269526,0.277588883586543
pearson,2,16,0.6111111111111112,0.6111111111111112,0.9444444444444444,0.1415593122840752,0.2647746925195276
cosine,2,17,0.6666666666666666,0.6666666666666666,0.8888888888888888,0.14818697551387308,0.2623153752708775
euclidean,2,17,0.6111111111111112,0.6111111111111112,0.9444444444444444,0.14840794168363802,0.26265987341214175
pearson,2,17,0.6666666666666666,0.6666666666666666,0.8888888888888888,0.1564369910203575,0.2750496031986761
cosine,2,18,0.6111111111111112,0.6111111111111112,0.9444444444444444,0.1257486503228438,0.2207143577978429
euclidean,2,18,0.5,0.5,0.8888888888888888,0.13182237613994258,0.22079698050345178
pearson,2,18,0.5555555555555556,0.5555555555555556,0.8888888888888888,0.12688546440725415,0.24400956181950076
cosine,2,19,0.5555555555555556,0.5555555555555556,0.9444444444444444,0.15029434431466113,0.23956913221115098
euclidean,2,19,0.5555555555555556,0.5555555555555556,0.9444444444444444,0.15395629731617577,0.240995302441762
pearson,2,19,0.5555555555555556,0.5555555555555556,0.9444444444444444,0.1502175399227636,0.24427830234376358
