distance,k,i,precision,recall,mrr,mae,rmse
cosine,3,1,0.6096296296296295,0.6296296296296295,1.0,0.13840557541158524,0.2405132665882493
euclidean,3,1,0.5185185185185185,0.5185185185185185,1.0,0.14626264933051078,0.24148681221387897
pearson,3,1,0.6066666666666665,0.6666666666666665,1.0,0.1362137905695678,0.2464439078317914
cosine,3,2,0.6196296296296295,0.6296296296296295,1.0,0.16588446228476805,0.2677004679891976
euclidean,3,2,0.5925925925925926,0.5925925925925926,1.0,0.1837271900530913,0.2787364252202567
pearson,3,2,0.6266666666666665,0.6666666666666665,1.0,0.15975386265532834,0.27137405084652905
cosine,3,3,0.6196296296296295,0.6296296296296295,1.0,0.14135267063565135,0.2418998072716973
euclidean,3,3,0.5185185185185185,0.5185185185185185,1.0,0.13919606643248777,0.22928567046050405
pearson,3,3,0.6196296296296295,0.6296296296296295,1.0,0.13993135339458282,0.24186014777786113
cosine,3,4,0.5185185185185185,0.5185185185185185,1.0,0.16106167989798673,0.2867778971461543
euclidean,3,4,0.48148148148148145,0.48148148148148145,1.0,0.16619739367943187,0.29573606773121214
pearson,3,4,0.5555555555555555,0.5555555555555555,1.0,0.1605958194759295,0.28573336267969307
cosine,3,5,0.5466666666666666,0.6666666666666666,1.0,0.1430580813294341,0.23651133089215062
euclidean,3,5,0.48148148148148145,0.48148148148148145,1.0,0.14640157181857552,0.23555994309187014
pearson,3,5,0.5407407407407408,0.6407407407407408,1.0,0.14213222715669957,0.24021543898567
cosine,3,6,0.5555555555555555,0.5555555555555555,0.9444444444444444,0.13506110370113084,0.25992277418953985
euclidean,3,6,0.48148148148148145,0.48148148148148145,1.0,0.13187513922256458,0.23183704086388168
pearson,3,6,0.5555555555555555,0.5555555555555555,1.0,0.12538125549081736,0.2348236506676404
cosine,3,7,0.5466666666666665,0.6666666666666665,1.0,0.11212378685727957,0.1860108708740297
euclidean,3,7,0.5555555555555555,0.5555555555555555,1.0,0.12717873393154572,0.19738171804290616
pearson,3,7,0.5296296296296297,0.6296296296296297,1.0,0.12292115918387228,0.2071048083793482
cosine,3,8,0.5555555555555555,0.5555555555555555,1.0,0.1477722606584726,0.2811360691496072
euclidean,3,8,0.5185185185185185,0.5185185185185185,1.0,0.1417377493312343,0.27132403471618144
pearson,3,8,0.5185185185185185,0.5185185185185185,0.8888888888888888,0.1439863632554211,0.29001383410610676
cosine,3,9,0.5925925925925926,0.5925925925925926,1.0,0.11812874051891145,0.19558191521071372
euclidean,3,9,0.5185185185185185,0.5185185185185185,1.0,0.12598230422620343,0.18963814630194034
pearson,3,9,0.5666666666666665,0.6666666666666665,0.9444444444444444,0.12517577432154123,0.21306631772393816
cosine,3,10,0.5666666666666666,0.6666666666666666,1.0,0.14037655765569895,0.23703211792681364
euclidean,3,10,0.5555555555555555,0.5555555555555555,1.0,0.1559705993657068,0.2398933398223338
pearson,3,10,0.6037037037037037,0.6037037037037037,0.8888888888888888,0.1315117691364276,0.2547881047484409
cosine,3,11,0.5407407407407408,0.6407407407407408,1.0,0.13366141850759133,0.209879493977748
euclidean,3,11,0.5925925925925926,0.5925925925925926,1.0,0.13398236084646592,0.21225633779930533
pearson,3,11,0.5407407407407408,0.6407407407407408,1.0,0.13330667186371456,0.21057888619176013
cosine,3,12,0.5925925925925926,0.5925925925925926,1.0,0.13668400181841642,0.25123308205471173
euclidean,3,12,0.5185185185185185,0.5185185185185185,1.0,0.14808481211608884,0.25511939011601986
pearson,3,12,0.566666666666666,0.6666666666666666,1.0,0.14382441975217888,0.26336354181631133
cosine,3,13,0.5925925925925926,0.5925925925925926,1.0,0.14554084830693065,0.26609557406148593
euclidean,3,13,0.48148148148148145,0.48148148148148145,1.0,0.1545572178720608,0.2699639176280386
pearson,3,13,0.6296296296296297,0.6296296296296297,1.0,0.15448198238976987,0.2828375932970641
cosine,3,14,0.6296296296296295,0.6296296296296295,1.0,0.14250368528478166,0.27547021174164643
euclidean,3,14,0.5555555555555555,0.5555555555555555,1.0,0.14661428671026813,0.2745909367439276
pearson,3,14,0.5185185185185185,0.5185185185185185,1.0,0.15085123172224962,0.2924472311886418
cosine,3,15,0.5925925925925926,0.5925925925925926,1.0,0.1348375313654559,0.22006736646895877
euclidean,3,15,0.5185185185185185,0.5185185185185185,1.0,0.13825148051704622,0.22146966494378686
pearson,3,15,0.5666666666666666,0.6666666666666666,1.0,0.13169536446003183,0.22125684632177103
cosine,3,16,0.5666666666666666,0.6666666666666666,1.0,0.12885976649894929,0.22322669704142248
euclidean,3,16,0.5555555555555555,0.5555555555555555,1.0,0.13121402695273723,0.22484733238857657
pearson,3,16,0.6037037037037037,0.6037037037037037,1.0,0.1276172395759143,0.22212749006185742
cosine,3,17,0.5555555555555555,0.5555555555555555,1.0,0.11459991449869988,0.21992418231815702
euclidean,3,17,0.5185185185185185,0.5185185185185185,1.0,0.1264812383585892,0.22356960714242097
pearson,3,17,0.5185185185185185,0.5185185185185185,0.9444444444444444,0.1312396751458451,0.2396202457087169
cosine,3,18,0.5666666666666665,0.6666666666666665,1.0,0.1425994984254279,0.22613877723030815
euclidean,3,18,0.5555555555555555,0.5555555555555555,1.0,0.14394746941379227,0.23007631566714348
pearson,3,18,0.6296296296296295,0.6296296296296295,1.0,0.13070948417219136,0.22785023663354834
cosine,3,19,0.5555555555555555,0.5555555555555555,1.0,0.15863508076439886,0.2747505503290131
euclidean,3,19,0.5185185185185185,0.5185185185185185,1.0,0.15016338733267726,0.2650946662814404
pearson,3,19,0.5925925925925926,0.5925925925925926,1.0,0.1553760809617859,0.275239289050326
cosine,3,20,0.5555555555555555,0.5555555555555555,1.0,0.1477722606584726,0.2811360691496072
euclidean,3,20,0.5185185185185185,0.5185185185185185,1.0,0.1417377493312343,0.27132403471618144
pearson,3,20,0.5185185185185185,0.5185185185185185,0.8888888888888888,0.1439863632554211,0.29001383410610676

