distance,k,i,precision,recall,mrr,mae,rmse
cosine,3,0,0.5,0.5,0.5,0.05155629566647036,0.10047412520309863
euclidean,3,0,0.41666666666666663,0.41666666666666663,0.25,0.050360991563429984,0.09983778234538322
pearson,3,0,0.5,0.5,0.5,0.05272411454888517,0.101200603789087
cosine,3,1,0.41666666666666663,0.41666666666666663,0.75,0.04950584876304086,0.06598132909780711
euclidean,3,1,0.41666666666666663,0.41666666666666663,0.5,0.04371207326165046,0.06204538661143262
pearson,3,1,0.41666666666666663,0.41666666666666663,0.75,0.05955009618592277,0.07329371955073
cosine,3,2,0.5833333333333333,0.5833333333333333,0.875,0.06299424399713918,0.10211054578299236
euclidean,3,2,0.41666666666666663,0.41666666666666663,0.8333333333333334,0.0626610793429185,0.10400456929581126
pearson,3,2,0.5833333333333333,0.5833333333333333,0.875,0.06469937565238945,0.1060968468345113
cosine,3,3,0.41666666666666663,0.41666666666666663,0.0,0.09311121165112682,0.14474759899967374
euclidean,3,3,0.3333333333333333,0.3333333333333333,0.0,0.09342104573669255,0.14501532435109207
pearson,3,3,0.41666666666666663,0.41666666666666663,0.0,0.09303779996017217,0.1446828714416176
cosine,3,4,0.6666666666666666,0.6666666666666666,0.75,0.053336602324225026,0.09813737189249269
euclidean,3,4,0.5833333333333333,0.5833333333333333,0.75,0.06720169422804996,0.12057935104602896
pearson,3,4,0.5833333333333333,0.5833333333333333,0.75,0.045110232728830406,0.07679394231869272
cosine,3,5,0.49999999999999994,0.49999999999999994,0.875,0.07064761538289575,0.10420061484753333
euclidean,3,5,0.41666666666666663,0.41666666666666663,0.8333333333333333,0.07304912132119623,0.10609989723852713
pearson,3,5,0.5833333333333334,0.5833333333333334,0.875,0.0712716753021074,0.10910134863264542
cosine,3,6,0.5833333333333334,0.5833333333333334,0.75,0.04961473605917911,0.08695222417597456
euclidean,3,6,0.41666666666666663,0.41666666666666663,0.75,0.04723845282257566,0.08267636658016077
pearson,3,6,0.5833333333333334,0.5833333333333334,0.75,0.05631447147834995,0.0918757832672609
cosine,3,7,0.7499999999999999,0.7499999999999999,1.0,0.047542667513013184,0.09441028538909381
euclidean,3,7,0.5833333333333334,0.5833333333333334,0.625,0.0596879312731162,0.11286296933719304
pearson,3,7,0.7499999999999999,0.7499999999999999,0.75,0.05654461328887561,0.11563552952370369
cosine,3,8,0.6666666666666666,0.6666666666666666,0.875,0.07198184792656863,0.14250008982052081
euclidean,3,8,0.5,0.5,0.875,0.07453890167626509,0.13975854833472082
pearson,3,8,0.6666666666666666,0.6666666666666666,0.75,0.0503264244181694,0.08117960238426596
cosine,3,9,0.8333333333333333,0.8333333333333333,0.75,0.03635169384410973,0.06292296860302135
euclidean,3,9,0.5833333333333333,0.5833333333333333,0.8333333333333333,0.04362977249538607,0.06225280763000156
pearson,3,9,0.8333333333333333,0.8333333333333333,0.875,0.04092058796570114,0.06964918997829495
