distance,k,i,precision,recall,mrr,mae,rmse
cosine,3,0,0.6666666666666666,0.6666666666666666,0.75,0.03052099935710102,0.05224111363583339
euclidean,3,0,0.3333333333333333,0.3333333333333333,0.375,0.043663306649647446,0.06805231486698919
pearson,3,0,0.6666666666666666,0.6666666666666666,0.875,0.04212075040642466,0.050725551439790295
cosine,3,1,0.6666666666666666,0.6666666666666666,0.875,0.06505461085019053,0.11903487825550972
euclidean,3,1,0.41666666666666663,0.41666666666666663,0.5833333333333333,0.060256490777202035,0.0974231301405576
pearson,3,1,0.8333333333333333,0.8333333333333333,1.0,0.0350605098754066,0.04134352020414727
cosine,3,2,0.5833333333333334,0.5833333333333334,0.8333333333333334,0.051530934306375356,0.1011010764360513
euclidean,3,2,0.41666666666666663,0.41666666666666663,0.5833333333333333,0.048725177019993154,0.09669753343637227
pearson,3,2,0.49999999999999994,0.49999999999999994,0.8333333333333334,0.053156287510598706,0.09062887085603895
cosine,3,3,0.5,0.5,0.75,0.06526758624151224,0.11208066875392528
euclidean,3,3,0.3333333333333333,0.3333333333333333,0.625,0.07536253635888637,0.12132773307547134
pearson,3,3,0.6666666666666666,0.6666666666666666,0.75,0.06248539185401225,0.11223498106463889
cosine,3,4,0.41666666666666663,0.41666666666666663,0.75,0.07393280350799893,0.12800777605581795
euclidean,3,4,0.41666666666666663,0.41666666666666663,0.625,0.0804894324689196,0.14085736986751007
pearson,3,4,0.41666666666666663,0.41666666666666663,0.75,0.07858422508376885,0.12883879764835607
cosine,3,5,0.5833333333333333,0.5833333333333333,0.75,0.048449666997297955,0.09187092611236831
euclidean,3,5,0.5,0.5,0.625,0.052355656587491695,0.10033963819052354
pearson,3,5,0.6666666666666666,0.6666666666666666,0.75,0.050142884039353804,0.09369877736898626
cosine,3,6,0.5833333333333333,0.5833333333333333,0.625,0.05736076646571897,0.10599431214673574
euclidean,3,6,0.5833333333333333,0.5833333333333333,0.5833333333333333,0.05379568179621367,0.10474994482299034
pearson,3,6,0.5833333333333333,0.5833333333333333,0.625,0.06192352510367448,0.11363020615894948
cosine,3,7,0.6666666666666666,0.6666666666666666,0.875,0.04331716949877086,0.06982249102846068
euclidean,3,7,0.3333333333333333,0.3333333333333333,0.5833333333333333,0.039726932881619006,0.06748387995136043
pearson,3,7,0.8333333333333333,0.8333333333333333,1.0,0.04131552337073529,0.05367284673645084
cosine,3,8,0.6666666666666666,0.6666666666666666,0.875,0.05119544542839728,0.08226919556998817
euclidean,3,8,0.3333333333333333,0.3333333333333333,0.625,0.05405480660127308,0.08437219147862715
pearson,3,8,0.5833333333333334,0.5833333333333334,0.75,0.04887897089901659,0.09178166004280221
cosine,3,9,0.6666666666666666,0.6666666666666666,0.625,0.054057266739367796,0.11483951205061942
euclidean,3,9,0.5833333333333333,0.5833333333333333,0.625,0.044128468620305006,0.08314201620658207
pearson,3,9,0.75,0.75,0.75,0.04344174867225331,0.07599982235356029
