distance,k,i,precision,recall,mrr,mae,rmse
cosine,2,0,0.5714285714285714,0.5714285714285714,0.7857142857142857,0.05061383507823225,0.08623681631332185
euclidean,2,0,0.5,0.5,0.6428571428571429,0.046452673572060545,0.07691011321168999
pearson,2,0,0.5714285714285714,0.5714285714285714,0.7857142857142857,0.04755065583420502,0.07634482846309591
cosine,2,1,0.5714285714285714,0.5714285714285714,0.6428571428571429,0.04650364893746501,0.0998789589761913
euclidean,2,1,0.35714285714285715,0.35714285714285715,0.5,0.04570433504781439,0.08286205301170649
pearson,2,1,0.5714285714285714,0.5714285714285714,0.6428571428571429,0.05175087835168202,0.11633906660227851
cosine,2,2,0.6428571428571429,0.6428571428571429,0.7142857142857143,0.0429704612701707,0.10521503090710871
euclidean,2,2,0.6428571428571429,0.6428571428571429,0.6428571428571429,0.037849488747441366,0.09908299170723463
pearson,2,2,0.6428571428571429,0.6428571428571429,0.7142857142857143,0.04450777096098541,0.10739976990171521
cosine,2,3,0.5,0.5,0.7857142857142857,0.029953866291178247,0.05987028518200089
euclidean,2,3,0.5,0.5,0.6428571428571429,0.031126138197817736,0.05402698664677505
pearson,2,3,0.5714285714285714,0.5714285714285714,0.8571428571428571,0.032058065837441314,0.06011387609696579
cosine,2,4,0.7142857142857143,0.7142857142857143,0.7857142857142857,0.03571139485799358,0.06901642600548097
euclidean,2,4,0.5,0.5,0.42857142857142855,0.03733876141594716,0.07111009189814915
pearson,2,4,0.7142857142857143,0.7142857142857143,0.7857142857142857,0.03857661544195172,0.07462410091768819
cosine,2,5,0.7142857142857143,0.7142857142857143,0.7142857142857143,0.047852609394325674,0.09486900856837109
euclidean,2,5,0.35714285714285715,0.35714285714285715,0.6428571428571429,0.0410697622709294,0.07155592168576687
pearson,2,5,0.7142857142857143,0.7142857142857143,0.7142857142857143,0.04312417103049468,0.07867176299009182
cosine,2,6,0.42857142857142855,0.42857142857142855,0.6428571428571429,0.05455292629792656,0.11839601004901557
euclidean,2,6,0.5,0.5,0.6428571428571429,0.05088281989575246,0.11517870066417407
pearson,2,6,0.42857142857142855,0.42857142857142855,0.6428571428571429,0.0543223017895478,0.11796013986150598
cosine,2,7,0.5714285714285714,0.5714285714285714,0.7857142857142857,0.028417898289015784,0.04511518628709468
euclidean,2,7,0.5,0.5,0.6428571428571429,0.02781090070385256,0.04379265319998734
pearson,2,7,0.5714285714285714,0.5714285714285714,0.8571428571428571,0.03043683629776163,0.05040916366639949
cosine,2,8,0.5714285714285714,0.5714285714285714,0.8571428571428571,0.04207595615578595,0.07076427743118631
euclidean,2,8,0.5,0.5,0.6428571428571429,0.03696024469670223,0.06693980449638483
pearson,2,8,0.6428571428571429,0.6428571428571429,0.8571428571428571,0.035280285743944144,0.05899402190748865
cosine,2,9,0.6428571428571429,0.6428571428571429,0.5714285714285714,0.02893379054279624,0.0503647652196013
euclidean,2,9,0.35714285714285715,0.35714285714285715,0.2857142857142857,0.03399393196616687,0.0615286373758231
pearson,2,9,0.5714285714285714,0.5714285714285714,0.42857142857142855,0.030288572451950754,0.06410545757993424
