distance,k,i,precision,recall,mrr,mae,rmse
cosine,2,0,0.625,0.625,0.625,0.06182254018901407,0.1151138274329384
euclidean,2,0,0.25,0.25,0.375,0.06563789438742204,0.12021648403811555
pearson,2,0,0.625,0.625,0.875,0.05524524167599945,0.09602612107474474
cosine,2,1,0.625,0.625,0.375,0.07087011069040511,0.127507754476305
euclidean,2,1,0.5,0.5,0.5,0.06888358475332008,0.12914598194572535
pearson,2,1,0.625,0.625,0.5,0.05364495634359481,0.10734576449532506
cosine,2,2,0.625,0.625,0.75,0.07977136856475689,0.14618865176784532
euclidean,2,2,0.5,0.5,0.5,0.07787801639899945,0.13491870623214142
pearson,2,2,0.625,0.625,0.75,0.07702174873845119,0.14349074058522285
cosine,2,3,0.625,0.625,0.75,0.04347638371993332,0.0889231673766425
euclidean,2,3,0.375,0.375,0.5,0.03884874688952999,0.0810131785127871
pearson,2,3,0.5,0.5,0.75,0.05089479194117539,0.08971443320693008
cosine,2,4,0.625,0.625,0.5,0.0726793349913462,0.1546816997213703
euclidean,2,4,0.375,0.375,0.5,0.07276091610348215,0.13874366122358217
pearson,2,4,0.75,0.75,0.5,0.06088527294139188,0.1386454371814507
cosine,2,5,0.625,0.625,0.75,0.055864647875161634,0.10068639849473617
euclidean,2,5,0.375,0.375,0.625,0.06453794920129624,0.11531760160749756
pearson,2,5,0.625,0.625,0.5,0.062344870558044024,0.12596742659665508
cosine,2,6,0.5,0.5,0.5,0.028605823963175365,0.04976340354197547
euclidean,2,6,0.25,0.25,0.375,0.0408749550738894,0.06506230688563285
pearson,2,6,0.75,0.75,0.75,0.034164647895837744,0.04067218604751914
cosine,2,7,0.625,0.625,0.5,0.07417643206274561,0.12917486333268752
euclidean,2,7,0.5,0.5,0.25,0.07812963418138735,0.13233858415442862
pearson,2,7,0.75,0.75,0.5,0.07167252643499496,0.12436310754394392
cosine,2,8,0.625,0.625,0.875,0.06627522933437198,0.12115305046880963
euclidean,2,8,0.25,0.25,0.375,0.07233929593157593,0.1294576080795373
pearson,2,8,0.75,0.75,0.875,0.05670103657794251,0.10463457591880077
cosine,2,9,0.375,0.375,0.25,0.047000934293481275,0.09423494139288865
euclidean,2,9,0.25,0.25,0.25,0.053179176212891734,0.09888387843160258
pearson,2,9,0.25,0.25,0.25,0.045411243334695525,0.08868531411892518
