distance,k,i,precision,recall,mrr,mae,rmse
cosine,2,0,0.6111111111111112,0.6111111111111112,0.7222222222222222,0.04396318047632864,0.09936214342036669
euclidean,2,0,0.5,0.5,0.6666666666666666,0.04387527543767345,0.09915118768314508
pearson,2,0,0.6111111111111112,0.6111111111111112,0.7777777777777778,0.04440941417971071,0.10040159481495645
cosine,2,1,0.6111111111111112,0.6111111111111112,0.7222222222222222,0.026668582592849287,0.05310137980431134
euclidean,2,1,0.5,0.5,0.7222222222222222,0.028864280713319902,0.051947227708731725
pearson,2,1,0.6666666666666666,0.6666666666666666,0.8333333333333334,0.026807604238952364,0.053884620285608684
cosine,2,2,0.6111111111111112,0.6111111111111112,0.8333333333333334,0.036480084594640125,0.06702936810840944
euclidean,2,2,0.5,0.5,0.6666666666666666,0.03546677448007152,0.06467359259424255
pearson,2,2,0.6111111111111112,0.6111111111111112,0.8888888888888888,0.037117231539158746,0.069086392227339
cosine,2,3,0.6666666666666666,0.6666666666666666,0.7777777777777778,0.04390469687940506,0.09776353052376906
euclidean,2,3,0.5,0.5,0.6111111111111112,0.0491853465219275,0.1033675319730314
pearson,2,3,0.6666666666666666,0.6666666666666666,0.7777777777777778,0.044191662143168185,0.09886886001126359
cosine,2,4,0.5555555555555556,0.5555555555555556,0.6666666666666666,0.023271918454898115,0.03681217826917867
euclidean,2,4,0.5,0.5,0.4444444444444444,0.026948095978952966,0.043466948263931375
pearson,2,4,0.5555555555555556,0.5555555555555556,0.7777777777777778,0.02376968813923572,0.03758128083994433
cosine,2,5,0.6111111111111112,0.6111111111111112,0.6666666666666666,0.051155696544438946,0.10486531945071627
euclidean,2,5,0.5,0.5,0.6111111111111112,0.05117690923932029,0.10727913283064526
pearson,2,5,0.6111111111111112,0.6111111111111112,0.7222222222222222,0.04994663042792585,0.10461250231217346
cosine,2,6,0.6666666666666666,0.6666666666666666,0.7222222222222222,0.04023123243909907,0.07322999674756256
euclidean,2,6,0.5555555555555556,0.5555555555555556,0.6666666666666666,0.0408284641501924,0.06929172200392515
pearson,2,6,0.6666666666666666,0.6666666666666666,0.7222222222222222,0.04102641635504168,0.07701801222408719
cosine,2,7,0.5555555555555556,0.5555555555555556,0.6666666666666666,0.05410438963455521,0.11711186510788303
euclidean,2,7,0.5,0.5,0.6111111111111112,0.05660579062925363,0.1204100714517175
pearson,2,7,0.7222222222222222,0.7222222222222222,0.7777777777777778,0.04975327856021303,0.10938570075004866
cosine,2,8,0.6111111111111112,0.6111111111111112,0.7777777777777778,0.038218425032361024,0.07298396440315848
euclidean,2,8,0.5,0.5,0.6111111111111112,0.04092802603277364,0.07514674081322814
pearson,2,8,0.6111111111111112,0.6111111111111112,0.7777777777777778,0.03687049479076027,0.07328462646933967
cosine,2,9,0.6666666666666666,0.6666666666666666,0.7777777777777778,0.03260204365727532,0.06305879838029137
euclidean,2,9,0.5555555555555556,0.5555555555555556,0.6666666666666666,0.029175158800106286,0.05028969823735383
pearson,2,9,0.7222222222222222,0.7222222222222222,0.8888888888888888,0.030625275187515007,0.052204077678127195
