distance,k,i,precision,recall,mrr,mae,rmse
cosine,1,0,0.6666666666666666,0.6666666666666666,0.6666666666666666,0.031008462211731678,0.0578371189657535
euclidean,1,0,0.6666666666666666,0.6666666666666666,0.6666666666666666,0.03528378909250335,0.058879364874430275
pearson,1,0,0.6666666666666666,0.6666666666666666,0.6666666666666666,0.03050493578126858,0.05996025410556783
cosine,1,1,0.7777777777777778,0.7777777777777778,0.7777777777777778,0.03976121731214784,0.0730792176099692
euclidean,1,1,0.6666666666666666,0.6666666666666666,0.6666666666666666,0.042139225340118054,0.06795550441167923
pearson,1,1,0.6666666666666666,0.6666666666666666,0.6666666666666666,0.04172716775274875,0.083475355111062
cosine,1,2,0.6666666666666666,0.6666666666666666,0.6666666666666666,0.04084027913059434,0.0956877965650867
euclidean,1,2,0.6666666666666666,0.6666666666666666,0.6666666666666666,0.04139666935061385,0.09545245383139685
pearson,1,2,0.6666666666666666,0.6666666666666666,0.6666666666666666,0.04021203418552516,0.09522871204163925
cosine,1,3,0.5555555555555556,0.5555555555555556,0.5555555555555556,0.05476130769530533,0.1132627825625652
euclidean,1,3,0.4444444444444444,0.4444444444444444,0.4444444444444444,0.05451747368576928,0.109171931255423
pearson,1,3,0.5555555555555556,0.5555555555555556,0.5555555555555556,0.054675948229897894,0.11427082707185207
cosine,1,4,0.6666666666666666,0.6666666666666666,0.6666666666666666,0.0472596965339572,0.10672839825294217
euclidean,1,4,0.5555555555555556,0.5555555555555556,0.5555555555555556,0.049431827865747846,0.10911779359681681
pearson,1,4,0.6666666666666666,0.6666666666666666,0.6666666666666666,0.046340669660321694,0.10617588099867431
cosine,1,5,0.6666666666666666,0.6666666666666666,0.6666666666666666,0.0416634690324958,0.08357659942159439
euclidean,1,5,0.6666666666666666,0.6666666666666666,0.6666666666666666,0.04325000354875208,0.08100278422095242
pearson,1,5,0.6666666666666666,0.6666666666666666,0.6666666666666666,0.03957121298994625,0.08203812288414994
cosine,1,6,0.6666666666666666,0.6666666666666666,0.6666666666666666,0.04785737442006367,0.104680175167971
euclidean,1,6,0.5555555555555556,0.5555555555555556,0.5555555555555556,0.04639498049367469,0.10153350597851529
pearson,1,6,0.6666666666666666,0.6666666666666666,0.6666666666666666,0.046858453238354435,0.10340504219370898
cosine,1,7,0.6666666666666666,0.6666666666666666,0.6666666666666666,0.02654029922904444,0.05378918609135833
euclidean,1,7,0.5555555555555556,0.5555555555555556,0.5555555555555556,0.03259473704677343,0.05359427462475094
pearson,1,7,0.7777777777777778,0.7777777777777778,0.7777777777777778,0.03036996006954265,0.06477207879979369
cosine,1,8,0.5555555555555556,0.5555555555555556,0.5555555555555556,0.03876589832280457,0.07809582017093315
euclidean,1,8,0.5555555555555556,0.5555555555555556,0.5555555555555556,0.04217798559923029,0.07622533485952518
pearson,1,8,0.5555555555555556,0.5555555555555556,0.5555555555555556,0.03853715084711819,0.08318795415653206
cosine,1,9,0.6666666666666666,0.6666666666666666,0.6666666666666666,0.04100327401163859,0.08270314556762207
euclidean,1,9,0.5555555555555556,0.5555555555555556,0.5555555555555556,0.045466192047654536,0.08540511682040836
pearson,1,9,0.6666666666666666,0.6666666666666666,0.6666666666666666,0.04534176953049819,0.08879993878552345
