distance,k,i,precision,recall,mrr,mae,rmse
cosine,1,0,0.6666666666666666,0.6666666666666666,0.6666666666666666,0.03415710790918708,0.08612597457894403
euclidean,1,0,0.6666666666666666,0.6666666666666666,0.6666666666666666,0.035238085813275505,0.06572422322597894
pearson,1,0,0.6666666666666666,0.6666666666666666,0.6666666666666666,0.028966253404347195,0.0633898154438526
cosine,1,1,0.5555555555555556,0.5555555555555556,0.5555555555555556,0.04201059650038788,0.10335645607794708
euclidean,1,1,0.5555555555555556,0.5555555555555556,0.5555555555555556,0.041134473668542365,0.09444354337653914
pearson,1,1,0.7777777777777778,0.7777777777777778,0.7777777777777778,0.03823821882433997,0.09517586867007369
cosine,1,2,0.6666666666666666,0.6666666666666666,0.6666666666666666,0.034025730031988645,0.06405353674587635
euclidean,1,2,0.6666666666666666,0.6666666666666666,0.6666666666666666,0.03924001533968178,0.06557086299118665
pearson,1,2,0.6666666666666666,0.6666666666666666,0.6666666666666666,0.03235656461638902,0.06922056530189072
cosine,1,3,0.7777777777777778,0.7777777777777778,0.7777777777777778,0.045199166840889274,0.07892746734009788
euclidean,1,3,0.5555555555555556,0.5555555555555556,0.5555555555555556,0.043308350453894084,0.07502586898951523
pearson,1,3,0.6666666666666666,0.6666666666666666,0.6666666666666666,0.04516618829207972,0.08596228380072073
cosine,1,4,0.4444444444444444,0.4444444444444444,0.4444444444444444,0.036846448913629926,0.07020668560578032
euclidean,1,4,0.1111111111111111,0.1111111111111111,0.1111111111111111,0.040910594861766666,0.06939030672501914
pearson,1,4,0.5555555555555556,0.5555555555555556,0.5555555555555556,0.0434257393110815,0.08574333686832944
cosine,1,5,0.7777777777777778,0.7777777777777778,0.7777777777777778,0.03429792067999483,0.08812582968181179
euclidean,1,5,0.6666666666666666,0.6666666666666666,0.6666666666666666,0.041937712637140606,0.09542278587657534
pearson,1,5,0.6666666666666666,0.6666666666666666,0.6666666666666666,0.036321994481548645,0.09609643167843489
cosine,1,6,0.6666666666666666,0.6666666666666666,0.6666666666666666,0.038131949001770124,0.07509708386427985
euclidean,1,6,0.5555555555555556,0.5555555555555556,0.5555555555555556,0.04069968521540054,0.07144547999608804
pearson,1,6,0.6666666666666666,0.6666666666666666,0.6666666666666666,0.039816795279207555,0.07757064162610043
cosine,1,7,0.7777777777777778,0.7777777777777778,0.7777777777777778,0.033040050274367516,0.06332816645547357
euclidean,1,7,0.6666666666666666,0.6666666666666666,0.6666666666666666,0.04295837195082942,0.08206608941041812
pearson,1,7,0.6666666666666666,0.6666666666666666,0.6666666666666666,0.0393525110824559,0.07764003432815651
cosine,1,8,0.4444444444444444,0.4444444444444444,0.4444444444444444,0.0495245315389568,0.10644381204701826
euclidean,1,8,0.6666666666666666,0.6666666666666666,0.6666666666666666,0.044078340839613504,0.09550105493761608
pearson,1,8,0.6666666666666666,0.6666666666666666,0.6666666666666666,0.046480186834607584,0.10456418013209255
cosine,1,9,0.3333333333333333,0.3333333333333333,0.3333333333333333,0.03784501326379597,0.09335093834415076
euclidean,1,9,0.6666666666666666,0.6666666666666666,0.6666666666666666,0.04074264450284338,0.09707867549593932
pearson,1,9,0.3333333333333333,0.3333333333333333,0.3333333333333333,0.03773959873131745,0.09569357217346991
