distance,k,i,precision,recall,mrr,mae,rmse
cosine,1,0,0.75,0.75,0.75,0.09063715920512845,0.1512900602602593
euclidean,1,0,0.75,0.75,0.75,0.09203617715858595,0.1488702160070377
pearson,1,0,0.75,0.75,0.75,0.06534632566845248,0.09730399896006495
cosine,1,1,1.0,1.0,1.0,0.06608669929699898,0.10643609978544738
euclidean,1,1,0.75,0.75,0.75,0.06970051288153448,0.11547297317482344
pearson,1,1,1.0,1.0,1.0,0.06276025106298173,0.09751390318939743
cosine,1,2,0.75,0.75,0.75,0.06038847548026548,0.10847580198562666
euclidean,1,2,0.75,0.75,0.75,0.06501501746564814,0.11171362614878401
pearson,1,2,0.75,0.75,0.75,0.06215828356144255,0.10838234852238322
cosine,1,3,0.0,0.0,0.0,0.059234211476151266,0.09678129744704819
euclidean,1,3,0.0,0.0,0.0,0.05966453362104306,0.09753895563956232
pearson,1,3,0.0,0.0,0.0,0.058199054700167244,0.09405538803992314
cosine,1,4,0.75,0.75,0.75,0.0555951954544923,0.10240187671299901
euclidean,1,4,0.75,0.75,0.75,0.0636387448851715,0.11327138469025286
pearson,1,4,0.75,0.75,0.75,0.0469844063765011,0.0883159793623448
cosine,1,5,0.75,0.75,0.75,0.05655721292432931,0.10685818859665462
euclidean,1,5,0.75,0.75,0.75,0.061316426425062374,0.10943670562891185
pearson,1,5,0.75,0.75,0.75,0.05678957481188502,0.10626250419244343
cosine,1,6,1.0,1.0,1.0,0.03349816305828208,0.05631311460488996
euclidean,1,6,0.75,0.75,0.75,0.04078162243775914,0.07200030413875581
pearson,1,6,1.0,1.0,1.0,0.028612457867502872,0.04036303104124261
cosine,1,7,0.75,0.75,0.75,0.05731983942793573,0.10192040740395156
euclidean,1,7,0.75,0.75,0.75,0.04985138730382717,0.08376824476655864
pearson,1,7,1.0,1.0,1.0,0.045398820231711275,0.05726024890787139
cosine,1,8,0.75,0.75,0.75,0.04924380994906568,0.08672797782783828
euclidean,1,8,0.75,0.75,0.75,0.05354104798437794,0.09129792376071093
pearson,1,8,0.75,0.75,0.75,0.047220029692087155,0.08428843918803529
cosine,1,9,1.0,1.0,1.0,0.0538291567100656,0.08050361971291478
euclidean,1,9,0.75,0.75,0.75,0.052998447559189844,0.08047125103192171
pearson,1,9,1.0,1.0,1.0,0.04572677236441425,0.06812514792224474
