distance,k,i,precision,recall,mrr,mae,rmse
cosine,3,0,0.7037037037037037,0.7037037037037037,0.7962962962962963,0.032370091095407276,0.05858002454628711
euclidean,3,0,0.5925925925925926,0.5925925925925926,0.7962962962962963,0.03773349277908684,0.06469619660654562
pearson,3,0,0.7407407407407408,0.7407407407407408,0.8888888888888888,0.03201872030088529,0.05884048909992644
cosine,3,1,0.6296296296296297,0.6296296296296297,0.6851851851851851,0.05110222257197309,0.11060723959143981
euclidean,3,1,0.5185185185185185,0.5185185185185185,0.4629629629629629,0.05304906176561664,0.11348823985483518
pearson,3,1,0.7407407407407408,0.7407407407407408,0.7592592592592592,0.04821613811368647,0.1076671089908702
cosine,3,2,0.6666666666666666,0.6666666666666666,0.7962962962962963,0.03357610716751175,0.058082222981832486
euclidean,3,2,0.48148148148148145,0.48148148148148145,0.5925925925925926,0.042379956400716956,0.07117095547882042
pearson,3,2,0.7037037037037037,0.7037037037037037,0.8148148148148148,0.02971845509030843,0.05106746826796452
cosine,3,3,0.5925925925925926,0.5925925925925926,0.574074074074074,0.03154313741821011,0.05605618632639895
euclidean,3,3,0.48148148148148145,0.48148148148148145,0.3888888888888889,0.03339941023136364,0.05605704623054671
pearson,3,3,0.5925925925925926,0.5925925925925926,0.537037037037037,0.031100667636999674,0.057325653494481064
cosine,3,4,0.6296296296296297,0.6296296296296297,0.8703703703703703,0.03345377751071155,0.0638158024418737
euclidean,3,4,0.5555555555555556,0.5555555555555556,0.7037037037037037,0.036101896106467045,0.06649485569937043
pearson,3,4,0.6666666666666666,0.6666666666666666,0.8888888888888888,0.0342660266201427,0.06727714232288456
cosine,3,5,0.6296296296296297,0.6296296296296297,0.8333333333333334,0.030816570926405756,0.0557760881630956
euclidean,3,5,0.5925925925925926,0.5925925925925926,0.7777777777777778,0.03264740906448184,0.049902848833698235
pearson,3,5,0.7407407407407407,0.7407407407407407,0.8333333333333334,0.03164064783490809,0.06187278289982007
cosine,3,6,0.5555555555555556,0.5555555555555556,0.7777777777777778,0.039356615161606524,0.06005566044024408
euclidean,3,6,0.48148148148148145,0.48148148148148145,0.6851851851851851,0.0411195403759567,0.0650445683179404
pearson,3,6,0.5555555555555556,0.5555555555555556,0.8148148148148148,0.0389546104535947,0.06426767340885832
cosine,3,7,0.7407407407407408,0.7407407407407408,0.7777777777777778,0.03767483225455434,0.09981460882885905
euclidean,3,7,0.6296296296296297,0.6296296296296297,0.6851851851851851,0.03934218248737603,0.09665406978516355
pearson,3,7,0.8148148148148148,0.8148148148148148,0.7222222222222222,0.03641776997542511,0.09493221281790075
cosine,3,8,0.6296296296296297,0.6296296296296297,0.7037037037037037,0.040611760458964544,0.09014568196897116
euclidean,3,8,0.5185185185185185,0.5185185185185185,0.6666666666666666,0.04360415271309463,0.08598861009776464
pearson,3,8,0.6666666666666666,0.6666666666666666,0.7592592592592592,0.04176535738272253,0.09396347361905785
cosine,3,9,0.6296296296296297,0.6296296296296297,0.8518518518518517,0.030872611572541776,0.058784406336245175
euclidean,3,9,0.48148148148148145,0.48148148148148145,0.7592592592592592,0.036752507890396066,0.06582274039223837
pearson,3,9,0.6666666666666666,0.6666666666666666,0.8703703703703703,0.03086557778600083,0.05934558905092146
