distance,k,i,precision,recall,mrr,mae,rmse
cosine,1,0,0.6666666666666666,0.6666666666666666,0.6666666666666666,0.030524693723230512,0.06004378053767673
euclidean,1,0,0.5555555555555556,0.5555555555555556,0.5555555555555556,0.034739739558491516,0.06542951958532274
pearson,1,0,0.6666666666666666,0.6666666666666666,0.6666666666666666,0.03446166524837503,0.07091729867279266
cosine,1,1,0.6666666666666666,0.6666666666666666,0.6666666666666666,0.041560774516583576,0.0824476926313515
euclidean,1,1,0.5555555555555556,0.5555555555555556,0.5555555555555556,0.03757096004467313,0.0744846991837001
pearson,1,1,0.6666666666666666,0.6666666666666666,0.6666666666666666,0.042808130376924124,0.08644658210363432
cosine,1,2,0.7777777777777778,0.7777777777777778,0.7777777777777778,0.03926934768267761,0.06491123621644385
euclidean,1,2,0.5555555555555556,0.5555555555555556,0.5555555555555556,0.04010007986485043,0.06397036301515992
pearson,1,2,0.7777777777777778,0.7777777777777778,0.7777777777777778,0.04046219588662693,0.07142344665789511
cosine,1,3,0.7777777777777778,0.7777777777777778,0.7777777777777778,0.044649555617133574,0.0818427273668051
euclidean,1,3,0.5555555555555556,0.5555555555555556,0.5555555555555556,0.04747147100163198,0.0828452974752323
pearson,1,3,0.7777777777777778,0.7777777777777778,0.7777777777777778,0.041375344987372394,0.07382937764193735
cosine,1,4,0.6666666666666666,0.6666666666666666,0.6666666666666666,0.04555371367789908,0.0754596528930477
euclidean,1,4,0.5555555555555556,0.5555555555555556,0.5555555555555556,0.04640892982076351,0.07380799317453764
pearson,1,4,0.6666666666666666,0.6666666666666666,0.6666666666666666,0.04708576150998099,0.07963979214502567
cosine,1,5,0.7777777777777778,0.7777777777777778,0.7777777777777778,0.03213994801016882,0.061520002544496626
euclidean,1,5,0.5555555555555556,0.5555555555555556,0.5555555555555556,0.03742604710453535,0.06545646600543269
pearson,1,5,0.7777777777777778,0.7777777777777778,0.7777777777777778,0.030179144621779473,0.061135185733066436
cosine,1,6,0.4444444444444444,0.4444444444444444,0.4444444444444444,0.03970895221033598,0.09696518831637889
euclidean,1,6,0.2222222222222222,0.2222222222222222,0.2222222222222222,0.03686489897828528,0.09003937286564306
pearson,1,6,0.5555555555555556,0.5555555555555556,0.5555555555555556,0.036908279879095646,0.09786309754893777
cosine,1,7,0.7777777777777778,0.7777777777777778,0.7777777777777778,0.035521355826269925,0.06882621470480807
euclidean,1,7,0.6666666666666666,0.6666666666666666,0.6666666666666666,0.040302743551483375,0.06966319224453171
pearson,1,7,0.6666666666666666,0.6666666666666666,0.6666666666666666,0.034803329666700994,0.07053634079513627
cosine,1,8,0.5555555555555556,0.5555555555555556,0.5555555555555556,0.04303148296227186,0.1007419164823988
euclidean,1,8,0.5555555555555556,0.5555555555555556,0.5555555555555556,0.0425434897264835,0.10061710852554631
pearson,1,8,0.3333333333333333,0.3333333333333333,0.3333333333333333,0.04454663749787642,0.10106529338622153
cosine,1,9,0.6666666666666666,0.6666666666666666,0.6666666666666666,0.04540905446442546,0.08708037353810873
euclidean,1,9,0.2222222222222222,0.2222222222222222,0.2222222222222222,0.04904912279948552,0.08548170536700417
pearson,1,9,0.7777777777777778,0.7777777777777778,0.7777777777777778,0.04980501928241191,0.0959621759720184
