distance,k,i,precision,recall,mrr,mae,rmse
cosine,2,0,0.875,0.875,0.75,0.05691863726102731,0.11259227791899193
euclidean,2,0,0.625,0.625,0.75,0.05476633048113781,0.11193843289639267
pearson,2,0,0.875,0.875,0.75,0.050314587415158166,0.10269655656543242
cosine,2,1,0.625,0.625,0.75,0.04396299405656228,0.08789222083984684
euclidean,2,1,0.375,0.375,0.75,0.048644341096339354,0.09501168817365688
pearson,2,1,0.625,0.625,0.75,0.03765787871556664,0.0718368598468866
cosine,2,2,0.25,0.25,0.125,0.07396283850587464,0.13533338627366961
euclidean,2,2,0.25,0.25,0.0,0.07483024878092817,0.1361719452485422
pearson,2,2,0.25,0.25,0.125,0.07408170414902551,0.1351921116162459
cosine,2,3,0.75,0.75,1.0,0.051008585952349264,0.09073722731114615
euclidean,2,3,0.5,0.5,0.875,0.06565348987522503,0.10169221791750066
pearson,2,3,0.75,0.75,1.0,0.04734862454878498,0.08221007282311624
cosine,2,4,0.375,0.375,0.5,0.06857305762350281,0.10535184773134114
euclidean,2,4,0.375,0.375,0.5,0.07048705008303953,0.1090199623538578
pearson,2,4,0.375,0.375,0.5,0.06854704137626355,0.10645714093241862
cosine,2,5,0.5,0.5,1.0,0.052041481327249776,0.07216529330663568
euclidean,2,5,0.375,0.375,0.5,0.0604571543909445,0.08409420996183056
pearson,2,5,0.5,0.5,1.0,0.04755337413433721,0.08109496812637797
cosine,2,6,0.5,0.5,0.75,0.06137271204282969,0.09323931357494007
euclidean,2,6,0.5,0.5,0.75,0.057296742225296335,0.08087625846463993
pearson,2,6,0.625,0.625,0.75,0.06463131536049145,0.10273156782720347
cosine,2,7,0.75,0.75,0.75,0.056614658647140055,0.09448259664734766
euclidean,2,7,0.5,0.5,0.75,0.05415520462029343,0.09893335405517496
pearson,2,7,0.75,0.75,0.75,0.05638636780549786,0.08894011021087847
cosine,2,8,0.625,0.625,0.75,0.05121296714788191,0.09928819881155525
euclidean,2,8,0.5,0.5,0.75,0.0556633334302254,0.10937884968795823
pearson,2,8,0.75,0.75,0.75,0.05399076285612729,0.0928470502744274
cosine,2,9,0.875,0.875,1.0,0.03387125665119641,0.048875984581328906
euclidean,2,9,0.625,0.625,0.875,0.03441656036808083,0.051304543954727874
pearson,2,9,0.875,0.875,1.0,0.03449868941473044,0.04935812809430073
