distance,k,i,precision,recall,mrr,mae,rmse
cosine,3,0,0.7407407407407408,0.7407407407407408,0.7777777777777778,0.03755783535474122,0.0734635331764422
euclidean,3,0,0.4444444444444444,0.4444444444444444,0.6666666666666666,0.041100787232802576,0.07822569476391227
pearson,3,0,0.7037037037037037,0.7037037037037037,0.7777777777777778,0.03688694709934709,0.07695155415661019
cosine,3,1,0.7407407407407408,0.7407407407407408,0.7592592592592592,0.045991193743571995,0.09531458090651786
euclidean,3,1,0.4444444444444444,0.4444444444444444,0.6481481481481481,0.04963036824924124,0.10331337070282033
pearson,3,1,0.7037037037037037,0.7037037037037037,0.7222222222222222,0.047341812941558835,0.10080815468842431
cosine,3,2,0.6296296296296297,0.6296296296296297,0.7592592592592592,0.04924559742692029,0.10389308022388147
euclidean,3,2,0.5555555555555556,0.5555555555555556,0.7037037037037037,0.04786426071704354,0.1005112752228652
pearson,3,2,0.6666666666666666,0.6666666666666666,0.7222222222222222,0.04675058694092202,0.10538839199708167
cosine,3,3,0.6296296296296297,0.6296296296296297,0.7777777777777778,0.03666070527258958,0.09174100335877164
euclidean,3,3,0.5555555555555556,0.5555555555555556,0.7407407407407407,0.03807722407741125,0.08866219416162072
pearson,3,3,0.6666666666666666,0.6666666666666666,0.8333333333333334,0.03647312767266032,0.09142938544628212
cosine,3,4,0.6666666666666666,0.6666666666666666,0.7777777777777778,0.040734932148725235,0.07540999107047044
euclidean,3,4,0.5185185185185185,0.5185185185185185,0.6851851851851851,0.043179860291148675,0.07633438882255585
pearson,3,4,0.6666666666666666,0.6666666666666666,0.8148148148148148,0.03916983346613637,0.07130923800560135
cosine,3,5,0.6666666666666666,0.6666666666666666,0.8333333333333334,0.04260892940527244,0.09642357634855866
euclidean,3,5,0.5185185185185185,0.5185185185185185,0.7037037037037037,0.040634403169941394,0.0919953158674756
pearson,3,5,0.7037037037037037,0.7037037037037037,0.8333333333333334,0.040089929044414475,0.09622925640123943
cosine,3,6,0.5925925925925926,0.5925925925925926,0.6481481481481481,0.05216266803464336,0.09866858395586763
euclidean,3,6,0.48148148148148145,0.48148148148148145,0.4259259259259259,0.06044233443172249,0.10220971440159785
pearson,3,6,0.7777777777777778,0.7777777777777778,0.8148148148148148,0.038080281704281835,0.06653632376641697
cosine,3,7,0.5925925925925926,0.5925925925925926,0.5740740740740741,0.05389368057097796,0.09543714721050917
euclidean,3,7,0.48148148148148145,0.48148148148148145,0.35185185185185186,0.05327898097041657,0.09247787319121643
pearson,3,7,0.5555555555555556,0.5555555555555556,0.6111111111111112,0.05669084568968329,0.09880707936400297
cosine,3,8,0.5925925925925926,0.5925925925925926,0.7777777777777778,0.041711587241341,0.09862219345278957
euclidean,3,8,0.5555555555555556,0.5555555555555556,0.6851851851851851,0.04441467185252611,0.10099900943714558
pearson,3,8,0.6296296296296297,0.6296296296296297,0.7777777777777778,0.0424529900121047,0.09881460657711671
cosine,3,9,0.7037037037037037,0.7037037037037037,0.7407407407407407,0.033084713595692726,0.062094074162060364
euclidean,3,9,0.5925925925925926,0.5925925925925926,0.7962962962962963,0.0388427578216676,0.0656224680635199
pearson,3,9,0.7777777777777778,0.7777777777777778,0.7592592592592592,0.03132363818316843,0.0598195466267713
