distance,k,i,precision,recall,mrr,mae,rmse
cosine,1,0,0.5,0.5,0.5,0.07585930513562772,0.12141033741554048
euclidean,1,0,0.0,0.0,0.0,0.07263446224920538,0.12289137014629459
pearson,1,0,0.5,0.5,0.5,0.06760914547106657,0.1125825556620458
cosine,1,1,0.5,0.5,0.5,0.051396490630943925,0.10327599858211009
euclidean,1,1,0.5,0.5,0.5,0.05189701834751848,0.10254781039668409
pearson,1,1,0.5,0.5,0.5,0.05854256700458376,0.1067297117090156
cosine,1,2,0.75,0.75,0.75,0.06597727270336463,0.11561302164848009
euclidean,1,2,0.5,0.5,0.5,0.06826132300014752,0.10861356630877732
pearson,1,2,0.75,0.75,0.75,0.06894186192433813,0.1252406708103194
cosine,1,3,0.5,0.5,0.5,0.049455205054941456,0.09914447803509614
euclidean,1,3,0.25,0.25,0.25,0.04519942852015041,0.07334181946209074
pearson,1,3,0.5,0.5,0.5,0.054412066778515775,0.1002868679208179
cosine,1,4,0.5,0.5,0.5,0.06325708044000039,0.1225091669380571
euclidean,1,4,0.0,0.0,0.0,0.06384583744861072,0.12511343048428425
pearson,1,4,0.5,0.5,0.5,0.0589509986852798,0.11538042290329953
cosine,1,5,1.0,1.0,1.0,0.036273468027136116,0.05025193538156949
euclidean,1,5,0.0,0.0,0.0,0.04807526997275107,0.07067785727653922
pearson,1,5,1.0,1.0,1.0,0.03518378804693143,0.04785711058835743
cosine,1,6,0.5,0.5,0.5,0.06129137391387105,0.11644102293203452
euclidean,1,6,0.0,0.0,0.0,0.06088431164892875,0.11429244236549543
pearson,1,6,0.75,0.75,0.75,0.04180275777916489,0.05285970265655856
cosine,1,7,0.75,0.75,0.75,0.058557935773654195,0.10762195792164335
euclidean,1,7,0.5,0.5,0.5,0.04762004240198148,0.08130706464936124
pearson,1,7,1.0,1.0,1.0,0.051240690899283424,0.0690631493287417
cosine,1,8,0.75,0.75,0.75,0.030314174156750476,0.056501471274169573
euclidean,1,8,0.25,0.25,0.25,0.036412113743625824,0.0651351521394799
pearson,1,8,0.75,0.75,0.75,0.035536175974887285,0.05903953188435507
cosine,1,9,0.75,0.75,0.75,0.05847010152949049,0.09121396844707831
euclidean,1,9,0.5,0.5,0.5,0.049368119624674855,0.08025157745631324
pearson,1,9,1.0,1.0,1.0,0.054282632792708986,0.07440425740414451
