distance,k,i,precision,recall,mrr,mae,rmse
cosine,3,0,0.5714285714285714,0.5714285714285714,0.7857142857142857,0.044351664555935456,0.08033465117068089
euclidean,3,0,0.47619047619047616,0.47619047619047616,0.5,0.045572058556898526,0.07834679836262487
pearson,3,0,0.619047619047619,0.619047619047619,0.8571428571428571,0.03971707338269144,0.06896094943563365
cosine,3,1,0.5714285714285714,0.5714285714285714,0.6428571428571429,0.04659751791837595,0.1073085541459554
euclidean,3,1,0.5238095238095237,0.5238095238095237,0.6428571428571429,0.045590710860138745,0.10352246007378936
pearson,3,1,0.5714285714285714,0.5714285714285714,0.6428571428571429,0.04473246599061446,0.10685070932157846
cosine,3,2,0.619047619047619,0.619047619047619,0.7857142857142857,0.04995195962181249,0.1015184332687852
euclidean,3,2,0.42857142857142855,0.42857142857142855,0.6904761904761905,0.051452773753987234,0.09441886404005956
pearson,3,2,0.619047619047619,0.619047619047619,0.7142857142857143,0.046500894569554675,0.09514763344992265
cosine,3,3,0.5714285714285714,0.5714285714285714,0.7857142857142857,0.0460284067610206,0.08714859842296696
euclidean,3,3,0.4285714285714285,0.4285714285714285,0.7142857142857143,0.043355854785621956,0.07862506949846806
pearson,3,3,0.5714285714285714,0.5714285714285714,0.7142857142857143,0.04899654636513426,0.0927009702412077
cosine,3,4,0.6190476190476192,0.6190476190476192,0.7619047619047619,0.034778113143924635,0.07181623914465277
euclidean,3,4,0.5714285714285714,0.5714285714285714,0.7142857142857143,0.033449714830656736,0.06255353721081253
pearson,3,4,0.619047619047619,0.619047619047619,0.6190476190476192,0.041482272422519305,0.08332589933023804
cosine,3,5,0.6666666666666667,0.6666666666666667,0.7857142857142857,0.03951426696783561,0.072508505181329
euclidean,3,5,0.4285714285714285,0.4285714285714285,0.6904761904761906,0.04309892415716239,0.07516060180194202
pearson,3,5,0.619047619047619,0.619047619047619,0.7857142857142857,0.041437680642976905,0.0787118372011579
cosine,3,6,0.619047619047619,0.619047619047619,0.8571428571428571,0.0448892165307196,0.07746659240818914
euclidean,3,6,0.42857142857142855,0.42857142857142855,0.40476190476190477,0.05683306537534893,0.09961065861931435
pearson,3,6,0.5714285714285714,0.5714285714285714,0.7142857142857143,0.04651845399048337,0.0895290273249309
cosine,3,7,0.5714285714285714,0.5714285714285714,0.8571428571428571,0.03867227375026223,0.0700523728180893
euclidean,3,7,0.4285714285714285,0.4285714285714285,0.6904761904761906,0.04293023717444614,0.07490094929673058
pearson,3,7,0.7142857142857143,0.7142857142857143,0.8571428571428571,0.03513413268940837,0.06489263197842983
cosine,3,8,0.5714285714285714,0.5714285714285714,0.8571428571428571,0.03381584690993415,0.059874736085828356
euclidean,3,8,0.4285714285714285,0.4285714285714285,0.6904761904761906,0.04144214862178649,0.07305068356374733
pearson,3,8,0.5714285714285714,0.5714285714285714,0.7142857142857143,0.038628607401542524,0.073688471402656
cosine,3,9,0.5714285714285714,0.5714285714285714,0.7142857142857143,0.050090930265105776,0.11543625411787421
euclidean,3,9,0.47619047619047616,0.47619047619047616,0.6428571428571429,0.051351292356989806,0.11277057675932943
pearson,3,9,0.5238095238095237,0.5238095238095237,0.7142857142857143,0.04489980173857783,0.10726476519482883
