distance,k,i,precision,recall,mrr,mae,rmse
cosine,2,0,0.6111111111111112,0.6111111111111112,0.7777777777777778,0.03519086015312108,0.06608522215379137
euclidean,2,0,0.5,0.5,0.6111111111111112,0.03722098513986491,0.06705834334164196
pearson,2,0,0.6666666666666666,0.6666666666666666,0.8888888888888888,0.03771796154937624,0.07321526843530862
cosine,2,1,0.5555555555555556,0.5555555555555556,0.7777777777777778,0.036325999112545526,0.07102566380588626
euclidean,2,1,0.5555555555555556,0.5555555555555556,0.6666666666666666,0.04095306970867779,0.07416667757953321
pearson,2,1,0.5555555555555556,0.5555555555555556,0.7777777777777778,0.03780571918684324,0.07333265366285115
cosine,2,2,0.6666666666666666,0.6666666666666666,0.7222222222222222,0.05509136395890585,0.09359704624158342
euclidean,2,2,0.5,0.5,0.7222222222222222,0.0516948341093486,0.08432193723219171
pearson,2,2,0.6666666666666666,0.6666666666666666,0.7222222222222222,0.057390958128793246,0.09945672171170677
cosine,2,3,0.7777777777777778,0.7777777777777778,0.9444444444444444,0.032230248579062246,0.05681355676219643
euclidean,2,3,0.5555555555555556,0.5555555555555556,0.7222222222222222,0.037268476173838105,0.05789496993060527
pearson,2,3,0.7777777777777778,0.7777777777777778,0.9444444444444444,0.031297123381130346,0.05851700846918775
cosine,2,4,0.5555555555555556,0.5555555555555556,0.7777777777777778,0.044250250879887286,0.07333388304055584
euclidean,2,4,0.3888888888888889,0.3888888888888889,0.5555555555555556,0.048044166146163754,0.08282823235348988
pearson,2,4,0.6111111111111112,0.6111111111111112,0.7777777777777778,0.03454134524677073,0.05797891868192754
cosine,2,5,0.4444444444444444,0.4444444444444444,0.6666666666666666,0.047908115214665585,0.0832120056707182
euclidean,2,5,0.3333333333333333,0.3333333333333333,0.5,0.05423207175798391,0.0875292152761592
pearson,2,5,0.5,0.5,0.6111111111111112,0.042597061985687905,0.08338950551100485
cosine,2,6,0.6111111111111112,0.6111111111111112,0.7777777777777778,0.03953529012857284,0.0772532014314745
euclidean,2,6,0.6111111111111112,0.6111111111111112,0.6666666666666666,0.043789213997254564,0.08246793834138484
pearson,2,6,0.6666666666666666,0.6666666666666666,0.7777777777777778,0.03882338899102147,0.07904932942558782
cosine,2,7,0.7222222222222222,0.7222222222222222,0.7777777777777778,0.037808507787944985,0.06854863675715188
euclidean,2,7,0.6111111111111112,0.6111111111111112,0.6666666666666666,0.035849723980804264,0.059066305050282715
pearson,2,7,0.7777777777777778,0.7777777777777778,0.7777777777777778,0.0394409242432877,0.07624768464545728
cosine,2,8,0.5,0.5,0.6666666666666666,0.03895059730991872,0.08046092866897528
euclidean,2,8,0.5,0.5,0.6666666666666666,0.039859771200610905,0.0755277518632454
pearson,2,8,0.6111111111111112,0.6111111111111112,0.6666666666666666,0.04265467531811456,0.08804328357524287
cosine,2,9,0.5555555555555556,0.5555555555555556,0.6666666666666666,0.05132012373241681,0.10199793943783853
euclidean,2,9,0.4444444444444444,0.4444444444444444,0.3888888888888889,0.05251024851950705,0.09601667788341961
pearson,2,9,0.5555555555555556,0.5555555555555556,0.6666666666666666,0.05506966804733548,0.12391108927953706
