distance,k,i,precision,recall,mrr,mae,rmse
cosine,3,0,0.5925925925925926,0.5925925925925926,0.8333333333333334,0.03459300013264904,0.06354138419090824
euclidean,3,0,0.48148148148148145,0.48148148148148145,0.7407407407407407,0.038354031894779435,0.06852011985379343
pearson,3,0,0.5555555555555556,0.5555555555555556,0.6666666666666666,0.037256877966755024,0.07772373039833584
cosine,3,1,0.5925925925925926,0.5925925925925926,0.7777777777777778,0.0323397857513654,0.06420106977540771
euclidean,3,1,0.48148148148148145,0.48148148148148145,0.7037037037037037,0.038386598716852224,0.07422775691029163
pearson,3,1,0.6666666666666666,0.6666666666666666,0.8148148148148148,0.031977475536271595,0.06444305042685193
cosine,3,2,0.7037037037037037,0.7037037037037037,0.8888888888888888,0.027422471840969305,0.05293573334908959
euclidean,3,2,0.6296296296296297,0.6296296296296297,0.8148148148148148,0.027980783726098503,0.05110459356585998
pearson,3,2,0.7407407407407408,0.7407407407407408,0.8888888888888888,0.028317121847258896,0.05505894612530349
cosine,3,3,0.7037037037037037,0.7037037037037037,0.8333333333333334,0.03682076463241548,0.07320998766736532
euclidean,3,3,0.5555555555555556,0.5555555555555556,0.8333333333333334,0.0421761504654068,0.06986066303028345
pearson,3,3,0.7037037037037037,0.7037037037037037,0.7777777777777778,0.03749743414878785,0.07608344861189216
cosine,3,4,0.6296296296296297,0.6296296296296297,0.8333333333333334,0.03583978134695328,0.060708578433545254
euclidean,3,4,0.5555555555555556,0.5555555555555556,0.6851851851851851,0.03988647243034528,0.07255212258345019
pearson,3,4,0.7777777777777778,0.7777777777777778,0.8703703703703703,0.03195046177688036,0.05357224404543312
cosine,3,5,0.6666666666666666,0.6666666666666666,0.7592592592592592,0.033265895545160004,0.05932551314837859
euclidean,3,5,0.48148148148148145,0.48148148148148145,0.6111111111111112,0.043481700270099614,0.07226929462284191
pearson,3,5,0.7037037037037037,0.7037037037037037,0.8148148148148148,0.032337098108538645,0.05907589873723842
cosine,3,6,0.6666666666666666,0.6666666666666666,0.7222222222222222,0.03784227547847182,0.06809821745282903
euclidean,3,6,0.5555555555555556,0.5555555555555556,0.6111111111111112,0.04429168116092252,0.07588067045977702
pearson,3,6,0.7407407407407408,0.7407407407407408,0.7777777777777778,0.0373425545697365,0.06667927590247044
cosine,3,7,0.7037037037037037,0.7037037037037037,0.7592592592592592,0.031845256105986444,0.06789109331420935
euclidean,3,7,0.5555555555555556,0.5555555555555556,0.7592592592592592,0.03294760729530506,0.06824530674031586
pearson,3,7,0.7407407407407408,0.7407407407407408,0.7777777777777778,0.03243729522800809,0.06845891347255381
cosine,3,8,0.7037037037037037,0.7037037037037037,0.8148148148148148,0.039316566480016586,0.0781597315154773
euclidean,3,8,0.5185185185185186,0.5185185185185186,0.7037037037037037,0.034518661249363515,0.05688610561842298
pearson,3,8,0.7407407407407408,0.7407407407407408,0.8888888888888888,0.0408102380858208,0.0883693661321739
cosine,3,9,0.8148148148148148,0.8148148148148148,0.8888888888888888,0.025293624055156706,0.05439644438393619
euclidean,3,9,0.4444444444444444,0.4444444444444444,0.7592592592592592,0.033357127995470595,0.05793458427685756
pearson,3,9,0.8148148148148148,0.8148148148148148,0.7777777777777778,0.031109850287033614,0.07055913188515751
