distance,k,i,precision,recall,mrr,mae,rmse
cosine,2,0,0.5555555555555556,0.5555555555555556,0.7777777777777778,0.04264459855397922,0.09394960921412729
euclidean,2,0,0.5,0.5,0.6111111111111112,0.046520003011425344,0.09894678384915807
pearson,2,0,0.5,0.5,0.7777777777777778,0.04483030814731901,0.1016500369652239
cosine,2,1,0.6666666666666666,0.6666666666666666,0.6666666666666666,0.040272568322778944,0.10008111801507949
euclidean,2,1,0.6111111111111112,0.6111111111111112,0.7222222222222222,0.041366161988353606,0.09765738450873032
pearson,2,1,0.6666666666666666,0.6666666666666666,0.7222222222222222,0.04344995426151426,0.10210127085656379
cosine,2,2,0.7222222222222222,0.7222222222222222,0.8333333333333334,0.04158499693278946,0.09860468110721116
euclidean,2,2,0.5,0.5,0.6111111111111112,0.04117368812119168,0.096951012012066
pearson,2,2,0.7222222222222222,0.7222222222222222,0.8333333333333334,0.04098056998290775,0.09867246704292738
cosine,2,3,0.5555555555555556,0.5555555555555556,0.7222222222222222,0.03916383079618897,0.07028190150686407
euclidean,2,3,0.4444444444444444,0.4444444444444444,0.6111111111111112,0.039248102827307806,0.07039854299170213
pearson,2,3,0.6111111111111112,0.6111111111111112,0.7777777777777778,0.041485454721176165,0.07648225449587799
cosine,2,4,0.6666666666666666,0.6666666666666666,0.7222222222222222,0.036348573588825796,0.07786294157487975
euclidean,2,4,0.6111111111111112,0.6111111111111112,0.7222222222222222,0.03834159298359875,0.0687404904016302
pearson,2,4,0.6666666666666666,0.6666666666666666,0.7222222222222222,0.03469269188504673,0.07807185572467933
cosine,2,5,0.6666666666666666,0.6666666666666666,0.8333333333333334,0.04338219196393678,0.09816221669477654
euclidean,2,5,0.5,0.5,0.6111111111111112,0.04648960049343942,0.09843665040947448
pearson,2,5,0.6666666666666666,0.6666666666666666,0.8333333333333334,0.04533717808406802,0.10182090776246666
cosine,2,6,0.7777777777777778,0.7777777777777778,0.8333333333333334,0.041534699587658847,0.07370888896641924
euclidean,2,6,0.5,0.5,0.6666666666666666,0.04213787977184747,0.07116229725822512
pearson,2,6,0.6666666666666666,0.6666666666666666,0.7777777777777778,0.041549304383173814,0.08165980367742277
cosine,2,7,0.8333333333333334,0.8333333333333334,0.8888888888888888,0.03286983053697607,0.05806911260793175
euclidean,2,7,0.6111111111111112,0.6111111111111112,0.7222222222222222,0.03459227886912577,0.06036920680942739
pearson,2,7,0.8333333333333334,0.8333333333333334,0.8888888888888888,0.03256479506642556,0.059779945551575744
cosine,2,8,0.6666666666666666,0.6666666666666666,0.8333333333333334,0.045466240043949786,0.09626361319827721
euclidean,2,8,0.6111111111111112,0.6111111111111112,0.7222222222222222,0.043438128043988965,0.07308218388142301
pearson,2,8,0.7777777777777778,0.7777777777777778,0.9444444444444444,0.03716905983716702,0.0721333295216516
cosine,2,9,0.7222222222222222,0.7222222222222222,0.7777777777777778,0.034378936422466,0.09175204959732516
euclidean,2,9,0.5555555555555556,0.5555555555555556,0.6666666666666666,0.03836321453651633,0.09126202957331571
pearson,2,9,0.8333333333333334,0.8333333333333334,0.6666666666666666,0.03670772694870853,0.09838998035798958
