distance,k,i,precision,recall,mrr,mae,rmse
cosine,1,0,0.7142857142857143,0.7142857142857143,0.7142857142857143,0.042922097688036696,0.07811756341138008
euclidean,1,0,0.14285714285714285,0.14285714285714285,0.14285714285714285,0.04330304418854309,0.07615491908840796
pearson,1,0,0.7142857142857143,0.7142857142857143,0.7142857142857143,0.04592586929638831,0.07828342077652319
cosine,1,1,0.7142857142857143,0.7142857142857143,0.7142857142857143,0.03662143113052972,0.06993010939217417
euclidean,1,1,0.5714285714285714,0.5714285714285714,0.5714285714285714,0.03843920410201763,0.0686147824602432
pearson,1,1,0.7142857142857143,0.7142857142857143,0.7142857142857143,0.03697068204744712,0.07695057459828683
cosine,1,2,0.7142857142857143,0.7142857142857143,0.7142857142857143,0.038650736691496386,0.07348852922037809
euclidean,1,2,0.5714285714285714,0.5714285714285714,0.5714285714285714,0.03836068225441458,0.06945910496048667
pearson,1,2,0.7142857142857143,0.7142857142857143,0.7142857142857143,0.03980374791825385,0.077261165281464
cosine,1,3,0.42857142857142855,0.42857142857142855,0.42857142857142855,0.04506396538143992,0.08005790970962146
euclidean,1,3,0.14285714285714285,0.14285714285714285,0.14285714285714285,0.048630311691527234,0.08614033985810589
pearson,1,3,0.42857142857142855,0.42857142857142855,0.42857142857142855,0.04051753090660507,0.07726252601366575
cosine,1,4,0.8571428571428571,0.8571428571428571,0.8571428571428571,0.03785645241742595,0.06679507168610924
euclidean,1,4,0.5714285714285714,0.5714285714285714,0.5714285714285714,0.03743844106133751,0.07034671654944936
pearson,1,4,0.8571428571428571,0.8571428571428571,0.8571428571428571,0.037869905068081494,0.07053478213048484
cosine,1,5,0.42857142857142855,0.42857142857142855,0.42857142857142855,0.044641782229219204,0.06650052243988865
euclidean,1,5,0.42857142857142855,0.42857142857142855,0.42857142857142855,0.049307242104915945,0.07455079198058295
pearson,1,5,0.42857142857142855,0.42857142857142855,0.42857142857142855,0.0424720456951925,0.06744274757489117
cosine,1,6,0.5714285714285714,0.5714285714285714,0.5714285714285714,0.041953901308904744,0.10154343135242763
euclidean,1,6,0.5714285714285714,0.5714285714285714,0.5714285714285714,0.03997362044737092,0.10090020833880284
pearson,1,6,0.5714285714285714,0.5714285714285714,0.5714285714285714,0.04385670552348339,0.10424858522754453
cosine,1,7,0.7142857142857143,0.7142857142857143,0.7142857142857143,0.03995231293140128,0.10003177271460456
euclidean,1,7,0.7142857142857143,0.7142857142857143,0.7142857142857143,0.04436508809714836,0.10296066421536516
pearson,1,7,0.7142857142857143,0.7142857142857143,0.7142857142857143,0.038134560044677766,0.09954787366417021
cosine,1,8,0.5714285714285714,0.5714285714285714,0.5714285714285714,0.03983071407328606,0.10270523740406634
euclidean,1,8,0.5714285714285714,0.5714285714285714,0.5714285714285714,0.0420943650350229,0.10316265726026047
pearson,1,8,0.5714285714285714,0.5714285714285714,0.5714285714285714,0.04113398966891219,0.10352708382037294
cosine,1,9,0.5714285714285714,0.5714285714285714,0.5714285714285714,0.052046503496240876,0.08583704776198735
euclidean,1,9,0.14285714285714285,0.14285714285714285,0.14285714285714285,0.05195228096250089,0.08610581871962097
pearson,1,9,0.7142857142857143,0.7142857142857143,0.7142857142857143,0.046330558190121184,0.07965887792561349
